6.437e-01,8.354e-01,3.837e-01,7.768e-01,3.766e-01,2.429e-01,5.370e-02,9.742e-01,4.124e-01,6.370e-03,1.344e-01,6.620e-01,2.888e-01,3.331e-01,2.213e-01,6.779e-01,8.119e-01,8.568e-01,8.880e-01,6.268e-01,1.658e-01,5.608e-01,1.296e-01,2.940e-01,4.302e-01,6.113e-01,4.399e-01,8.338e-01,7.688e-01,2.938e-01,7.537e-01,5.577e-02,6.292e-01,1.499e-01,8.049e-01,7.131e-01,2.079e-01,4.924e-01,4.503e-01,5.116e-01,7.448e-01,8.011e-01,4.015e-01,4.622e-01,3.149e-01,3.077e-01,2.630e-01,6.516e-02,2.165e-01,2.732e-01,2.129e-02,8.689e-01,2.137e-02,7.006e-01,7.341e-01,9.047e-01,4.406e-01
6.297e-01,1.186e+00,1.150e+00,1.409e+00,1.025e+00,7.621e-01,1.033e+00,1.827e+00,7.276e-01,4.316e-01,1.563e-01,6.764e-01,7.972e-01,7.444e-01,8.165e-01,9.365e-01,1.574e+00,1.061e+00,1.410e+00,1.166e+00,1.113e+00,7.497e-01,3.420e-01,4.739e-01,4.372e-01,8.056e-01,5.911e-01,1.195e+00,1.330e+00,9.296e-01,1.531e+00,6.556e-01,1.192e+00,4.612e-01,1.092e+00,1.248e+00,8.367e-01,8.010e-01,1.198e+00,1.288e+00,1.625e+00,1.235e+00,7.826e-01,9.247e-01,5.565e-01,1.153e+00,9.001e-01,1.048e+00,9.451e-01,8.382e-01,8.861e-01,1.190e+00,1.175e-01,1.464e+00,1.442e+00,9.979e-01,1.028e+00
5.601e-01,7.321e-01,9.121e-01,9.371e-01,1.118e+00,8.264e-01,6.777e-01,8.927e-01,9.681e-01,4.213e-01,4.097e-01,7.185e-01,1.018e+00,3.961e-01,2.372e-01,9.044e-01,1.019e+00,7.629e-01,1.048e+00,1.277e+00,3.773e-01,7.051e-01,1.115e+00,7.708e-01,1.008e+00,9.563e-01,1.080e+00,9.205e-01,1.129e+00,7.702e-01,1.345e+00,6.305e-02,1.195e+00,5.574e-01,1.587e+00,1.283e+00,4.916e-01,1.113e+00,6.965e-01,9.591e-01,7.459e-01,9.505e-01,7.920e-01,1.208e+00,1.172e+00,1.238e+00,5.442e-01,6.030e-01,5.511e-01,6.196e-01,4.887e-01,1.171e+00,3.366e-01,8.882e-01,7.342e-01,1.629e+00,7.537e-01
2.443e-01,5.396e-01,9.867e-01,1.753e+00,1.865e+00,1.659e+00,1.806e+00,1.479e+00,1.524e+00,6.152e-01,6.331e-01,9.166e-01,1.181e+00,7.896e-01,5.705e-01,8.352e-01,1.962e+00,1.222e+00,9.588e-01,1.238e+00,1.766e+00,7.262e-01,9.974e-01,1.378e+00,1.039e+00,8.896e-01,1.318e+00,1.142e+00,1.537e+00,1.561e+00,2.139e+00,1.215e+00,1.497e+00,1.290e+00,1.674e+00,1.758e+00,1.549e+00,1.228e+00,1.002e+00,1.077e+00,1.370e+00,1.132e+00,1.657e+00,1.693e+00,1.164e+00,1.566e+00,1.212e+00,1.360e+00,9.905e-01,1.600e+00,1.408e+00,1.647e+00,4.350e-01,1.086e+00,1.437e+00,1.348e+00,1.445e+00
6.106e-01,8.881e-01,8.810e-01,1.051e+00,1.960e+00,1.592e+00,9.650e-01,1.449e+00,8.625e-01,1.113e+00,7.138e-01,1.582e+00,1.251e+00,1.033e+00,6.947e-01,1.318e+00,1.967e+00,1.139e+00,2.037e+00,1.824e+00,6.914e-01,1.379e+00,1.106e+00,1.476e+00,7.840e-01,1.814e+00,1.224e+00,1.274e+00,1.445e+00,1.182e+00,1.351e+00,7.376e-01,1.489e+00,1.185e+00,2.051e+00,1.463e+00,7.611e-01,1.655e+00,1.498e+00,1.806e+00,1.486e+00,1.553e+00,1.457e+00,1.776e+00,1.733e+00,2.009e+00,1.312e+00,9.781e-01,1.231e+00,1.577e+00,5.189e-01,1.362e+00,1.149e+00,1.834e+00,1.552e+00,1.445e+00,8.071e-01
5.193e-01,9.498e-01,9.663e-01,1.531e+00,2.053e+00,2.368e+00,2.057e+00,1.993e+00,1.034e+00,1.336e+00,8.573e-01,2.121e+00,1.182e+00,1.610e+00,1.793e+00,1.310e+00,2.532e+00,1.874e+00,2.414e+00,2.224e+00,2.366e+00,1.891e+00,1.713e+00,1.579e+00,1.507e+00,1.837e+00,1.886e+00,1.811e+00,1.987e+00,1.797e+00,2.726e+00,2.097e+00,2.183e+00,1.911e+00,2.723e+00,2.586e+00,1.620e+00,2.446e+00,2.235e+00,2.096e+00,2.781e+00,1.935e+00,2.123e+00,2.192e+00,1.931e+00,2.776e+00,1.579e+00,1.850e+00,1.773e+00,2.082e+00,1.288e+00,1.861e+00,1.045e+00,2.789e+00,2.191e+00,1.571e+00,1.704e+00
3.570e-01,6.390e-01,1.146e+00,1.148e+00,2.013e+00,2.123e+00,2.579e+00,1.836e+00,1.793e+00,2.036e+00,1.474e+00,1.649e+00,2.386e+00,1.762e+00,1.310e+00,1.920e+00,2.497e+00,1.955e+00,2.710e+00,2.458e+00,2.049e+00,2.087e+00,2.362e+00,2.245e+00,2.356e+00,2.251e+00,2.234e+00,1.984e+00,2.410e+00,2.280e+00,3.093e+00,1.821e+00,2.267e+00,1.695e+00,2.775e+00,2.642e+00,1.298e+00,2.881e+00,2.432e+00,2.285e+00,2.201e+00,2.501e+00,2.180e+00,3.066e+00,2.467e+00,2.885e+00,1.570e+00,2.248e+00,2.067e+00,2.218e+00,1.952e+00,1.677e+00,1.154e+00,3.186e+00,2.180e+00,2.428e+00,2.375e+00
2.477e-01,6.335e-01,8.893e-01,9.034e-01,1.323e+00,1.190e+00,1.398e+00,2.264e+00,9.651e-01,1.708e+00,1.464e+00,1.654e+00,1.643e+00,1.666e+00,1.701e+00,1.473e+00,2.227e+00,1.849e+00,2.326e+00,2.278e+00,1.347e+00,1.525e+00,1.471e+00,1.282e+00,1.124e+00,2.102e+00,1.614e+00,1.944e+00,1.341e+00,1.578e+00,1.706e+00,1.813e+00,1.284e+00,1.295e+00,1.962e+00,1.700e+00,1.021e+00,1.259e+00,2.092e+00,2.324e+00,1.933e+00,2.278e+00,1.407e+00,2.168e+00,1.719e+00,2.400e+00,1.415e+00,1.595e+00,1.302e+00,1.328e+00,1.710e+00,1.522e+00,1.127e+00,2.758e+00,2.194e+00,8.550e-01,1.718e+00
5.931e-01,8.654e-01,7.753e-01,1.017e+00,1.484e+00,1.639e+00,1.742e+00,2.519e+00,1.775e+00,2.617e+00,2.010e+00,3.272e+00,2.621e+00,2.690e+00,2.129e+00,2.328e+00,2.816e+00,3.292e+00,3.423e+00,3.137e+00,2.589e+00,2.539e+00,2.378e+00,2.137e+00,2.937e+00,3.042e+00,3.113e+00,2.684e+00,2.391e+00,2.534e+00,2.959e+00,2.559e+00,2.674e+00,2.292e+00,3.167e+00,2.932e+00,1.812e+00,2.651e+00,3.587e+00,2.815e+00,3.298e+00,3.888e+00,2.853e+00,3.210e+00,2.651e+00,2.956e+00,1.765e+00,2.282e+00,2.429e+00,2.241e+00,2.774e+00,2.592e+00,1.686e+00,3.744e+00,2.826e+00,2.835e+00,2.968e+00
5.239e-01,7.762e-01,6.469e-01,1.237e+00,1.289e+00,1.367e+00,1.324e+00,2.271e+00,1.353e+00,1.763e+00,1.624e+00,2.692e+00,1.906e+00,2.623e+00,1.714e+00,1.890e+00,3.055e+00,3.437e+00,3.032e+00,3.189e+00,1.713e+00,2.211e+00,2.154e+00,2.115e+00,1.873e+00,2.284e+00,2.415e+00,2.703e+00,2.171e+00,2.107e+00,3.059e+00,2.070e+00,1.798e+00,1.837e+00,3.181e+00,3.245e+00,1.949e+00,1.895e+00,3.038e+00,2.153e+00,3.089e+00,3.561e+00,2.680e+00,3.254e+00,2.287e+00,2.905e+00,2.222e+00,1.954e+00,1.890e+00,1.788e+00,1.861e+00,2.752e+00,1.397e+00,2.714e+00,2.577e+00,2.074e+00,2.715e+00
1.502e-01,4.351e-01,6.256e-01,1.451e+00,1.513e+00,1.959e+00,2.647e+00,2.073e+00,1.864e+00,2.052e+00,2.092e+00,3.029e+00,2.381e+00,3.170e+00,1.981e+00,2.304e+00,4.046e+00,4.100e+00,3.594e+00,2.609e+00,3.615e+00,2.900e+00,2.923e+00,3.093e+00,3.033e+00,1.981e+00,3.507e+00,3.065e+00,3.264e+00,3.710e+00,3.859e+00,3.417e+00,2.770e+00,2.868e+00,3.422e+00,4.107e+00,2.589e+00,3.258e+00,3.705e+00,2.494e+00,3.509e+00,3.833e+00,4.152e+00,4.288e+00,2.133e+00,2.784e+00,3.283e+00,3.636e+00,3.299e+00,3.137e+00,3.373e+00,2.666e+00,1.852e+00,3.704e+00,3.460e+00,3.073e+00,4.067e+00
4.431e-01,8.627e-01,1.074e+00,1.482e+00,1.436e+00,1.559e+00,2.313e+00,2.412e+00,1.783e+00,1.926e+00,1.596e+00,2.958e+00,2.861e+00,3.439e+00,2.239e+00,2.131e+00,3.565e+00,4.170e+00,3.461e+00,2.870e+00,3.200e+00,3.168e+00,2.646e+00,2.909e+00,3.288e+00,2.601e+00,2.741e+00,2.704e+00,3.551e+00,2.927e+00,4.026e+00,3.145e+00,2.448e+00,2.371e+00,3.399e+00,3.747e+00,2.385e+00,2.765e+00,4.082e+00,3.062e+00,3.917e+00,3.761e+00,2.875e+00,3.608e+00,2.232e+00,3.150e+00,2.533e+00,3.097e+00,2.800e+00,2.604e+00,2.819e+00,2.881e+00,2.009e+00,4.133e+00,3.267e+00,3.264e+00,3.637e+00
4.581e-01,7.286e-01,7.848e-01,1.774e+00,2.205e+00,2.530e+00,2.347e+00,2.286e+00,1.759e+00,1.742e+00,1.860e+00,3.428e+00,2.883e+00,3.839e+00,2.713e+00,2.021e+00,4.402e+00,4.195e+00,3.800e+00,2.927e+00,3.586e+00,3.871e+00,3.716e+00,3.748e+00,3.145e+00,2.982e+00,4.062e+00,3.529e+00,3.604e+00,3.065e+00,4.714e+00,4.164e+00,2.858e+00,3.749e+00,4.357e+00,4.627e+00,3.013e+00,3.481e+00,3.863e+00,3.690e+00,4.125e+00,3.355e+00,3.683e+00,3.806e+00,2.628e+00,4.065e+00,2.987e+00,3.666e+00,3.287e+00,3.205e+00,3.328e+00,3.189e+00,2.575e+00,4.359e+00,3.366e+00,3.756e+00,4.025e+00
9.205e-02,2.236e-01,5.282e-01,1.198e+00,2.247e+00,2.261e+00,2.277e+00,2.371e+00,2.026e+00,2.809e+00,2.542e+00,3.624e+00,3.471e+00,4.893e+00,2.473e+00,2.599e+00,5.223e+00,4.448e+00,4.680e+00,3.984e+00,3.814e+00,4.206e+00,3.602e+00,4.743e+00,3.730e+00,4.260e+00,4.020e+00,3.437e+00,4.144e+00,3.491e+00,4.873e+00,4.876e+00,3.225e+00,4.170e+00,3.943e+00,4.649e+00,2.953e+00,3.870e+00,5.132e+00,3.748e+00,4.752e+00,4.840e+00,4.204e+00,5.064e+00,3.211e+00,4.521e+00,3.399e+00,4.171e+00,3.467e+00,4.402e+00,4.128e+00,3.768e+00,3.906e+00,5.017e+00,4.362e+00,3.236e+00,4.239e+00
4.174e-01,8.095e-01,8.739e-01,1.042e+00,1.556e+00,1.626e+00,1.536e+00,1.691e+00,8.514e-01,1.623e+00,1.231e+00,2.879e+00,2.241e+00,3.706e+00,2.907e+00,2.748e+00,4.749e+00,4.095e+00,4.136e+00,3.448e+00,3.536e+00,4.384e+00,3.298e+00,3.604e+00,2.813e+00,2.587e+00,3.596e+00,3.310e+00,3.846e+00,2.856e+00,4.060e+00,3.197e+00,2.998e+00,2.914e+00,3.850e+00,4.570e+00,2.704e+00,4.082e+00,4.689e+00,3.616e+00,4.745e+00,4.086e+00,3.359e+00,4.634e+00,2.836e+00,4.303e+00,3.872e+00,4.324e+00,3.939e+00,3.334e+00,2.799e+00,2.755e+00,3.271e+00,4.866e+00,3.624e+00,3.867e+00,3.981e+00
1.227e-01,1.916e-01,3.273e-01,8.711e-01,1.643e+00,1.774e+00,1.669e+00,1.604e+00,1.591e+00,2.354e+00,1.761e+00,3.389e+00,2.736e+00,3.594e+00,2.005e+00,2.182e+00,3.890e+00,4.077e+00,3.729e+00,3.756e+00,3.124e+00,3.774e+00,3.480e+00,4.274e+00,3.341e+00,3.236e+00,3.832e+00,2.803e+00,2.961e+00,3.780e+00,4.054e+00,4.134e+00,2.460e+00,3.995e+00,4.235e+00,3.990e+00,2.978e+00,2.892e+00,4.976e+00,3.392e+00,4.092e+00,4.623e+00,4.565e+00,3.781e+00,3.438e+00,3.443e+00,2.947e+00,3.453e+00,3.153e+00,3.479e+00,3.256e+00,3.595e+00,3.393e+00,3.704e+00,2.796e+00,3.632e+00,4.346e+00
5.804e-02,2.987e-01,8.579e-01,1.006e+00,2.194e+00,2.260e+00,2.345e+00,1.714e+00,1.714e+00,2.779e+00,2.086e+00,3.927e+00,3.633e+00,5.064e+00,3.228e+00,3.175e+00,5.848e+00,6.055e+00,5.930e+00,4.703e+00,5.579e+00,5.632e+00,4.978e+00,5.783e+00,4.935e+00,4.555e+00,4.974e+00,4.302e+00,5.444e+00,4.672e+00,6.047e+00,5.055e+00,4.587e+00,4.556e+00,5.734e+00,5.857e+00,4.047e+00,5.793e+00,6.512e+00,4.879e+00,5.903e+00,5.573e+00,5.251e+00,6.767e+00,4.670e+00,5.680e+00,5.274e+00,5.894e+00,5.197e+00,5.378e+00,5.302e+00,3.803e+00,4.612e+00,6.017e+00,5.098e+00,5.795e+00,6.236e+00
4.780e-01,6.682e-01,8.595e-01,1.540e+00,2.025e+00,1.803e+00,1.555e+00,1.923e+00,1.873e+00,1.691e+00,1.515e+00,3.418e+00,2.652e+00,3.458e+00,2.362e+00,2.623e+00,4.450e+00,5.205e+00,4.622e+00,4.523e+00,4.552e+00,5.223e+00,4.003e+00,5.194e+00,4.519e+00,4.354e+00,4.181e+00,2.923e+00,4.237e+00,4.260e+00,4.519e+00,3.926e+00,3.618e+00,4.179e+00,5.120e+00,4.445e+00,3.884e+00,4.579e+00,5.039e+00,4.421e+00,4.534e+00,4.447e+00,3.822e+00,5.035e+00,3.652e+00,4.312e+00,3.401e+00,3.848e+00,3.530e+00,4.724e+00,4.012e+00,4.899e+00,4.075e+00,5.535e+00,3.878e+00,5.034e+00,4.123e+00
1.489e-01,4.460e-01,9.504e-01,1.391e+00,1.636e+00,1.499e+00,1.695e+00,1.841e+00,1.410e+00,1.243e+00,1.319e+00,2.026e+00,2.390e+00,3.344e+00,2.534e+00,2.231e+00,4.579e+00,4.315e+00,5.348e+00,4.806e+00,4.585e+00,5.733e+00,4.495e+00,5.663e+00,4.769e+00,4.378e+00,4.855e+00,4.121e+00,4.682e+00,4.988e+00,5.390e+00,5.342e+00,3.304e+00,5.174e+00,5.239e+00,4.930e+00,3.939e+00,4.874e+00,5.276e+00,5.294e+00,4.417e+00,4.215e+00,3.858e+00,5.055e+00,4.163e+00,4.531e+00,3.622e+00,5.262e+00,4.243e+00,4.528e+00,4.572e+00,4.786e+00,4.349e+00,6.221e+00,4.260e+00,4.434e+00,5.443e+00
3.906e-01,6.464e-01,7.950e-01,1.115e+00,1.388e+00,1.470e+00,1.952e+00,1.872e+00,1.729e+00,2.035e+00,1.777e+00,3.229e+00,3.305e+00,4.291e+00,2.433e+00,2.663e+00,4.531e+00,4.765e+00,4.919e+00,4.276e+00,4.773e+00,5.734e+00,4.238e+00,5.329e+00,5.055e+00,3.836e+00,4.972e+00,4.119e+00,5.368e+00,4.220e+00,5.508e+00,4.591e+00,3.805e+00,4.280e+00,5.207e+00,5.324e+00,3.812e+00,5.047e+00,6.219e+00,4.986e+00,5.539e+00,4.927e+00,4.540e+00,5.049e+00,3.539e+00,4.545e+00,4.121e+00,5.715e+00,4.795e+00,4.547e+00,4.292e+00,3.864e+00,4.358e+00,5.321e+00,4.827e+00,5.194e+00,5.209e+00
5.679e-01,9.859e-01,1.399e+00,1.997e+00,2.587e+00,2.766e+00,3.072e+00,2.542e+00,2.472e+00,2.536e+00,2.237e+00,4.443e+00,4.259e+00,5.726e+00,3.606e+00,3.699e+00,6.850e+00,6.927e+00,7.753e+00,6.424e+00,8.038e+00,8.352e+00,7.379e+00,8.289e+00,8.146e+00,6.198e+00,7.928e+00,5.712e+00,8.053e+00,6.965e+00,8.442e+00,7.999e+00,6.124e+00,7.943e+00,8.288e+00,8.402e+00,6.409e+00,8.316e+00,8.701e+00,8.179e+00,7.945e+00,6.865e+00,6.796e+00,8.221e+00,5.815e+00,7.451e+00,6.101e+00,8.205e+00,7.538e+00,7.397e+00,7.385e+00,7.155e+00,6.436e+00,9.022e+00,6.588e+00,8.528e+00,8.364e+00
5.076e-01,9.350e-01,1.313e+00,1.801e+00,2.772e+00,2.846e+00,2.490e+00,2.187e+00,1.615e+00,1.908e+00,1.614e+00,3.533e+00,2.612e+00,3.993e+00,3.003e+00,2.964e+00,5.771e+00,5.374e+00,6.871e+00,5.713e+00,6.324e+00,7.506e+00,6.411e+00,7.275e+00,7.222e+00,6.387e+00,6.628e+00,5.477e+00,7.024e+00,5.617e+00,6.902e+00,6.457e+00,5.980e+00,6.054e+00,7.583e+00,7.133e+00,4.704e+00,7.603e+00,7.183e+00,6.536e+00,6.987e+00,6.146e+00,5.483e+00,7.530e+00,6.268e+00,6.433e+00,5.597e+00,6.446e+00,5.669e+00,6.883e+00,5.274e+00,6.180e+00,5.866e+00,7.356e+00,6.194e+00,6.266e+00,6.987e+00
9.443e-02,2.761e-01,8.786e-01,7.548e-01,1.843e+00,1.594e+00,1.876e+00,1.511e+00,1.736e+00,2.568e+00,1.911e+00,3.193e+00,3.551e+00,4.364e+00,2.556e+00,3.260e+00,5.235e+00,5.430e+00,5.907e+00,5.111e+00,5.160e+00,6.621e+00,6.894e+00,7.305e+00,5.800e+00,6.136e+00,6.706e+00,4.869e+00,5.793e+00,5.563e+00,6.110e+00,5.555e+00,5.511e+00,5.726e+00,6.010e+00,6.367e+00,5.247e+00,6.376e+00,6.949e+00,6.246e+00,6.692e+00,7.160e+00,5.494e+00,7.242e+00,5.644e+00,6.193e+00,6.011e+00,6.721e+00,6.035e+00,5.982e+00,6.522e+00,5.825e+00,5.529e+00,6.720e+00,5.016e+00,6.523e+00,6.499e+00
2.030e-02,2.279e-01,7.891e-01,6.184e-01,1.801e+00,1.970e+00,2.132e+00,1.345e+00,1.351e+00,2.327e+00,1.495e+00,3.031e+00,3.336e+00,4.426e+00,3.305e+00,2.577e+00,4.603e+00,4.737e+00,5.953e+00,5.158e+00,7.079e+00,7.266e+00,5.944e+00,6.880e+00,6.923e+00,6.500e+00,7.161e+00,4.959e+00,6.617e+00,5.154e+00,7.317e+00,6.743e+00,5.457e+00,6.607e+00,6.293e+00,7.162e+00,6.129e+00,8.300e+00,7.957e+00,7.813e+00,7.540e+00,6.107e+00,5.335e+00,7.266e+00,5.563e+00,7.535e+00,5.711e+00,8.028e+00,7.808e+00,6.471e+00,6.470e+00,5.647e+00,6.420e+00,8.125e+00,5.649e+00,6.580e+00,6.305e+00
2.385e-02,3.482e-01,1.221e+00,8.807e-01,2.097e+00,2.289e+00,2.730e+00,1.923e+00,1.829e+00,3.002e+00,2.001e+00,3.789e+00,3.555e+00,4.539e+00,3.282e+00,2.876e+00,4.866e+00,5.059e+00,6.241e+00,5.587e+00,6.033e+00,6.247e+00,5.467e+00,6.125e+00,8.062e+00,6.999e+00,6.219e+00,5.411e+00,6.437e+00,5.796e+00,7.732e+00,6.550e+00,5.998e+00,6.448e+00,7.185e+00,6.917e+00,5.168e+00,7.396e+00,8.581e+00,6.966e+00,7.087e+00,6.554e+00,6.017e+00,7.474e+00,6.132e+00,6.431e+00,4.816e+00,7.396e+00,5.685e+00,6.503e+00,5.319e+00,5.857e+00,6.179e+00,7.900e+00,6.003e+00,5.647e+00,7.156e+00
4.221e-01,8.729e-01,1.141e+00,1.260e+00,1.874e+00,1.923e+00,2.440e+00,2.745e+00,1.689e+00,2.501e+00,2.039e+00,3.273e+00,3.513e+00,4.196e+00,3.029e+00,2.760e+00,4.644e+00,5.306e+00,6.245e+00,4.800e+00,4.696e+00,6.373e+00,6.043e+00,6.359e+00,5.559e+00,7.688e+00,7.011e+00,6.121e+00,5.664e+00,5.774e+00,6.653e+00,6.065e+00,5.358e+00,6.422e+00,6.299e+00,6.569e+00,5.194e+00,6.679e+00,6.861e+00,7.274e+00,6.445e+00,7.366e+00,5.840e+00,6.790e+00,5.930e+00,6.509e+00,5.672e+00,6.395e+00,5.930e+00,5.528e+00,6.659e+00,5.901e+00,5.666e+00,7.807e+00,5.527e+00,6.003e+00,5.828e+00
1.210e-01,3.009e-01,5.213e-01,1.021e+00,1.751e+00,2.100e+00,1.954e+00,1.973e+00,1.484e+00,2.266e+00,2.228e+00,3.948e+00,2.661e+00,3.830e+00,3.452e+00,2.703e+00,4.693e+00,5.369e+00,4.958e+00,4.544e+00,6.331e+00,6.071e+00,5.875e+00,5.941e+00,6.371e+00,6.669e+00,7.895e+00,5.861e+00,6.192e+00,5.692e+00,6.678e+00,6.421e+00,6.896e+00,6.743e+00,7.977e+00,6.608e+00,6.884e+00,7.485e+00,7.056e+00,7.883e+00,7.134e+00,6.447e+00,6.197e+00,7.126e+00,5.767e+00,7.595e+00,6.404e+00,7.279e+00,5.460e+00,6.751e+00,7.072e+00,5.862e+00,5.833e+00,7.493e+00,6.928e+00,6.582e+00,6.365e+00
4.338e-01,5.891e-01,3.899e-01,1.196e+00,1.631e+00,1.708e+00,1.385e+00,1.728e+00,1.346e+00,1.665e+00,1.607e+00,3.561e+00,2.815e+00,4.114e+00,2.515e+00,2.277e+00,4.600e+00,6.074e+00,6.051e+00,4.234e+00,5.019e+00,6.621e+00,6.020e+00,6.719e+00,6.263e+00,7.113e+00,7.250e+00,6.850e+00,6.855e+00,5.474e+00,6.948e+00,5.878e+00,6.930e+00,6.745e+00,8.401e+00,7.728e+00,7.078e+00,7.359e+00,7.140e+00,8.013e+00,6.986e+00,6.820e+00,6.638e+00,7.920e+00,6.456e+00,6.912e+00,6.966e+00,7.139e+00,6.691e+00,7.075e+00,7.560e+00,6.878e+00,5.538e+00,7.067e+00,5.947e+00,7.682e+00,7.399e+00
2.780e-01,5.208e-01,9.165e-01,1.088e+00,1.632e+00,1.431e+00,1.722e+00,1.691e+00,1.662e+00,2.014e+00,1.639e+00,3.170e+00,3.232e+00,4.628e+00,2.010e+00,2.392e+00,4.791e+00,5.653e+00,6.145e+00,5.401e+00,5.813e+00,6.561e+00,5.992e+00,7.194e+00,6.351e+00,6.849e+00,6.456e+00,5.070e+00,7.190e+00,6.696e+00,7.677e+00,6.002e+00,6.631e+00,6.909e+00,7.738e+00,7.707e+00,6.998e+00,7.687e+00,8.194e+00,8.105e+00,7.826e+00,6.739e+00,6.031e+00,7.668e+00,5.673e+00,6.947e+00,6.903e+00,8.020e+00,6.248e+00,7.667e+00,7.193e+00,7.158e+00,6.259e+00,7.067e+00,6.885e+00,7.178e+00,5.977e+00
4.037e-01,5.382e-01,6.673e-01,8.838e-01,1.649e+00,1.741e+00,1.796e+00,1.899e+00,1.601e+00,2.253e+00,1.955e+00,3.044e+00,3.177e+00,3.817e+00,2.771e+00,3.110e+00,4.680e+00,5.220e+00,5.290e+00,5.055e+00,4.729e+00,6.839e+00,6.930e+00,6.936e+00,6.389e+00,7.359e+00,8.062e+00,6.741e+00,6.848e+00,6.040e+00,8.074e+00,6.213e+00,7.929e+00,7.416e+00,9.520e+00,9.090e+00,8.334e+00,8.221e+00,8.810e+00,9.375e+00,8.711e+00,8.274e+00,6.790e+00,9.252e+00,8.299e+00,9.137e+00,7.641e+00,8.626e+00,6.603e+00,7.346e+00,7.960e+00,8.296e+00,6.889e+00,8.376e+00,6.835e+00,8.854e+00,8.169e+00
2.777e-01,3.724e-01,5.296e-01,9.897e-01,1.738e+00,1.554e+00,1.412e+00,2.048e+00,1.599e+00,1.993e+00,2.454e+00,3.191e+00,3.161e+00,4.422e+00,2.547e+00,2.839e+00,5.252e+00,5.282e+00,6.195e+00,4.668e+00,4.772e+00,6.171e+00,5.946e+00,6.624e+00,6.117e+00,7.626e+00,7.731e+00,6.345e+00,6.462e+00,6.217e+00,8.620e+00,7.443e+00,6.901e+00,7.795e+00,7.763e+00,8.592e+00,7.704e+00,8.563e+00,8.194e+00,9.360e+00,7.470e+00,7.723e+00,6.805e+00,9.498e+00,6.419e+00,8.419e+00,7.294e+00,8.689e+00,6.934e+00,7.515e+00,7.313e+00,8.174e+00,7.500e+00,9.294e+00,8.050e+00,7.451e+00,7.497e+00
4.024e-01,7.404e-01,1.035e+00,1.863e+00,2.544e+00,2.264e+00,2.236e+00,2.276e+00,2.071e+00,2.097e+00,1.962e+00,3.876e+00,3.246e+00,4.600e+00,2.675e+00,3.445e+00,6.368e+00,6.262e+00,6.351e+00,6.002e+00,6.358e+00,8.318e+00,7.280e+00,8.907e+00,6.359e+00,7.329e+00,8.430e+00,6.027e+00,7.729e+00,8.017e+00,8.472e+00,8.233e+00,8.488e+00,8.775e+00,9.828e+00,9.822e+00,9.139e+00,9.396e+00,1.054e+01,9.433e+00,9.552e+00,9.812e+00,8.968e+00,9.622e+00,8.339e+00,9.203e+00,9.109e+00,1.019e+01,7.932e+00,1.037e+01,8.541e+00,9.042e+00,8.898e+00,9.209e+00,8.666e+00,8.924e+00,8.265e+00
1.257e-01,4.803e-01,1.200e+00,1.096e+00,1.450e+00,1.340e+00,2.000e+00,2.197e+00,1.670e+00,2.140e+00,2.015e+00,2.560e+00,3.330e+00,4.256e+00,2.683e+00,2.476e+00,4.682e+00,4.625e+00,5.319e+00,4.720e+00,4.508e+00,5.107e+00,5.399e+00,5.411e+00,5.823e+00,7.045e+00,6.854e+00,6.117e+00,5.693e+00,5.768e+00,7.871e+00,6.881e+00,6.699e+00,8.594e+00,8.130e+00,8.927e+00,7.581e+00,8.145e+00,8.777e+00,8.234e+00,7.286e+00,8.362e+00,7.156e+00,8.907e+00,7.330e+00,8.541e+00,6.784e+00,8.708e+00,7.441e+00,7.826e+00,7.718e+00,7.627e+00,7.059e+00,8.410e+00,6.992e+00,7.043e+00,7.616e+00
3.927e-01,5.263e-01,3.139e-01,8.401e-01,1.412e+00,1.364e+00,1.374e+00,2.305e+00,1.438e+00,2.144e+00,2.602e+00,3.164e+00,2.533e+00,3.540e+00,1.958e+00,2.951e+00,4.697e+00,4.794e+00,5.561e+00,4.312e+00,3.554e+00,5.514e+00,4.833e+00,5.801e+00,5.126e+00,6.080e+00,5.852e+00,5.255e+00,5.480e+00,5.613e+00,6.007e+00,6.394e+00,6.386e+00,7.485e+00,9.060e+00,8.427e+00,7.607e+00,7.482e+00,8.146e+00,8.556e+00,6.685e+00,8.195e+00,7.260e+00,8.482e+00,6.940e+00,7.652e+00,6.500e+00,7.999e+00,5.883e+00,7.815e+00,6.538e+00,7.720e+00,6.890e+00,8.471e+00,7.726e+00,6.948e+00,7.726e+00
5.499e-01,1.077e+00,1.203e+00,1.450e+00,1.352e+00,1.434e+00,2.128e+00,2.551e+00,1.676e+00,2.156e+00,1.539e+00,3.123e+00,3.096e+00,4.506e+00,2.925e+00,2.977e+00,5.086e+00,5.727e+00,6.505e+00,5.877e+00,6.599e+00,7.558e+00,6.289e+00,7.129e+00,7.339e+00,7.276e+00,7.927e+00,6.426e+00,7.791e+00,6.827e+00,8.748e+00,7.264e+00,7.883e+00,7.741e+00,9.233e+00,1.040e+01,9.275e+00,1.002e+01,1.076e+01,1.034e+01,9.776e+00,9.643e+00,8.198e+00,8.883e+00,7.268e+00,9.367e+00,7.807e+00,9.700e+00,8.536e+00,9.054e+00,8.690e+00,9.285e+00,7.251e+00,9.158e+00,8.529e+00,8.621e+00,9.080e+00
5.471e-01,1.058e+00,1.307e+00,2.193e+00,2.065e+00,1.889e+00,2.399e+00,2.807e+00,2.325e+00,1.880e+00,1.732e+00,2.856e+00,2.646e+00,3.428e+00,2.182e+00,2.974e+00,5.258e+00,5.132e+00,6.219e+00,5.176e+00,6.358e+00,5.725e+00,4.958e+00,6.308e+00,6.795e+00,7.056e+00,8.038e+00,6.414e+00,7.351e+00,7.665e+00,8.989e+00,8.206e+00,8.211e+00,8.606e+00,8.785e+00,1.085e+01,9.461e+00,1.024e+01,1.035e+01,9.924e+00,9.297e+00,9.887e+00,9.176e+00,1.061e+01,8.974e+00,9.417e+00,8.860e+00,1.008e+01,8.448e+00,9.465e+00,9.325e+00,9.826e+00,7.655e+00,9.776e+00,9.686e+00,8.984e+00,1.036e+01
4.141e-01,8.905e-01,1.073e+00,1.767e+00,2.390e+00,2.124e+00,2.439e+00,3.143e+00,2.114e+00,2.725e+00,2.133e+00,3.128e+00,2.932e+00,3.710e+00,2.553e+00,3.374e+00,5.460e+00,4.929e+00,5.574e+00,5.269e+00,5.616e+00,5.575e+00,4.645e+00,6.171e+00,5.557e+00,7.436e+00,6.946e+00,5.983e+00,6.168e+00,6.423e+00,7.817e+00,6.860e+00,6.971e+00,8.086e+00,8.012e+00,9.730e+00,8.627e+00,8.837e+00,1.015e+01,9.640e+00,9.544e+00,1.005e+01,8.578e+00,1.024e+01,9.225e+00,9.293e+00,8.596e+00,9.748e+00,8.434e+00,8.677e+00,8.321e+00,9.018e+00,7.895e+00,8.869e+00,8.844e+00,7.633e+00,8.948e+00
5.950e-01,9.236e-01,9.071e-01,1.155e+00,1.606e+00,1.500e+00,1.299e+00,2.268e+00,1.333e+00,2.009e+00,1.788e+00,3.684e+00,3.115e+00,4.729e+00,3.353e+00,3.270e+00,5.676e+00,6.274e+00,7.055e+00,6.415e+00,6.016e+00,8.300e+00,6.950e+00,7.977e+00,7.682e+00,9.368e+00,8.682e+00,7.746e+00,7.541e+00,7.147e+00,9.689e+00,8.029e+00,8.409e+00,9.892e+00,1.078e+01,1.213e+01,1.031e+01,1.127e+01,1.266e+01,1.194e+01,1.201e+01,1.073e+01,9.945e+00,1.144e+01,1.082e+01,1.148e+01,9.821e+00,1.231e+01,9.588e+00,1.124e+01,8.844e+00,1.108e+01,1.059e+01,1.148e+01,1.038e+01,1.031e+01,1.094e+01
6.430e-01,9.265e-01,8.866e-01,1.189e+00,1.958e+00,2.012e+00,1.512e+00,2.002e+00,1.464e+00,2.148e+00,1.614e+00,3.699e+00,2.751e+00,4.149e+00,2.442e+00,2.375e+00,4.429e+00,4.824e+00,6.431e+00,5.310e+00,5.729e+00,6.215e+00,6.044e+00,6.370e+00,6.601e+00,8.059e+00,8.257e+00,6.434e+00,7.535e+00,6.471e+00,8.103e+00,7.090e+00,8.883e+00,9.510e+00,9.881e+00,1.118e+01,9.758e+00,1.048e+01,1.027e+01,1.146e+01,1.104e+01,1.050e+01,9.508e+00,1.046e+01,1.034e+01,1.062e+01,9.952e+00,1.055e+01,9.708e+00,1.076e+01,9.613e+00,1.103e+01,8.519e+00,1.013e+01,9.974e+00,1.093e+01,9.804e+00
6.287e-01,1.038e+00,8.747e-01,1.696e+00,1.996e+00,1.901e+00,1.861e+00,2.317e+00,1.742e+00,1.944e+00,1.732e+00,3.864e+00,3.069e+00,4.219e+00,2.819e+00,3.230e+00,5.716e+00,6.521e+00,7.246e+00,5.119e+00,6.266e+00,6.972e+00,6.020e+00,7.391e+00,6.757e+00,7.284e+00,8.002e+00,7.231e+00,8.095e+00,7.961e+00,8.980e+00,8.261e+00,9.212e+00,9.653e+00,1.087e+01,1.116e+01,1.065e+01,1.136e+01,1.222e+01,1.269e+01,1.144e+01,1.196e+01,1.063e+01,1.157e+01,1.256e+01,1.145e+01,1.133e+01,1.223e+01,1.080e+01,1.174e+01,1.105e+01,1.077e+01,9.223e+00,1.161e+01,1.257e+01,1.197e+01,1.332e+01
1.592e-01,5.579e-01,9.702e-01,1.744e+00,2.533e+00,2.479e+00,2.715e+00,2.598e+00,2.011e+00,2.427e+00,1.920e+00,3.093e+00,2.789e+00,3.826e+00,2.467e+00,2.620e+00,5.193e+00,4.951e+00,5.790e+00,5.183e+00,6.824e+00,6.699e+00,5.447e+00,7.083e+00,6.909e+00,6.854e+00,7.086e+00,5.549e+00,6.994e+00,5.924e+00,7.956e+00,7.812e+00,7.517e+00,7.786e+00,8.825e+00,9.284e+00,9.149e+00,9.620e+00,1.061e+01,1.088e+01,1.119e+01,1.027e+01,8.982e+00,1.101e+01,1.023e+01,1.077e+01,8.832e+00,1.087e+01,8.881e+00,1.234e+01,9.497e+00,1.080e+01,1.004e+01,1.099e+01,1.238e+01,9.902e+00,1.171e+01
5.335e-01,7.774e-01,7.416e-01,1.145e+00,1.516e+00,1.546e+00,1.197e+00,2.035e+00,1.391e+00,2.016e+00,2.040e+00,3.928e+00,2.692e+00,3.924e+00,2.875e+00,2.866e+00,4.766e+00,5.567e+00,5.564e+00,5.020e+00,4.949e+00,6.288e+00,5.669e+00,5.713e+00,5.752e+00,6.645e+00,7.820e+00,6.628e+00,6.091e+00,5.554e+00,7.510e+00,6.642e+00,8.264e+00,8.611e+00,1.016e+01,1.068e+01,9.546e+00,9.981e+00,1.108e+01,1.028e+01,1.013e+01,1.103e+01,1.052e+01,1.147e+01,1.123e+01,1.153e+01,9.716e+00,1.122e+01,9.873e+00,1.022e+01,9.669e+00,1.084e+01,1.041e+01,1.001e+01,1.054e+01,1.160e+01,1.162e+01
4.896e-01,8.257e-01,9.469e-01,1.460e+00,1.683e+00,1.892e+00,1.782e+00,2.398e+00,1.671e+00,2.067e+00,1.738e+00,3.694e+00,2.370e+00,3.527e+00,3.243e+00,2.704e+00,4.417e+00,5.302e+00,4.911e+00,5.148e+00,6.329e+00,5.624e+00,4.989e+00,5.183e+00,6.465e+00,6.602e+00,6.445e+00,5.204e+00,5.967e+00,5.678e+00,8.378e+00,6.973e+00,7.838e+00,8.028e+00,9.139e+00,1.057e+01,9.640e+00,9.840e+00,1.119e+01,1.023e+01,1.159e+01,9.809e+00,9.337e+00,1.184e+01,1.109e+01,1.142e+01,9.890e+00,1.155e+01,9.453e+00,1.188e+01,8.575e+00,1.147e+01,1.062e+01,1.213e+01,1.168e+01,1.080e+01,1.147e+01
1.787e-01,3.079e-01,5.109e-01,5.653e-01,1.073e+00,1.143e+00,1.435e+00,1.808e+00,1.533e+00,2.423e+00,2.088e+00,3.625e+00,3.314e+00,4.217e+00,2.950e+00,2.839e+00,4.372e+00,5.400e+00,5.097e+00,4.842e+00,4.972e+00,6.426e+00,5.755e+00,6.243e+00,5.772e+00,6.757e+00,7.567e+00,5.484e+00,5.569e+00,5.822e+00,7.097e+00,7.401e+00,7.012e+00,9.119e+00,9.449e+00,9.915e+00,9.390e+00,9.153e+00,1.145e+01,1.061e+01,1.019e+01,1.221e+01,1.101e+01,1.103e+01,1.261e+01,1.161e+01,1.052e+01,1.085e+01,1.059e+01,1.111e+01,1.024e+01,1.131e+01,1.147e+01,1.208e+01,1.137e+01,1.226e+01,1.249e+01
4.811e-01,6.921e-01,6.634e-01,1.328e+00,1.731e+00,1.614e+00,1.378e+00,2.028e+00,1.548e+00,1.722e+00,1.954e+00,3.363e+00,2.745e+00,3.868e+00,2.616e+00,2.980e+00,5.158e+00,5.209e+00,5.838e+00,4.654e+00,4.775e+00,6.601e+00,6.424e+00,6.739e+00,6.366e+00,7.378e+00,8.824e+00,7.008e+00,6.517e+00,6.718e+00,7.497e+00,7.171e+00,7.203e+00,8.758e+00,8.732e+00,1.044e+01,8.953e+00,9.851e+00,1.064e+01,1.112e+01,1.106e+01,1.133e+01,1.002e+01,1.158e+01,1.254e+01,1.113e+01,1.153e+01,1.190e+01,1.171e+01,1.238e+01,1.074e+01,1.247e+01,1.026e+01,1.258e+01,1.223e+01,1.149e+01,1.256e+01
5.093e-02,2.765e-01,9.017e-01,8.259e-01,1.252e+00,1.280e+00,2.131e+00,1.405e+00,1.816e+00,2.305e+00,1.371e+00,2.827e+00,3.608e+00,4.319e+00,2.157e+00,2.075e+00,3.718e+00,4.621e+00,4.376e+00,4.239e+00,4.876e+00,5.098e+00,4.665e+00,5.354e+00,4.935e+00,5.148e+00,6.605e+00,4.896e+00,6.406e+00,5.641e+00,7.356e+00,6.414e+00,7.214e+00,7.853e+00,8.936e+00,1.043e+01,1.015e+01,8.727e+00,1.042e+01,1.016e+01,9.465e+00,1.024e+01,9.933e+00,1.034e+01,1.120e+01,1.216e+01,1.067e+01,1.234e+01,1.087e+01,9.978e+00,1.076e+01,9.803e+00,9.278e+00,1.064e+01,1.093e+01,1.188e+01,1.260e+01
5.622e-01,8.214e-01,6.589e-01,1.596e+00,1.550e+00,1.649e+00,1.944e+00,2.202e+00,2.015e+00,1.955e+00,1.720e+00,3.571e+00,2.741e+00,3.804e+00,2.077e+00,2.763e+00,4.645e+00,6.001e+00,6.053e+00,5.062e+00,5.743e+00,6.672e+00,5.174e+00,6.737e+00,6.897e+00,6.534e+00,6.951e+00,5.792e+00,6.696e+00,6.621e+00,8.356e+00,6.840e+00,7.337e+00,7.359e+00,8.977e+00,1.009e+01,8.957e+00,9.349e+00,1.049e+01,9.263e+00,1.054e+01,1.038e+01,9.091e+00,1.144e+01,1.078e+01,9.951e+00,1.091e+01,1.180e+01,1.126e+01,1.291e+01,9.886e+00,1.194e+01,1.015e+01,1.239e+01,1.215e+01,1.124e+01,1.319e+01
2.055e-01,5.800e-01,1.257e+00,1.352e+00,2.315e+00,2.431e+00,2.894e+00,2.502e+00,1.920e+00,2.760e+00,2.479e+00,3.628e+00,3.869e+00,5.162e+00,3.085e+00,3.010e+00,5.756e+00,5.238e+00,6.510e+00,5.791e+00,5.349e+00,7.136e+00,6.990e+00,7.350e+00,6.975e+00,7.231e+00,8.389e+00,7.004e+00,7.999e+00,7.025e+00,9.332e+00,8.006e+00,8.208e+00,9.019e+00,1.055e+01,1.131e+01,9.624e+00,1.044e+01,1.115e+01,1.244e+01,1.078e+01,1.139e+01,1.069e+01,1.151e+01,1.191e+01,1.276e+01,1.136e+01,1.458e+01,1.247e+01,1.213e+01,1.063e+01,1.168e+01,1.076e+01,1.215e+01,1.371e+01,1.191e+01,1.447e+01
6.425e-01,1.191e+00,1.331e+00,1.618e+00,1.684e+00,1.523e+00,2.248e+00,2.679e+00,2.019e+00,2.331e+00,1.695e+00,3.193e+00,3.443e+00,4.479e+00,2.615e+00,3.379e+00,5.475e+00,5.219e+00,6.082e+00,4.894e+00,5.014e+00,5.995e+00,4.574e+00,5.818e+00,6.187e+00,6.068e+00,6.134e+00,5.755e+00,6.600e+00,6.660e+00,8.366e+00,7.062e+00,7.337e+00,8.053e+00,8.508e+00,1.087e+01,8.717e+00,9.546e+00,1.232e+01,1.063e+01,1.164e+01,1.092e+01,1.006e+01,1.165e+01,1.184e+01,1.106e+01,1.053e+01,1.353e+01,1.190e+01,1.409e+01,1.111e+01,1.182e+01,1.105e+01,1.410e+01,1.362e+01,1.190e+01,1.495e+01
3.593e-01,5.950e-01,5.324e-01,7.732e-01,1.096e+00,1.104e+00,1.113e+00,1.443e+00,8.287e-01,1.274e+00,1.233e+00,2.201e+00,1.755e+00,2.699e+00,2.138e+00,2.470e+00,3.885e+00,4.041e+00,4.960e+00,4.022e+00,3.934e+00,5.295e+00,4.371e+00,5.154e+00,4.889e+00,5.873e+00,6.409e+00,5.768e+00,5.747e+00,5.664e+00,7.135e+00,5.824e+00,6.863e+00,7.369e+00,8.228e+00,9.360e+00,8.822e+00,9.524e+00,9.729e+00,1.097e+01,9.699e+00,9.236e+00,8.676e+00,1.055e+01,1.113e+01,1.104e+01,1.043e+01,1.254e+01,1.074e+01,1.141e+01,9.637e+00,1.039e+01,1.011e+01,1.178e+01,1.310e+01,1.049e+01,1.319e+01
5.994e-01,1.060e+00,1.171e+00,1.680e+00,2.217e+00,2.147e+00,2.174e+00,3.096e+00,2.014e+00,2.778e+00,2.388e+00,4.470e+00,3.490e+00,5.104e+00,3.213e+00,3.237e+00,5.779e+00,5.965e+00,6.453e+00,5.678e+00,5.679e+00,6.763e+00,6.347e+00,6.828e+00,6.395e+00,7.568e+00,7.821e+00,6.051e+00,7.074e+00,6.840e+00,7.978e+00,7.828e+00,8.190e+00,8.397e+00,9.593e+00,1.054e+01,9.395e+00,9.595e+00,1.175e+01,1.144e+01,1.248e+01,1.239e+01,1.033e+01,1.139e+01,1.260e+01,1.259e+01,1.160e+01,1.304e+01,1.172e+01,1.454e+01,1.295e+01,1.408e+01,1.246e+01,1.443e+01,1.485e+01,1.180e+01,1.466e+01
7.217e-02,2.134e-01,5.942e-01,7.735e-01,1.153e+00,1.325e+00,1.749e+00,1.464e+00,1.502e+00,1.808e+00,1.865e+00,3.009e+00,2.728e+00,3.365e+00,2.730e+00,2.549e+00,4.029e+00,4.935e+00,5.152e+00,4.105e+00,5.122e+00,5.829e+00,5.533e+00,5.812e+00,5.860e+00,5.895e+00,7.184e+00,5.517e+00,6.116e+00,6.591e+00,7.094e+00,6.554e+00,7.295e+00,8.387e+00,8.846e+00,9.824e+00,9.154e+00,9.781e+00,9.565e+00,1.129e+01,9.435e+00,9.917e+00,9.607e+00,1.031e+01,1.079e+01,1.022e+01,9.944e+00,1.225e+01,1.037e+01,1.091e+01,1.092e+01,1.118e+01,1.065e+01,1.155e+01,1.261e+01,1.236e+01,1.339e+01
4.478e-01,5.865e-01,6.416e-01,1.607e+00,2.008e+00,1.878e+00,1.467e+00,1.723e+00,1.731e+00,1.362e+00,1.818e+00,3.500e+00,2.636e+00,3.643e+00,1.982e+00,2.354e+00,4.854e+00,5.201e+00,5.322e+00,4.561e+00,5.273e+00,6.814e+00,6.385e+00,7.265e+00,6.514e+00,6.842e+00,7.864e+00,6.199e+00,6.872e+00,6.300e+00,8.069e+00,7.509e+00,8.048e+00,9.642e+00,1.049e+01,1.153e+01,1.025e+01,1.003e+01,1.122e+01,1.225e+01,1.066e+01,1.063e+01,1.142e+01,1.146e+01,1.203e+01,1.157e+01,1.085e+01,1.371e+01,1.210e+01,1.324e+01,1.145e+01,1.279e+01,1.238e+01,1.183e+01,1.351e+01,1.326e+01,1.592e+01
3.224e-01,4.591e-01,4.196e-01,9.264e-01,1.571e+00,1.769e+00,1.307e+00,1.248e+00,9.240e-01,1.265e+00,1.100e+00,2.695e+00,1.484e+00,2.822e+00,2.087e+00,1.938e+00,3.689e+00,3.704e+00,4.307e+00,3.737e+00,4.452e+00,5.286e+00,4.133e+00,5.077e+00,6.103e+00,6.902e+00,6.719e+00,5.989e+00,6.492e+00,4.604e+00,7.286e+00,5.883e+00,7.922e+00,7.427e+00,8.871e+00,9.459e+00,8.539e+00,9.528e+00,9.610e+00,1.002e+01,1.051e+01,9.496e+00,9.351e+00,1.107e+01,1.225e+01,1.154e+01,1.077e+01,1.269e+01,1.130e+01,1.402e+01,1.082e+01,1.206e+01,1.189e+01,1.422e+01,1.486e+01,1.291e+01,1.517e+01
5.110e-01,7.501e-01,9.398e-01,1.757e+00,2.591e+00,2.282e+00,2.408e+00,2.414e+00,2.499e+00,2.500e+00,2.392e+00,3.455e+00,3.395e+00,3.904e+00,1.902e+00,3.705e+00,5.885e+00,5.301e+00,6.135e+00,5.490e+00,5.755e+00,6.454e+00,5.780e+00,7.437e+00,6.779e+00,6.692e+00,7.760e+00,6.164e+00,7.411e+00,7.493e+00,8.285e+00,7.504e+00,8.278e+00,1.029e+01,1.069e+01,1.086e+01,1.022e+01,1.056e+01,1.150e+01,1.161e+01,1.075e+01,1.173e+01,1.112e+01,1.314e+01,1.302e+01,1.192e+01,1.183e+01,1.296e+01,1.218e+01,1.481e+01,1.217e+01,1.354e+01,1.273e+01,1.423e+01,1.517e+01,1.430e+01,1.598e+01
1.303e-01,2.389e-01,4.104e-01,4.029e-01,5.713e-01,8.448e-01,1.365e+00,1.521e+00,1.168e+00,1.964e+00,1.697e+00,2.867e+00,2.836e+00,4.103e+00,2.726e+00,2.430e+00,4.033e+00,5.363e+00,5.219e+00,4.806e+00,5.201e+00,6.150e+00,6.078e+00,6.195e+00,6.424e+00,6.441e+00,6.834e+00,5.599e+00,6.287e+00,5.047e+00,7.640e+00,6.888e+00,6.341e+00,7.827e+00,8.635e+00,1.027e+01,8.799e+00,9.064e+00,1.051e+01,1.082e+01,1.128e+01,1.119e+01,9.244e+00,1.163e+01,1.257e+01,1.180e+01,1.034e+01,1.216e+01,1.078e+01,1.062e+01,1.104e+01,1.187e+01,1.126e+01,1.332e+01,1.279e+01,1.350e+01,1.585e+01
3.110e-01,6.661e-01,1.043e+00,1.070e+00,1.777e+00,2.006e+00,2.435e+00,1.883e+00,1.532e+00,2.328e+00,1.729e+00,3.367e+00,3.433e+00,5.042e+00,3.026e+00,3.103e+00,5.795e+00,6.331e+00,7.800e+00,6.111e+00,6.472e+00,8.334e+00,7.654e+00,8.470e+00,7.980e+00,8.442e+00,8.410e+00,7.320e+00,8.471e+00,7.180e+00,9.725e+00,8.919e+00,8.562e+00,9.554e+00,1.027e+01,1.152e+01,9.503e+00,1.151e+01,1.249e+01,1.246e+01,1.184e+01,1.229e+01,1.125e+01,1.360e+01,1.402e+01,1.268e+01,1.243e+01,1.430e+01,1.369e+01,1.466e+01,1.359e+01,1.269e+01,1.340e+01,1.628e+01,1.578e+01,1.439e+01,1.892e+01
