9.152e-01,5.285e-01,4.943e-01,5.610e-02,1.570e-01,7.039e-01,2.571e-01,1.874e-02,2.104e-01,6.498e-01,1.731e-01,1.736e-01,5.368e-01,9.036e-01,2.147e-01,5.309e-01,1.881e-01,1.324e-03,2.962e-01,3.493e-01,3.863e-02,4.151e-01,5.645e-01,7.242e-01,5.393e-01,8.658e-01,2.722e-01,7.283e-01,6.081e-01,3.518e-01,8.394e-01,5.176e-01,5.117e-01,6.142e-01,9.081e-01,2.236e-01,5.811e-01,3.248e-01,8.856e-01,4.454e-01,3.947e-01,9.115e-01,8.205e-01,7.373e-01,3.186e-01,4.971e-02,4.927e-01,2.884e-01,6.177e-01,7.548e-02,5.088e-01,8.331e-01,2.009e-01,3.749e-01,4.771e-01
7.237e-01,6.550e-01,7.025e-01,8.480e-01,3.957e-01,1.192e+00,4.912e-01,5.593e-02,4.787e-01,5.479e-01,7.347e-01,8.702e-01,4.490e-01,1.144e+00,9.341e-01,4.758e-01,7.092e-01,6.367e-01,4.990e-01,3.233e-01,6.150e-01,4.021e-01,7.083e-01,1.218e+00,7.385e-01,1.526e+00,4.764e-01,1.144e+00,1.238e+00,1.025e+00,6.847e-01,1.159e+00,1.207e+00,1.265e+00,1.289e+00,9.216e-01,7.940e-01,1.120e+00,9.149e-01,5.040e-01,7.998e-01,1.451e+00,9.972e-01,1.541e+00,1.106e+00,3.295e-01,1.306e+00,1.124e+00,6.334e-01,9.121e-01,1.400e+00,1.038e+00,3.991e-01,5.862e-01,1.088e+00
4.144e-01,4.329e-01,7.102e-01,9.604e-01,1.078e+00,1.785e+00,8.500e-01,5.916e-01,4.932e-01,1.044e+00,1.374e+00,1.292e+00,6.148e-01,1.156e+00,9.082e-01,1.121e+00,6.202e-01,5.751e-01,1.099e+00,4.670e-01,1.401e+00,4.383e-01,6.928e-01,1.794e+00,1.452e+00,1.267e+00,7.281e-01,1.769e+00,1.401e+00,1.338e+00,8.609e-01,1.615e+00,1.450e+00,1.782e+00,1.101e+00,1.317e+00,9.159e-01,1.017e+00,1.553e+00,9.159e-01,1.211e+00,1.888e+00,1.221e+00,2.035e+00,1.736e+00,6.009e-01,1.687e+00,1.130e+00,1.060e+00,1.309e+00,1.448e+00,1.605e+00,1.107e+00,1.305e+00,1.469e+00
8.907e-01,6.595e-01,8.605e-01,1.260e+00,1.900e+00,2.585e+00,8.604e-01,1.401e+00,1.424e+00,2.008e+00,1.816e+00,1.791e+00,1.440e+00,1.691e+00,1.574e+00,1.481e+00,1.216e+00,1.309e+00,1.977e+00,1.369e+00,2.071e+00,1.190e+00,1.550e+00,2.662e+00,2.338e+00,1.889e+00,1.725e+00,2.236e+00,1.602e+00,1.925e+00,1.464e+00,1.612e+00,1.565e+00,2.459e+00,1.555e+00,1.550e+00,1.201e+00,1.967e+00,2.471e+00,1.568e+00,1.463e+00,2.237e+00,1.667e+00,2.684e+00,1.879e+00,1.189e+00,2.364e+00,1.489e+00,2.020e+00,1.471e+00,1.612e+00,2.216e+00,1.728e+00,2.138e+00,1.765e+00
3.862e-01,3.319e-01,4.290e-01,7.170e-01,1.819e+00,2.148e+00,1.238e+00,8.175e-01,1.690e+00,1.158e+00,1.127e+00,1.207e+00,1.578e+00,1.570e+00,9.807e-01,1.170e+00,1.241e+00,1.068e+00,1.847e+00,1.105e+00,1.999e+00,1.471e+00,1.532e+00,1.776e+00,1.238e+00,1.505e+00,1.587e+00,1.561e+00,1.729e+00,1.514e+00,1.025e+00,1.667e+00,1.477e+00,2.070e+00,1.443e+00,1.247e+00,9.405e-01,1.450e+00,2.117e+00,1.357e+00,1.289e+00,1.350e+00,1.646e+00,1.457e+00,1.061e+00,8.059e-01,1.550e+00,1.786e+00,1.508e+00,1.668e+00,1.069e+00,1.481e+00,9.371e-01,1.395e+00,1.560e+00
4.207e-02,1.880e-01,4.499e-01,1.228e+00,2.409e+00,3.598e+00,1.335e+00,2.089e+00,2.243e+00,1.845e+00,2.043e+00,2.778e+00,2.276e+00,1.816e+00,1.620e+00,1.924e+00,2.332e+00,1.776e+00,2.577e+00,1.832e+00,3.685e+00,1.900e+00,2.258e+00,2.858e+00,2.939e+00,2.233e+00,2.923e+00,2.020e+00,2.190e+00,2.156e+00,1.159e+00,2.873e+00,2.409e+00,3.326e+00,2.159e+00,2.623e+00,1.282e+00,2.176e+00,2.760e+00,2.293e+00,1.775e+00,2.535e+00,2.496e+00,3.100e+00,2.115e+00,1.573e+00,3.069e+00,2.671e+00,2.448e+00,2.917e+00,1.990e+00,2.235e+00,1.662e+00,2.544e+00,2.361e+00
7.364e-01,4.606e-01,5.417e-01,4.683e-01,1.739e+00,2.670e+00,1.679e+00,1.874e+00,2.393e+00,2.027e+00,1.338e+00,2.181e+00,2.882e+00,2.578e+00,1.794e+00,1.744e+00,1.733e+00,1.457e+00,2.757e+00,1.484e+00,3.142e+00,2.292e+00,2.081e+00,2.110e+00,2.774e+00,2.037e+00,2.281e+00,1.830e+00,2.886e+00,1.862e+00,2.419e+00,2.395e+00,2.358e+00,2.429e+00,2.725e+00,1.803e+00,1.462e+00,1.875e+00,3.385e+00,2.128e+00,1.756e+00,2.314e+00,2.554e+00,2.715e+00,1.538e+00,8.767e-01,2.439e+00,2.017e+00,2.077e+00,2.079e+00,1.641e+00,2.081e+00,1.392e+00,1.852e+00,2.666e+00
7.177e-01,5.118e-01,6.029e-01,7.270e-01,1.782e+00,2.619e+00,1.490e+00,2.066e+00,3.180e+00,2.134e+00,1.836e+00,2.892e+00,3.053e+00,2.478e+00,2.498e+00,2.320e+00,2.523e+00,2.259e+00,3.399e+00,2.247e+00,3.038e+00,2.696e+00,1.962e+00,2.741e+00,2.552e+00,2.375e+00,2.156e+00,1.973e+00,3.457e+00,2.560e+00,2.523e+00,3.137e+00,2.418e+00,2.997e+00,3.079e+00,2.424e+00,2.045e+00,2.333e+00,3.725e+00,2.190e+00,1.807e+00,2.822e+00,3.131e+00,3.520e+00,1.970e+00,1.588e+00,2.522e+00,2.816e+00,2.083e+00,2.257e+00,2.032e+00,2.099e+00,1.345e+00,2.427e+00,2.771e+00
2.441e-01,2.195e-01,3.225e-01,3.905e-01,9.891e-01,1.946e+00,1.196e+00,1.638e+00,2.099e+00,2.068e+00,1.566e+00,2.843e+00,2.574e+00,1.908e+00,1.863e+00,1.702e+00,2.138e+00,1.477e+00,3.029e+00,1.688e+00,2.685e+00,1.945e+00,2.103e+00,1.709e+00,2.651e+00,2.161e+00,1.856e+00,1.919e+00,3.569e+00,1.863e+00,2.335e+00,3.216e+00,2.275e+00,2.699e+00,2.477e+00,2.819e+00,1.381e+00,2.120e+00,2.598e+00,1.941e+00,1.614e+00,2.416e+00,2.835e+00,3.639e+00,1.833e+00,1.532e+00,2.468e+00,2.599e+00,2.223e+00,2.891e+00,1.911e+00,1.930e+00,1.262e+00,1.968e+00,3.199e+00
4.602e-01,3.640e-01,4.983e-01,9.008e-01,1.881e+00,2.243e+00,1.350e+00,2.052e+00,2.610e+00,3.329e+00,2.374e+00,2.813e+00,3.128e+00,2.997e+00,2.993e+00,2.006e+00,2.639e+00,2.370e+00,4.422e+00,2.253e+00,3.205e+00,2.495e+00,2.536e+00,3.269e+00,3.394e+00,3.036e+00,2.399e+00,2.726e+00,3.426e+00,3.124e+00,3.102e+00,3.009e+00,2.090e+00,2.756e+00,2.870e+00,2.329e+00,2.194e+00,3.005e+00,3.347e+00,2.738e+00,1.803e+00,2.470e+00,3.065e+00,3.801e+00,1.998e+00,2.469e+00,2.733e+00,3.007e+00,2.993e+00,3.079e+00,2.367e+00,2.734e+00,2.190e+00,2.582e+00,3.158e+00
6.476e-02,1.502e-01,2.917e-01,8.009e-01,1.507e+00,2.124e+00,1.196e+00,2.194e+00,2.572e+00,2.223e+00,2.260e+00,2.975e+00,3.181e+00,3.074e+00,2.680e+00,2.420e+00,3.271e+00,2.859e+00,3.976e+00,2.555e+00,3.875e+00,2.303e+00,2.780e+00,3.374e+00,3.004e+00,2.502e+00,2.895e+00,2.080e+00,3.263e+00,3.086e+00,2.257e+00,3.611e+00,3.110e+00,2.860e+00,3.059e+00,2.475e+00,2.046e+00,2.478e+00,3.018e+00,2.619e+00,2.474e+00,2.872e+00,3.429e+00,4.371e+00,2.081e+00,2.772e+00,3.172e+00,2.689e+00,2.344e+00,3.268e+00,2.982e+00,2.695e+00,1.722e+00,2.921e+00,3.205e+00
3.336e-01,3.857e-01,6.389e-01,1.063e+00,1.438e+00,2.536e+00,1.248e+00,1.849e+00,1.844e+00,2.359e+00,2.178e+00,3.212e+00,3.318e+00,2.823e+00,2.805e+00,2.140e+00,2.516e+00,2.497e+00,3.232e+00,2.057e+00,3.703e+00,2.664e+00,2.163e+00,3.405e+00,3.721e+00,3.307e+00,2.533e+00,2.485e+00,3.351e+00,3.512e+00,2.376e+00,3.611e+00,2.801e+00,3.287e+00,2.964e+00,3.405e+00,2.225e+00,2.611e+00,2.975e+00,2.492e+00,2.796e+00,3.083e+00,2.898e+00,4.875e+00,2.451e+00,2.433e+00,3.691e+00,2.900e+00,2.731e+00,2.966e+00,3.454e+00,2.968e+00,2.328e+00,2.364e+00,3.324e+00
6.722e-01,4.824e-01,5.273e-01,6.277e-01,1.292e+00,1.926e+00,9.710e-01,1.123e+00,1.847e+00,2.271e+00,1.831e+00,1.907e+00,3.686e+00,3.952e+00,2.940e+00,2.572e+00,3.686e+00,2.483e+00,4.259e+00,2.638e+00,3.148e+00,2.706e+00,3.485e+00,4.007e+00,2.372e+00,3.317e+00,2.549e+00,2.902e+00,3.385e+00,3.093e+00,2.455e+00,3.745e+00,2.799e+00,3.230e+00,3.744e+00,2.623e+00,2.567e+00,2.972e+00,2.991e+00,3.200e+00,2.706e+00,2.877e+00,3.865e+00,4.155e+00,2.303e+00,3.549e+00,2.562e+00,3.449e+00,2.796e+00,3.236e+00,2.973e+00,3.710e+00,2.253e+00,2.785e+00,3.311e+00
1.932e-01,1.441e-01,3.102e-01,5.864e-01,1.176e+00,1.764e+00,6.797e-01,1.629e+00,1.425e+00,2.785e+00,2.190e+00,2.554e+00,2.730e+00,3.157e+00,2.715e+00,3.008e+00,3.660e+00,2.853e+00,4.512e+00,2.896e+00,3.536e+00,2.495e+00,3.221e+00,3.473e+00,3.934e+00,3.636e+00,3.465e+00,2.609e+00,2.801e+00,3.476e+00,3.002e+00,4.213e+00,3.026e+00,3.517e+00,2.394e+00,2.757e+00,2.561e+00,2.532e+00,2.959e+00,3.437e+00,2.380e+00,2.657e+00,3.664e+00,4.402e+00,2.016e+00,3.724e+00,2.897e+00,2.965e+00,2.991e+00,4.016e+00,3.585e+00,3.188e+00,2.058e+00,3.344e+00,3.396e+00
2.249e-01,2.770e-01,4.045e-01,9.521e-01,1.979e+00,2.958e+00,1.225e+00,1.859e+00,2.806e+00,2.151e+00,2.232e+00,3.440e+00,4.275e+00,3.237e+00,3.870e+00,3.197e+00,4.366e+00,3.376e+00,4.536e+00,3.663e+00,5.117e+00,4.290e+00,3.897e+00,4.094e+00,3.609e+00,4.346e+00,3.804e+00,3.258e+00,4.789e+00,4.657e+00,2.819e+00,5.588e+00,4.040e+00,4.825e+00,3.788e+00,4.630e+00,3.342e+00,3.730e+00,3.986e+00,3.549e+00,3.614e+00,4.150e+00,4.453e+00,5.681e+00,3.354e+00,4.193e+00,4.691e+00,5.216e+00,3.986e+00,4.647e+00,3.823e+00,3.976e+00,2.384e+00,3.567e+00,4.110e+00
1.640e-01,1.367e-01,2.907e-01,4.822e-01,1.635e+00,2.766e+00,1.372e+00,1.937e+00,2.153e+00,2.603e+00,1.912e+00,3.045e+00,3.516e+00,2.835e+00,2.656e+00,2.891e+00,3.423e+00,2.976e+00,4.087e+00,3.195e+00,4.332e+00,3.770e+00,3.374e+00,3.677e+00,4.678e+00,3.636e+00,4.240e+00,3.363e+00,4.699e+00,4.069e+00,3.360e+00,5.174e+00,3.903e+00,3.958e+00,3.401e+00,3.886e+00,2.494e+00,2.801e+00,4.086e+00,3.360e+00,3.293e+00,3.579e+00,3.895e+00,4.589e+00,2.621e+00,3.452e+00,4.409e+00,4.446e+00,4.240e+00,4.795e+00,3.216e+00,4.121e+00,2.637e+00,3.670e+00,3.686e+00
6.698e-01,5.466e-01,7.020e-01,1.023e+00,1.368e+00,2.625e+00,1.177e+00,2.357e+00,2.497e+00,3.118e+00,2.537e+00,3.915e+00,5.089e+00,4.589e+00,5.612e+00,3.907e+00,6.136e+00,4.953e+00,6.289e+00,4.879e+00,5.861e+00,5.958e+00,4.829e+00,5.155e+00,5.754e+00,5.615e+00,5.310e+00,5.204e+00,6.414e+00,6.122e+00,5.249e+00,7.122e+00,5.812e+00,6.174e+00,5.148e+00,5.249e+00,4.328e+00,5.035e+00,5.898e+00,5.317e+00,5.123e+00,5.386e+00,5.664e+00,7.740e+00,4.700e+00,5.985e+00,6.390e+00,6.457e+00,4.711e+00,5.742e+00,6.033e+00,5.675e+00,4.033e+00,4.695e+00,6.024e+00
5.906e-01,4.190e-01,6.356e-01,9.242e-01,2.527e+00,3.503e+00,1.923e+00,2.606e+00,3.171e+00,3.571e+00,2.782e+00,3.935e+00,4.857e+00,4.229e+00,4.103e+00,4.063e+00,4.531e+00,4.510e+00,5.999e+00,4.883e+00,5.922e+00,5.712e+00,5.133e+00,5.915e+00,6.504e+00,5.169e+00,5.671e+00,4.552e+00,5.966e+00,6.202e+00,4.957e+00,6.666e+00,5.327e+00,5.843e+00,4.692e+00,4.866e+00,4.392e+00,4.778e+00,6.241e+00,5.331e+00,4.913e+00,5.571e+00,5.396e+00,7.178e+00,4.421e+00,5.631e+00,5.615e+00,5.717e+00,5.640e+00,6.403e+00,5.377e+00,5.945e+00,3.707e+00,5.425e+00,5.759e+00
8.434e-01,6.285e-01,8.407e-01,1.128e+00,2.317e+00,3.204e+00,1.756e+00,2.430e+00,3.259e+00,3.407e+00,2.857e+00,3.728e+00,4.232e+00,3.914e+00,3.748e+00,3.733e+00,4.285e+00,4.072e+00,6.296e+00,4.933e+00,5.438e+00,5.299e+00,4.780e+00,5.303e+00,5.216e+00,4.383e+00,4.790e+00,5.222e+00,6.088e+00,5.229e+00,4.452e+00,6.551e+00,4.643e+00,5.495e+00,4.792e+00,4.568e+00,3.453e+00,4.418e+00,5.864e+00,5.004e+00,4.317e+00,5.055e+00,5.156e+00,7.087e+00,3.971e+00,5.174e+00,4.812e+00,5.029e+00,5.386e+00,6.011e+00,4.613e+00,6.070e+00,4.080e+00,5.589e+00,5.885e+00
9.982e-02,1.813e-01,2.609e-01,9.012e-01,1.448e+00,2.243e+00,9.965e-01,2.220e+00,2.295e+00,2.704e+00,1.994e+00,3.144e+00,3.900e+00,3.165e+00,3.762e+00,2.218e+00,3.941e+00,3.492e+00,4.553e+00,4.048e+00,5.098e+00,3.884e+00,3.520e+00,3.913e+00,5.305e+00,4.606e+00,3.987e+00,4.047e+00,4.728e+00,4.929e+00,3.362e+00,4.494e+00,3.913e+00,4.415e+00,3.908e+00,3.828e+00,2.572e+00,4.622e+00,4.216e+00,4.209e+00,3.233e+00,3.676e+00,3.486e+00,5.866e+00,3.058e+00,4.091e+00,4.750e+00,4.702e+00,4.174e+00,4.561e+00,4.242e+00,4.049e+00,3.423e+00,3.262e+00,4.297e+00
3.437e-02,2.333e-01,4.623e-01,1.381e+00,1.787e+00,2.324e+00,1.060e+00,2.426e+00,2.666e+00,2.775e+00,2.884e+00,3.559e+00,3.867e+00,3.720e+00,5.155e+00,3.351e+00,5.568e+00,4.657e+00,6.354e+00,5.680e+00,7.055e+00,5.320e+00,5.261e+00,5.540e+00,6.204e+00,5.704e+00,5.281e+00,5.736e+00,6.170e+00,7.430e+00,4.340e+00,6.761e+00,6.504e+00,6.912e+00,5.569e+00,4.491e+00,5.123e+00,6.455e+00,6.454e+00,5.906e+00,4.536e+00,6.020e+00,5.178e+00,8.271e+00,6.262e+00,6.671e+00,6.052e+00,6.721e+00,5.758e+00,7.373e+00,6.216e+00,6.493e+00,4.502e+00,5.603e+00,6.717e+00
5.961e-01,4.800e-01,7.238e-01,1.018e+00,1.759e+00,2.584e+00,1.420e+00,2.126e+00,2.292e+00,2.438e+00,2.444e+00,3.149e+00,4.364e+00,4.150e+00,3.779e+00,3.670e+00,4.337e+00,4.012e+00,5.567e+00,4.521e+00,6.264e+00,5.537e+00,4.936e+00,5.337e+00,6.154e+00,4.965e+00,5.707e+00,5.749e+00,5.973e+00,6.685e+00,3.721e+00,6.432e+00,5.846e+00,6.703e+00,5.671e+00,5.190e+00,4.744e+00,4.661e+00,6.411e+00,5.039e+00,5.759e+00,5.118e+00,5.536e+00,8.259e+00,5.517e+00,5.518e+00,5.616e+00,5.364e+00,5.440e+00,6.511e+00,6.043e+00,6.626e+00,5.323e+00,5.960e+00,6.248e+00
3.294e-01,3.637e-01,5.641e-01,1.255e+00,2.206e+00,2.736e+00,1.289e+00,2.081e+00,2.854e+00,3.531e+00,2.984e+00,3.480e+00,3.813e+00,3.824e+00,4.616e+00,3.814e+00,4.965e+00,4.388e+00,7.015e+00,6.188e+00,6.809e+00,6.039e+00,6.922e+00,6.487e+00,7.492e+00,7.192e+00,6.132e+00,6.938e+00,6.593e+00,8.201e+00,4.847e+00,7.683e+00,6.613e+00,7.631e+00,6.189e+00,5.901e+00,6.069e+00,7.279e+00,6.970e+00,7.352e+00,4.695e+00,6.806e+00,5.945e+00,8.876e+00,5.847e+00,7.835e+00,5.708e+00,7.820e+00,7.462e+00,8.569e+00,6.325e+00,8.175e+00,5.510e+00,7.298e+00,7.409e+00
3.744e-02,3.441e-02,2.575e-01,3.931e-01,1.048e+00,2.006e+00,8.203e-01,1.754e+00,1.410e+00,2.029e+00,1.884e+00,2.853e+00,3.871e+00,3.160e+00,3.362e+00,3.658e+00,5.041e+00,4.119e+00,5.337e+00,5.948e+00,6.485e+00,5.717e+00,5.778e+00,6.286e+00,7.366e+00,5.764e+00,6.215e+00,7.040e+00,6.858e+00,7.417e+00,4.547e+00,8.272e+00,8.103e+00,7.906e+00,6.379e+00,6.011e+00,5.091e+00,6.076e+00,7.387e+00,6.666e+00,5.627e+00,7.026e+00,6.001e+00,9.101e+00,6.124e+00,7.701e+00,6.825e+00,7.314e+00,7.312e+00,8.260e+00,6.967e+00,8.752e+00,5.578e+00,6.579e+00,7.484e+00
5.846e-01,5.268e-01,7.889e-01,1.138e+00,1.815e+00,2.635e+00,1.315e+00,1.364e+00,1.675e+00,1.916e+00,2.047e+00,2.264e+00,2.843e+00,3.413e+00,3.594e+00,3.466e+00,4.314e+00,3.717e+00,5.171e+00,5.235e+00,6.266e+00,5.836e+00,5.659e+00,5.597e+00,7.114e+00,6.855e+00,6.242e+00,7.585e+00,6.343e+00,8.138e+00,4.314e+00,7.906e+00,7.442e+00,7.719e+00,6.152e+00,5.209e+00,5.651e+00,6.539e+00,7.307e+00,6.898e+00,5.406e+00,7.046e+00,5.778e+00,8.053e+00,6.586e+00,7.187e+00,6.307e+00,7.524e+00,6.594e+00,8.123e+00,7.614e+00,7.925e+00,5.488e+00,6.842e+00,6.613e+00
3.280e-01,3.758e-01,4.706e-01,1.014e+00,1.057e+00,1.731e+00,5.682e-01,1.453e+00,2.005e+00,2.436e+00,2.326e+00,3.059e+00,3.786e+00,3.809e+00,4.246e+00,3.365e+00,5.258e+00,4.085e+00,5.621e+00,5.102e+00,5.264e+00,4.337e+00,5.109e+00,5.735e+00,5.908e+00,6.814e+00,4.817e+00,6.479e+00,6.185e+00,7.581e+00,4.579e+00,7.588e+00,6.690e+00,7.693e+00,6.144e+00,5.566e+00,5.048e+00,6.872e+00,6.082e+00,6.180e+00,4.397e+00,6.366e+00,5.922e+00,8.871e+00,5.865e+00,8.016e+00,5.553e+00,7.346e+00,5.976e+00,7.475e+00,7.684e+00,7.441e+00,4.768e+00,6.273e+00,6.356e+00
3.693e-01,4.328e-01,5.138e-01,9.294e-01,8.958e-01,1.923e+00,8.008e-01,1.376e+00,2.095e+00,2.065e+00,2.091e+00,3.038e+00,3.283e+00,3.263e+00,3.264e+00,2.772e+00,4.385e+00,3.571e+00,4.641e+00,3.955e+00,4.607e+00,3.917e+00,4.754e+00,4.538e+00,4.882e+00,5.718e+00,5.147e+00,6.040e+00,5.856e+00,6.819e+00,3.784e+00,7.630e+00,6.565e+00,6.710e+00,7.018e+00,5.828e+00,4.611e+00,6.122e+00,5.180e+00,5.001e+00,4.876e+00,6.024e+00,5.551e+00,7.619e+00,5.097e+00,6.695e+00,5.136e+00,6.697e+00,5.709e+00,7.179e+00,7.168e+00,6.955e+00,4.803e+00,6.073e+00,6.158e+00
6.332e-01,3.728e-01,5.558e-01,7.146e-01,2.381e+00,2.824e+00,1.730e+00,2.301e+00,2.737e+00,2.781e+00,2.209e+00,2.920e+00,4.973e+00,4.247e+00,4.158e+00,3.683e+00,4.141e+00,3.964e+00,5.822e+00,4.710e+00,6.779e+00,6.182e+00,5.731e+00,5.942e+00,6.828e+00,5.663e+00,6.390e+00,7.304e+00,7.164e+00,8.448e+00,5.447e+00,7.414e+00,6.960e+00,7.940e+00,7.240e+00,6.451e+00,6.555e+00,6.538e+00,8.388e+00,6.819e+00,7.230e+00,7.182e+00,6.957e+00,8.982e+00,6.969e+00,7.136e+00,6.863e+00,6.883e+00,7.513e+00,7.870e+00,7.610e+00,8.479e+00,6.160e+00,7.408e+00,7.947e+00
8.010e-01,4.680e-01,6.336e-01,6.782e-01,2.105e+00,2.606e+00,1.574e+00,2.332e+00,2.824e+00,3.095e+00,2.496e+00,3.071e+00,4.211e+00,4.078e+00,3.473e+00,3.762e+00,4.549e+00,4.231e+00,6.186e+00,6.209e+00,6.624e+00,5.785e+00,5.981e+00,5.902e+00,6.965e+00,5.918e+00,6.243e+00,7.296e+00,7.511e+00,8.627e+00,5.787e+00,8.340e+00,8.189e+00,7.789e+00,6.797e+00,5.709e+00,6.267e+00,7.050e+00,8.039e+00,7.166e+00,6.552e+00,7.479e+00,6.559e+00,9.816e+00,6.278e+00,7.779e+00,6.947e+00,7.062e+00,7.109e+00,8.294e+00,7.746e+00,8.628e+00,5.723e+00,7.163e+00,7.768e+00
1.296e-01,3.030e-01,5.202e-01,1.395e+00,2.488e+00,3.184e+00,1.811e+00,2.733e+00,3.707e+00,3.182e+00,3.017e+00,4.217e+00,5.271e+00,4.414e+00,5.249e+00,3.704e+00,5.428e+00,5.288e+00,6.705e+00,5.883e+00,7.263e+00,7.204e+00,6.184e+00,7.275e+00,8.100e+00,7.494e+00,7.358e+00,8.405e+00,7.978e+00,1.037e+01,6.387e+00,8.920e+00,7.710e+00,9.048e+00,8.639e+00,8.290e+00,6.996e+00,8.504e+00,9.135e+00,8.312e+00,7.693e+00,8.984e+00,7.593e+00,1.094e+01,7.033e+00,8.875e+00,8.076e+00,9.341e+00,7.648e+00,8.772e+00,9.935e+00,8.971e+00,7.426e+00,8.490e+00,8.497e+00
8.199e-01,6.410e-01,7.719e-01,8.186e-01,1.424e+00,3.049e+00,1.248e+00,1.571e+00,2.440e+00,2.357e+00,2.264e+00,3.113e+00,3.772e+00,4.166e+00,3.386e+00,3.892e+00,5.500e+00,3.971e+00,5.348e+00,5.345e+00,5.250e+00,5.695e+00,5.820e+00,5.909e+00,5.712e+00,6.346e+00,5.954e+00,6.454e+00,6.743e+00,7.703e+00,5.833e+00,8.951e+00,7.831e+00,8.234e+00,7.557e+00,6.761e+00,7.490e+00,6.468e+00,7.721e+00,7.821e+00,6.376e+00,7.998e+00,8.377e+00,9.763e+00,5.859e+00,7.872e+00,7.471e+00,8.637e+00,6.507e+00,8.132e+00,8.999e+00,8.098e+00,4.695e+00,7.412e+00,7.022e+00
2.551e-02,7.332e-02,1.292e-01,7.202e-01,2.017e+00,2.149e+00,1.074e+00,1.683e+00,2.630e+00,1.935e+00,1.653e+00,2.374e+00,3.783e+00,2.877e+00,3.704e+00,2.836e+00,4.914e+00,4.308e+00,5.295e+00,4.942e+00,5.696e+00,6.313e+00,5.570e+00,4.569e+00,5.839e+00,5.766e+00,6.575e+00,6.171e+00,6.192e+00,8.241e+00,4.899e+00,7.683e+00,7.814e+00,8.510e+00,6.886e+00,6.382e+00,6.089e+00,7.740e+00,7.712e+00,7.160e+00,6.569e+00,6.558e+00,6.680e+00,7.976e+00,5.742e+00,8.209e+00,6.636e+00,8.969e+00,7.192e+00,8.434e+00,7.290e+00,8.355e+00,6.240e+00,7.063e+00,6.787e+00
8.853e-01,6.114e-01,7.094e-01,8.861e-01,1.495e+00,2.343e+00,8.664e-01,1.556e+00,1.938e+00,2.687e+00,2.191e+00,2.502e+00,3.479e+00,4.039e+00,3.440e+00,3.623e+00,5.059e+00,4.576e+00,5.397e+00,5.737e+00,5.284e+00,5.896e+00,5.510e+00,6.189e+00,6.649e+00,6.316e+00,6.699e+00,6.849e+00,6.306e+00,9.205e+00,6.256e+00,8.013e+00,7.590e+00,8.624e+00,7.371e+00,6.575e+00,8.008e+00,7.026e+00,8.472e+00,8.183e+00,7.781e+00,8.654e+00,8.255e+00,1.066e+01,7.478e+00,9.216e+00,7.953e+00,8.288e+00,7.522e+00,9.005e+00,9.809e+00,9.630e+00,6.542e+00,8.464e+00,7.093e+00
2.648e-01,1.592e-01,3.763e-01,7.171e-01,1.698e+00,2.336e+00,7.938e-01,2.121e+00,1.990e+00,2.230e+00,1.920e+00,2.667e+00,2.674e+00,2.228e+00,3.301e+00,3.248e+00,4.095e+00,3.661e+00,4.581e+00,5.113e+00,5.711e+00,5.417e+00,4.348e+00,4.633e+00,7.069e+00,5.881e+00,6.189e+00,7.503e+00,6.707e+00,9.416e+00,6.176e+00,7.987e+00,7.974e+00,9.206e+00,6.884e+00,7.573e+00,7.517e+00,8.123e+00,9.803e+00,8.189e+00,7.017e+00,8.812e+00,7.789e+00,1.030e+01,7.563e+00,8.944e+00,8.471e+00,9.113e+00,7.969e+00,9.313e+00,9.555e+00,9.425e+00,7.062e+00,8.513e+00,7.700e+00
6.033e-01,4.594e-01,6.047e-01,7.926e-01,1.223e+00,2.674e+00,1.092e+00,2.104e+00,1.865e+00,2.995e+00,2.228e+00,3.192e+00,4.123e+00,4.462e+00,3.925e+00,3.632e+00,5.258e+00,4.483e+00,5.454e+00,5.211e+00,6.306e+00,5.392e+00,5.584e+00,5.917e+00,8.016e+00,7.436e+00,6.775e+00,7.161e+00,7.332e+00,9.535e+00,6.910e+00,9.189e+00,9.485e+00,8.900e+00,9.734e+00,8.816e+00,8.953e+00,8.411e+00,9.156e+00,9.531e+00,8.316e+00,9.558e+00,9.624e+00,1.116e+01,7.814e+00,1.019e+01,9.688e+00,9.871e+00,8.915e+00,1.089e+01,1.048e+01,1.083e+01,7.987e+00,8.629e+00,8.423e+00
2.076e-01,3.117e-01,4.296e-01,1.025e+00,1.560e+00,2.680e+00,1.256e+00,2.046e+00,2.449e+00,2.333e+00,2.171e+00,3.189e+00,3.484e+00,3.432e+00,4.038e+00,2.950e+00,5.122e+00,4.105e+00,5.380e+00,5.075e+00,6.417e+00,5.881e+00,5.224e+00,4.869e+00,6.614e+00,6.145e+00,6.535e+00,6.931e+00,7.215e+00,8.302e+00,5.762e+00,8.614e+00,8.022e+00,8.411e+00,8.588e+00,9.030e+00,7.488e+00,9.219e+00,8.945e+00,8.439e+00,8.700e+00,9.351e+00,9.438e+00,1.153e+01,8.838e+00,1.039e+01,9.814e+00,1.053e+01,8.700e+00,1.177e+01,1.011e+01,1.025e+01,7.937e+00,8.502e+00,8.848e+00
7.623e-01,4.926e-01,5.707e-01,4.882e-01,8.800e-01,1.801e+00,8.315e-01,1.692e+00,2.076e+00,2.463e+00,1.764e+00,2.986e+00,3.721e+00,3.068e+00,4.097e+00,3.356e+00,4.724e+00,3.861e+00,5.295e+00,4.656e+00,4.913e+00,5.870e+00,5.259e+00,5.091e+00,6.762e+00,6.020e+00,5.969e+00,7.245e+00,7.927e+00,8.210e+00,7.052e+00,9.354e+00,9.112e+00,9.551e+00,9.148e+00,9.304e+00,8.595e+00,1.020e+01,1.074e+01,8.131e+00,8.697e+00,1.007e+01,9.822e+00,1.247e+01,9.288e+00,1.108e+01,9.872e+00,1.156e+01,1.011e+01,1.084e+01,1.043e+01,1.130e+01,8.729e+00,9.870e+00,9.624e+00
7.045e-01,5.517e-01,7.773e-01,1.163e+00,1.947e+00,2.704e+00,1.063e+00,1.621e+00,1.988e+00,2.808e+00,2.427e+00,2.767e+00,3.012e+00,3.195e+00,3.574e+00,3.395e+00,3.834e+00,3.119e+00,4.982e+00,3.884e+00,4.388e+00,3.768e+00,5.036e+00,5.223e+00,5.650e+00,5.586e+00,4.860e+00,6.872e+00,6.399e+00,7.419e+00,5.790e+00,7.839e+00,7.059e+00,8.034e+00,7.686e+00,8.339e+00,7.104e+00,9.742e+00,8.309e+00,8.030e+00,7.568e+00,9.000e+00,8.635e+00,1.044e+01,9.018e+00,9.752e+00,7.804e+00,9.509e+00,8.462e+00,1.013e+01,8.708e+00,1.031e+01,8.051e+00,9.871e+00,8.649e+00
5.303e-01,4.860e-01,7.330e-01,9.685e-01,1.834e+00,2.592e+00,1.805e+00,1.609e+00,2.072e+00,2.378e+00,2.101e+00,2.654e+00,3.744e+00,4.087e+00,4.400e+00,3.761e+00,4.606e+00,4.110e+00,5.759e+00,5.088e+00,6.528e+00,6.251e+00,5.892e+00,5.999e+00,8.252e+00,7.325e+00,6.723e+00,9.084e+00,8.640e+00,1.008e+01,6.824e+00,8.930e+00,8.987e+00,9.820e+00,9.218e+00,9.623e+00,8.939e+00,1.050e+01,1.185e+01,9.837e+00,9.967e+00,1.093e+01,1.076e+01,1.233e+01,1.102e+01,1.105e+01,1.097e+01,1.174e+01,1.032e+01,1.208e+01,1.204e+01,1.254e+01,9.213e+00,1.062e+01,1.105e+01
9.018e-01,7.428e-01,8.905e-01,1.376e+00,2.431e+00,4.038e+00,1.708e+00,2.573e+00,3.620e+00,3.287e+00,2.868e+00,4.061e+00,4.320e+00,4.305e+00,4.117e+00,3.943e+00,5.258e+00,4.555e+00,5.723e+00,5.208e+00,6.104e+00,5.952e+00,6.237e+00,6.766e+00,7.653e+00,7.202e+00,6.926e+00,6.345e+00,7.232e+00,8.892e+00,5.661e+00,8.298e+00,8.316e+00,8.847e+00,8.608e+00,8.397e+00,8.993e+00,8.256e+00,9.617e+00,8.712e+00,7.793e+00,9.919e+00,1.039e+01,1.155e+01,9.095e+00,9.990e+00,9.834e+00,1.013e+01,9.523e+00,1.046e+01,1.002e+01,1.034e+01,7.779e+00,9.480e+00,9.351e+00
1.550e-01,1.743e-01,1.956e-01,5.728e-01,1.086e+00,1.281e+00,7.791e-01,1.549e+00,2.450e+00,2.375e+00,1.981e+00,2.753e+00,2.952e+00,2.604e+00,3.032e+00,2.655e+00,4.651e+00,4.312e+00,5.144e+00,4.853e+00,4.144e+00,5.173e+00,4.857e+00,5.314e+00,6.223e+00,5.471e+00,6.243e+00,7.847e+00,8.226e+00,9.231e+00,6.898e+00,8.885e+00,8.505e+00,9.193e+00,8.956e+00,8.826e+00,8.588e+00,9.734e+00,1.111e+01,8.887e+00,9.576e+00,1.067e+01,1.165e+01,1.305e+01,1.043e+01,1.235e+01,1.175e+01,1.162e+01,1.164e+01,1.253e+01,1.278e+01,1.283e+01,9.672e+00,1.162e+01,1.079e+01
4.288e-01,3.587e-01,4.276e-01,4.945e-01,6.632e-01,1.681e+00,8.103e-01,1.212e+00,1.501e+00,2.055e+00,1.770e+00,2.722e+00,3.726e+00,3.732e+00,3.631e+00,3.188e+00,4.732e+00,3.818e+00,4.720e+00,4.156e+00,4.894e+00,4.776e+00,4.625e+00,4.760e+00,5.201e+00,5.529e+00,5.050e+00,5.398e+00,6.711e+00,7.530e+00,6.034e+00,8.681e+00,8.062e+00,7.783e+00,8.219e+00,8.749e+00,8.189e+00,8.731e+00,8.666e+00,8.583e+00,8.700e+00,9.923e+00,1.171e+01,1.241e+01,1.014e+01,1.138e+01,1.070e+01,1.107e+01,1.075e+01,1.187e+01,1.155e+01,1.275e+01,8.505e+00,9.814e+00,1.044e+01
8.806e-02,5.150e-02,2.368e-01,3.305e-01,1.679e+00,1.820e+00,1.568e+00,1.997e+00,2.813e+00,2.784e+00,2.285e+00,2.998e+00,4.547e+00,3.720e+00,3.950e+00,3.339e+00,4.414e+00,3.330e+00,6.043e+00,4.855e+00,5.839e+00,4.736e+00,4.775e+00,5.121e+00,5.812e+00,5.524e+00,4.440e+00,6.780e+00,7.269e+00,7.788e+00,6.031e+00,8.057e+00,7.776e+00,8.537e+00,9.265e+00,8.150e+00,7.964e+00,9.752e+00,1.013e+01,8.723e+00,7.954e+00,1.006e+01,1.070e+01,1.203e+01,9.967e+00,1.121e+01,1.032e+01,1.068e+01,1.044e+01,1.073e+01,1.128e+01,1.161e+01,9.542e+00,9.705e+00,1.075e+01
1.308e-02,1.691e-01,2.467e-01,7.425e-01,1.375e+00,1.740e+00,9.852e-01,7.349e-01,1.552e+00,1.050e+00,1.387e+00,1.626e+00,2.703e+00,2.763e+00,2.751e+00,2.166e+00,4.067e+00,3.182e+00,4.037e+00,4.653e+00,5.554e+00,4.779e+00,5.292e+00,4.243e+00,4.891e+00,5.753e+00,5.332e+00,6.754e+00,6.326e+00,8.253e+00,3.907e+00,7.372e+00,7.809e+00,7.599e+00,6.995e+00,6.704e+00,6.757e+00,7.876e+00,7.342e+00,7.798e+00,7.197e+00,7.945e+00,8.159e+00,9.639e+00,8.039e+00,9.969e+00,9.242e+00,9.783e+00,8.728e+00,1.079e+01,9.246e+00,1.018e+01,7.371e+00,8.070e+00,9.155e+00
4.942e-01,2.963e-01,3.488e-01,3.171e-01,1.542e+00,1.881e+00,1.274e+00,1.111e+00,1.904e+00,1.690e+00,1.262e+00,1.880e+00,4.060e+00,3.403e+00,3.426e+00,3.051e+00,3.885e+00,3.584e+00,4.889e+00,5.179e+00,5.619e+00,6.357e+00,5.535e+00,5.441e+00,6.127e+00,5.991e+00,5.908e+00,7.581e+00,7.848e+00,9.119e+00,6.431e+00,8.910e+00,7.902e+00,8.064e+00,8.401e+00,8.669e+00,7.988e+00,9.154e+00,9.658e+00,9.172e+00,9.883e+00,1.053e+01,1.021e+01,1.185e+01,1.100e+01,1.272e+01,1.141e+01,1.106e+01,1.140e+01,1.225e+01,1.157e+01,1.338e+01,1.025e+01,1.094e+01,1.037e+01
6.597e-02,1.362e-01,2.577e-01,7.881e-01,1.903e+00,2.058e+00,1.158e+00,1.263e+00,1.925e+00,1.559e+00,1.538e+00,1.912e+00,3.636e+00,3.033e+00,3.104e+00,2.669e+00,3.546e+00,3.676e+00,4.685e+00,4.933e+00,6.091e+00,5.542e+00,5.417e+00,5.635e+00,6.344e+00,6.163e+00,6.155e+00,7.453e+00,6.868e+00,8.924e+00,4.669e+00,8.871e+00,8.460e+00,8.515e+00,9.426e+00,8.777e+00,8.050e+00,9.900e+00,8.826e+00,8.774e+00,8.484e+00,9.519e+00,8.829e+00,1.121e+01,9.583e+00,1.347e+01,1.059e+01,1.113e+01,1.127e+01,1.294e+01,1.214e+01,1.391e+01,1.126e+01,1.048e+01,1.077e+01
3.775e-01,3.472e-01,4.287e-01,6.232e-01,1.299e+00,2.211e+00,1.393e+00,1.669e+00,2.365e+00,2.556e+00,2.150e+00,3.115e+00,4.224e+00,4.194e+00,3.795e+00,3.428e+00,5.379e+00,4.762e+00,5.502e+00,5.588e+00,5.760e+00,5.874e+00,5.694e+00,5.826e+00,6.912e+00,6.906e+00,6.721e+00,7.786e+00,8.380e+00,9.551e+00,6.444e+00,9.617e+00,9.136e+00,8.445e+00,8.631e+00,8.090e+00,7.977e+00,8.582e+00,9.330e+00,8.942e+00,9.295e+00,9.894e+00,1.187e+01,1.230e+01,1.078e+01,1.354e+01,1.389e+01,1.321e+01,1.247e+01,1.391e+01,1.425e+01,1.416e+01,1.119e+01,1.259e+01,1.226e+01
3.769e-01,3.196e-01,5.081e-01,9.306e-01,1.594e+00,2.245e+00,8.061e-01,1.698e+00,1.923e+00,2.596e+00,2.229e+00,2.779e+00,3.260e+00,3.139e+00,3.291e+00,3.337e+00,4.619e+00,4.463e+00,4.962e+00,5.136e+00,4.806e+00,5.428e+00,4.600e+00,6.261e+00,6.843e+00,5.881e+00,6.456e+00,6.482e+00,5.686e+00,8.659e+00,5.848e+00,7.714e+00,7.187e+00,8.511e+00,7.588e+00,7.536e+00,7.831e+00,8.327e+00,9.704e+00,8.131e+00,8.222e+00,9.252e+00,1.003e+01,1.182e+01,1.017e+01,1.137e+01,1.129e+01,1.135e+01,1.031e+01,1.181e+01,1.241e+01,1.295e+01,1.006e+01,1.144e+01,1.030e+01
4.752e-01,3.438e-01,5.366e-01,5.734e-01,1.029e+00,2.057e+00,7.144e-01,1.313e+00,1.392e+00,2.168e+00,1.916e+00,2.537e+00,3.118e+00,3.089e+00,3.053e+00,3.281e+00,4.465e+00,3.673e+00,4.580e+00,5.466e+00,5.278e+00,5.766e+00,4.173e+00,5.628e+00,6.551e+00,6.438e+00,5.804e+00,7.771e+00,6.890e+00,9.109e+00,6.352e+00,8.964e+00,7.513e+00,8.469e+00,8.212e+00,8.771e+00,8.870e+00,8.284e+00,9.840e+00,8.948e+00,9.081e+00,9.823e+00,1.064e+01,1.300e+01,9.450e+00,1.159e+01,1.232e+01,1.198e+01,1.132e+01,1.307e+01,1.444e+01,1.240e+01,1.058e+01,1.204e+01,1.064e+01
4.587e-01,2.661e-01,3.721e-01,4.715e-01,1.585e+00,2.386e+00,1.088e+00,1.727e+00,1.880e+00,2.393e+00,1.677e+00,2.256e+00,3.037e+00,3.083e+00,3.066e+00,3.091e+00,4.033e+00,3.271e+00,5.012e+00,4.422e+00,5.511e+00,5.702e+00,5.154e+00,4.696e+00,6.492e+00,5.562e+00,6.512e+00,6.718e+00,6.303e+00,7.677e+00,6.191e+00,8.091e+00,7.018e+00,7.692e+00,8.199e+00,8.426e+00,8.176e+00,8.417e+00,9.888e+00,9.161e+00,8.180e+00,9.006e+00,1.131e+01,1.086e+01,1.012e+01,1.209e+01,1.218e+01,1.173e+01,1.185e+01,1.468e+01,1.317e+01,1.356e+01,1.211e+01,1.357e+01,1.239e+01
1.807e-01,3.307e-01,6.056e-01,1.067e+00,1.181e+00,1.924e+00,1.237e+00,1.498e+00,1.469e+00,1.875e+00,2.197e+00,2.615e+00,2.185e+00,2.715e+00,3.122e+00,2.353e+00,3.257e+00,2.849e+00,4.252e+00,4.202e+00,5.516e+00,4.401e+00,4.207e+00,4.413e+00,5.708e+00,4.858e+00,4.874e+00,7.004e+00,6.306e+00,7.332e+00,4.648e+00,7.172e+00,6.597e+00,6.746e+00,6.593e+00,7.144e+00,6.444e+00,7.435e+00,7.835e+00,7.130e+00,7.742e+00,8.586e+00,8.724e+00,1.132e+01,9.074e+00,9.087e+00,1.090e+01,9.550e+00,9.179e+00,1.249e+01,1.241e+01,1.180e+01,1.025e+01,1.080e+01,1.123e+01
2.233e-01,1.758e-01,2.287e-01,2.337e-01,1.072e+00,1.513e+00,1.069e+00,1.059e+00,2.112e+00,2.009e+00,1.540e+00,2.187e+00,4.046e+00,3.824e+00,3.750e+00,3.425e+00,4.812e+00,3.704e+00,5.376e+00,4.637e+00,5.108e+00,5.484e+00,4.833e+00,4.735e+00,5.632e+00,6.741e+00,5.624e+00,7.103e+00,7.286e+00,9.275e+00,6.083e+00,9.203e+00,8.232e+00,8.698e+00,9.389e+00,9.373e+00,9.213e+00,9.942e+00,9.306e+00,9.177e+00,9.704e+00,9.905e+00,1.191e+01,1.286e+01,1.197e+01,1.361e+01,1.251e+01,1.405e+01,1.174e+01,1.408e+01,1.457e+01,1.699e+01,1.368e+01,1.411e+01,1.288e+01
1.948e-01,3.362e-01,4.683e-01,9.482e-01,1.493e+00,2.402e+00,1.195e+00,1.279e+00,2.506e+00,2.260e+00,2.331e+00,3.160e+00,3.125e+00,3.373e+00,3.567e+00,3.788e+00,5.658e+00,4.761e+00,5.775e+00,5.683e+00,5.206e+00,6.048e+00,5.720e+00,6.156e+00,6.825e+00,7.205e+00,6.926e+00,8.178e+00,7.912e+00,9.295e+00,6.298e+00,9.755e+00,8.195e+00,9.053e+00,8.195e+00,8.728e+00,7.287e+00,8.146e+00,9.154e+00,8.963e+00,8.067e+00,9.720e+00,1.046e+01,1.153e+01,9.810e+00,1.267e+01,1.215e+01,1.252e+01,1.051e+01,1.429e+01,1.399e+01,1.432e+01,1.159e+01,1.398e+01,1.227e+01
1.455e-01,1.320e-01,3.408e-01,4.373e-01,1.614e+00,2.717e+00,1.462e+00,1.632e+00,1.794e+00,1.610e+00,1.482e+00,2.549e+00,4.068e+00,3.411e+00,3.414e+00,3.581e+00,4.451e+00,3.704e+00,4.692e+00,4.883e+00,6.698e+00,5.972e+00,5.098e+00,5.190e+00,7.123e+00,6.350e+00,6.642e+00,7.348e+00,7.177e+00,8.667e+00,5.457e+00,9.243e+00,8.899e+00,9.047e+00,9.132e+00,9.003e+00,7.462e+00,9.084e+00,9.891e+00,9.129e+00,1.042e+01,1.099e+01,1.119e+01,1.200e+01,1.148e+01,1.222e+01,1.272e+01,1.318e+01,1.347e+01,1.486e+01,1.454e+01,1.616e+01,1.322e+01,1.482e+01,1.427e+01
4.038e-01,4.152e-01,6.794e-01,1.110e+00,1.735e+00,2.906e+00,1.332e+00,2.220e+00,2.632e+00,2.396e+00,2.458e+00,3.791e+00,4.081e+00,3.405e+00,4.061e+00,3.924e+00,5.117e+00,4.798e+00,5.446e+00,5.256e+00,5.436e+00,6.055e+00,5.251e+00,6.198e+00,6.888e+00,6.010e+00,6.646e+00,8.149e+00,7.676e+00,8.830e+00,6.445e+00,9.610e+00,8.817e+00,1.005e+01,9.593e+00,1.072e+01,8.448e+00,9.407e+00,1.041e+01,9.701e+00,1.059e+01,1.142e+01,1.133e+01,1.360e+01,1.044e+01,1.401e+01,1.299e+01,1.277e+01,1.213e+01,1.379e+01,1.397e+01,1.467e+01,1.263e+01,1.376e+01,1.354e+01
