1.658e-01,9.810e-01,1.013e-01,7.859e-01,2.175e-01,7.569e-01,3.293e-02,6.592e-01,2.098e-01,3.296e-01,8.392e-01,8.597e-01,5.944e-01,9.774e-01,1.487e-01,4.175e-01,3.540e-01,5.824e-01,5.855e-01,7.630e-01,6.021e-01,7.078e-01,1.537e-01,2.450e-01,1.831e-02,4.137e-01,2.783e-01,6.436e-02,6.436e-04,1.949e-01,2.457e-02,6.648e-01,3.181e-02,7.629e-01,3.445e-01,2.091e-01,5.752e-01,7.603e-01,9.435e-01,3.216e-01,2.273e-01,5.137e-01,1.833e-01,7.845e-01,1.410e-02,5.967e-01,3.560e-02
1.472e-01,1.235e+00,4.039e-01,1.483e+00,4.335e-01,1.474e+00,5.689e-01,6.416e-01,3.315e-01,6.520e-01,9.651e-01,1.471e+00,6.489e-01,1.708e+00,1.003e+00,6.123e-01,4.923e-01,5.603e-01,7.871e-01,1.424e+00,9.860e-01,9.658e-01,1.885e-01,9.708e-01,9.497e-01,1.029e+00,3.232e-01,1.050e+00,8.603e-01,4.109e-01,7.751e-01,8.704e-01,3.274e-01,7.931e-01,6.169e-01,5.040e-01,1.264e+00,1.367e+00,1.495e+00,9.136e-01,4.989e-01,1.026e+00,9.156e-01,1.155e+00,2.095e-02,7.608e-01,8.185e-01
7.347e-02,7.591e-01,1.047e+00,1.947e+00,7.215e-01,1.764e+00,1.479e+00,3.466e-01,9.848e-01,1.238e+00,1.508e+00,1.326e+00,1.106e+00,1.744e+00,1.069e+00,1.319e+00,1.129e+00,8.611e-01,9.165e-01,1.944e+00,1.564e+00,7.294e-01,3.999e-01,8.655e-01,1.578e+00,1.646e+00,1.051e+00,1.348e+00,1.534e+00,1.108e+00,1.535e+00,8.094e-01,5.935e-01,7.110e-01,6.047e-01,1.224e+00,1.887e+00,1.471e+00,1.863e+00,1.159e+00,1.021e+00,1.605e+00,1.573e+00,1.221e+00,7.960e-01,1.077e+00,9.635e-01
9.360e-02,7.047e-01,7.007e-01,2.045e+00,8.533e-01,1.740e+00,1.452e+00,1.330e+00,1.372e+00,1.417e+00,1.810e+00,1.051e+00,1.524e+00,1.599e+00,8.767e-01,1.473e+00,1.522e+00,1.556e+00,1.526e+00,1.723e+00,2.112e+00,1.118e+00,8.611e-01,8.221e-01,1.091e+00,1.183e+00,8.028e-01,1.567e+00,1.499e+00,7.955e-01,1.756e+00,8.066e-01,6.874e-01,9.133e-01,9.408e-01,9.817e-01,2.038e+00,1.841e+00,2.343e+00,9.599e-01,8.642e-01,1.445e+00,1.391e+00,1.392e+00,1.064e+00,1.325e+00,8.830e-01
1.145e-01,8.279e-01,3.583e-01,1.116e+00,4.975e-01,1.895e+00,1.001e+00,7.704e-01,7.872e-01,7.834e-01,1.422e+00,1.534e+00,1.351e+00,1.242e+00,7.851e-01,1.171e+00,1.206e+00,1.193e+00,8.658e-01,1.667e+00,1.482e+00,1.211e+00,5.061e-01,1.065e+00,8.694e-01,8.042e-01,1.277e+00,6.372e-01,7.688e-01,9.199e-01,6.385e-01,1.391e+00,4.184e-01,9.470e-01,9.410e-01,9.042e-01,1.877e+00,1.941e+00,2.178e+00,1.144e+00,8.377e-01,1.673e+00,7.285e-01,1.216e+00,4.801e-01,9.443e-01,1.024e+00
7.342e-02,5.162e-01,3.344e-01,1.034e+00,4.432e-01,1.420e+00,1.317e+00,8.425e-01,1.111e+00,7.293e-01,1.365e+00,1.256e+00,1.323e+00,1.370e+00,6.980e-01,1.740e+00,1.155e+00,1.928e+00,1.297e+00,1.601e+00,1.534e+00,1.315e+00,6.338e-01,6.861e-01,1.406e+00,1.204e+00,1.653e+00,9.157e-01,8.474e-01,6.418e-01,1.707e+00,9.246e-01,1.025e+00,7.063e-01,1.203e+00,6.548e-01,1.723e+00,1.578e+00,1.548e+00,1.218e+00,6.095e-01,1.195e+00,7.438e-01,1.163e+00,1.393e+00,1.255e+00,9.155e-01
1.550e-01,1.159e+00,7.366e-01,2.205e+00,9.481e-01,2.970e+00,2.991e+00,1.648e+00,1.997e+00,2.354e+00,2.857e+00,2.994e+00,2.599e+00,3.357e+00,2.115e+00,2.794e+00,3.172e+00,3.263e+00,2.750e+00,3.563e+00,3.484e+00,2.335e+00,1.938e+00,2.244e+00,3.079e+00,2.786e+00,2.867e+00,2.113e+00,2.714e+00,2.055e+00,3.079e+00,2.373e+00,1.767e+00,2.203e+00,2.896e+00,1.637e+00,3.814e+00,4.142e+00,3.520e+00,2.789e+00,1.696e+00,3.197e+00,1.897e+00,3.047e+00,2.270e+00,2.235e+00,2.394e+00
6.071e-02,6.037e-01,3.692e-01,1.120e+00,3.990e-01,1.125e+00,1.254e+00,1.135e+00,1.577e+00,1.186e+00,1.106e+00,1.706e+00,1.129e+00,2.519e+00,1.996e+00,1.437e+00,1.291e+00,1.634e+00,1.595e+00,2.096e+00,2.163e+00,1.246e+00,1.049e+00,2.015e+00,2.022e+00,2.172e+00,9.880e-01,1.795e+00,1.946e+00,1.748e+00,1.673e+00,1.068e+00,1.355e+00,1.955e+00,2.174e+00,6.489e-01,1.597e+00,2.348e+00,2.165e+00,1.541e+00,1.487e+00,2.217e+00,1.307e+00,1.731e+00,7.778e-01,1.630e+00,1.534e+00
1.538e-01,1.057e+00,8.289e-01,1.959e+00,7.615e-01,2.190e+00,1.947e+00,1.440e+00,2.405e+00,1.958e+00,2.860e+00,2.842e+00,2.897e+00,3.306e+00,1.952e+00,3.564e+00,2.528e+00,3.346e+00,2.480e+00,3.947e+00,3.209e+00,2.042e+00,2.005e+00,1.683e+00,2.501e+00,3.545e+00,2.541e+00,2.609e+00,2.540e+00,2.337e+00,2.478e+00,1.814e+00,2.017e+00,2.143e+00,2.357e+00,2.157e+00,3.219e+00,3.097e+00,3.861e+00,2.479e+00,1.703e+00,3.043e+00,2.177e+00,2.839e+00,1.924e+00,3.030e+00,1.738e+00
5.041e-02,6.324e-01,9.272e-01,1.877e+00,7.614e-01,2.128e+00,2.492e+00,8.058e-01,1.702e+00,2.152e+00,2.522e+00,3.016e+00,2.584e+00,2.852e+00,2.865e+00,2.967e+00,3.216e+00,3.093e+00,2.882e+00,3.716e+00,3.158e+00,2.316e+00,2.227e+00,2.427e+00,3.514e+00,3.607e+00,2.810e+00,3.143e+00,3.219e+00,2.408e+00,3.621e+00,1.561e+00,2.139e+00,2.404e+00,2.658e+00,2.437e+00,3.036e+00,3.101e+00,3.499e+00,2.706e+00,2.009e+00,2.799e+00,2.209e+00,2.589e+00,2.799e+00,2.820e+00,2.723e+00
7.119e-02,4.332e-01,6.317e-01,1.426e+00,6.970e-01,1.733e+00,1.804e+00,1.103e+00,1.683e+00,1.992e+00,3.408e+00,2.226e+00,3.199e+00,2.133e+00,2.627e+00,3.239e+00,3.252e+00,2.913e+00,2.622e+00,3.595e+00,3.309e+00,2.085e+00,2.725e+00,2.533e+00,2.002e+00,3.124e+00,2.832e+00,3.212e+00,3.205e+00,2.236e+00,2.789e+00,2.026e+00,2.269e+00,2.560e+00,2.778e+00,3.219e+00,3.122e+00,3.451e+00,3.590e+00,2.715e+00,2.476e+00,3.081e+00,2.158e+00,3.071e+00,2.099e+00,2.722e+00,2.019e+00
4.584e-02,4.330e-01,2.284e-01,1.055e+00,4.654e-01,1.455e+00,2.061e+00,1.314e+00,1.719e+00,1.852e+00,2.135e+00,3.276e+00,2.826e+00,3.585e+00,2.827e+00,3.245e+00,3.494e+00,4.283e+00,3.584e+00,3.620e+00,3.224e+00,3.303e+00,3.229e+00,3.426e+00,3.055e+00,3.772e+00,3.127e+00,3.238e+00,3.226e+00,2.095e+00,4.026e+00,2.258e+00,2.865e+00,3.413e+00,3.452e+00,1.971e+00,3.038e+00,3.909e+00,3.598e+00,3.533e+00,2.178e+00,2.642e+00,2.136e+00,3.528e+00,3.478e+00,2.796e+00,3.182e+00
6.380e-02,6.681e-01,5.608e-01,1.341e+00,5.190e-01,1.711e+00,1.427e+00,6.126e-01,1.117e+00,1.353e+00,2.566e+00,2.587e+00,3.237e+00,2.691e+00,3.092e+00,3.121e+00,3.314e+00,3.087e+00,2.568e+00,4.032e+00,2.817e+00,2.828e+00,2.989e+00,2.780e+00,2.438e+00,4.035e+00,2.906e+00,3.893e+00,2.877e+00,1.607e+00,2.987e+00,2.370e+00,3.205e+00,2.481e+00,2.586e+00,3.620e+00,3.187e+00,3.089e+00,3.824e+00,3.612e+00,2.924e+00,2.990e+00,2.829e+00,3.730e+00,2.904e+00,2.892e+00,2.502e+00
1.100e-02,4.013e-01,3.767e-01,1.384e+00,6.512e-01,1.963e+00,1.998e+00,1.217e+00,1.573e+00,1.893e+00,2.059e+00,2.699e+00,3.056e+00,3.507e+00,3.023e+00,3.389e+00,4.481e+00,3.494e+00,3.660e+00,4.031e+00,3.382e+00,3.069e+00,3.662e+00,3.653e+00,3.337e+00,3.999e+00,2.809e+00,4.084e+00,4.050e+00,1.837e+00,3.085e+00,2.961e+00,3.330e+00,2.981e+00,3.050e+00,3.119e+00,4.378e+00,4.032e+00,4.824e+00,4.309e+00,2.672e+00,3.396e+00,3.520e+00,4.842e+00,3.236e+00,2.915e+00,3.394e+00
7.456e-03,3.141e-01,8.274e-01,1.839e+00,8.769e-01,2.362e+00,2.539e+00,1.528e+00,2.774e+00,2.124e+00,2.883e+00,3.070e+00,3.590e+00,3.569e+00,3.821e+00,4.341e+00,4.031e+00,4.364e+00,3.997e+00,5.401e+00,5.083e+00,4.107e+00,3.302e+00,3.824e+00,4.249e+00,4.822e+00,4.055e+00,4.305e+00,4.253e+00,3.086e+00,4.167e+00,2.889e+00,3.603e+00,3.252e+00,3.978e+00,3.614e+00,4.180e+00,4.650e+00,5.632e+00,4.109e+00,3.175e+00,4.787e+00,3.868e+00,4.696e+00,4.256e+00,3.890e+00,3.651e+00
1.324e-01,1.074e+00,9.132e-01,2.372e+00,9.654e-01,2.714e+00,2.371e+00,1.726e+00,2.469e+00,1.905e+00,3.835e+00,3.660e+00,4.042e+00,4.335e+00,4.339e+00,5.306e+00,4.801e+00,5.421e+00,5.954e+00,6.248e+00,6.107e+00,6.131e+00,3.962e+00,5.830e+00,5.130e+00,6.209e+00,5.308e+00,5.482e+00,5.149e+00,3.519e+00,5.959e+00,3.973e+00,5.118e+00,5.157e+00,5.352e+00,4.277e+00,5.629e+00,5.899e+00,6.101e+00,5.858e+00,4.105e+00,5.635e+00,4.210e+00,6.650e+00,5.713e+00,5.412e+00,3.969e+00
4.789e-02,3.884e-01,2.915e-01,9.109e-01,4.394e-01,1.361e+00,1.032e+00,8.715e-01,1.213e+00,1.165e+00,2.214e+00,2.024e+00,2.992e+00,2.391e+00,2.819e+00,3.147e+00,4.557e+00,3.713e+00,3.577e+00,4.173e+00,4.385e+00,3.800e+00,3.977e+00,3.542e+00,2.621e+00,4.500e+00,3.075e+00,4.434e+00,3.458e+00,2.881e+00,2.737e+00,3.112e+00,4.028e+00,2.945e+00,3.352e+00,4.587e+00,4.505e+00,4.182e+00,4.525e+00,4.636e+00,3.696e+00,4.374e+00,3.695e+00,5.697e+00,3.556e+00,4.112e+00,2.672e+00
8.390e-02,6.655e-01,7.827e-01,2.107e+00,9.299e-01,2.160e+00,2.167e+00,1.486e+00,2.008e+00,2.547e+00,3.262e+00,3.049e+00,3.889e+00,3.071e+00,3.582e+00,3.810e+00,5.154e+00,5.403e+00,4.984e+00,6.488e+00,5.629e+00,4.561e+00,5.054e+00,4.576e+00,4.598e+00,6.302e+00,4.461e+00,5.437e+00,5.260e+00,3.815e+00,5.251e+00,3.769e+00,4.370e+00,4.307e+00,4.153e+00,4.842e+00,5.349e+00,4.784e+00,5.966e+00,5.027e+00,3.702e+00,5.401e+00,4.871e+00,6.006e+00,5.258e+00,5.640e+00,3.274e+00
4.609e-02,5.486e-01,3.713e-01,1.410e+00,5.841e-01,1.611e+00,1.830e+00,1.300e+00,1.539e+00,1.572e+00,2.122e+00,2.511e+00,2.571e+00,3.304e+00,3.094e+00,2.964e+00,3.949e+00,4.869e+00,4.307e+00,5.423e+00,5.225e+00,3.980e+00,4.775e+00,5.765e+00,4.927e+00,5.197e+00,4.686e+00,4.964e+00,5.265e+00,3.881e+00,5.094e+00,3.694e+00,4.517e+00,4.438e+00,4.160e+00,3.743e+00,5.368e+00,4.877e+00,4.916e+00,5.915e+00,4.088e+00,5.260e+00,4.452e+00,6.405e+00,4.016e+00,4.895e+00,4.057e+00
3.810e-03,1.131e-01,3.276e-01,1.115e+00,5.864e-01,1.425e+00,2.114e+00,1.262e+00,1.612e+00,1.759e+00,2.277e+00,1.781e+00,2.443e+00,2.663e+00,2.579e+00,3.042e+00,4.344e+00,3.922e+00,4.400e+00,4.816e+00,5.387e+00,4.141e+00,4.974e+00,5.452e+00,4.549e+00,5.016e+00,4.186e+00,4.930e+00,5.153e+00,4.494e+00,5.305e+00,3.141e+00,5.034e+00,4.756e+00,4.729e+00,4.007e+00,5.848e+00,4.974e+00,5.177e+00,6.089e+00,3.583e+00,5.654e+00,3.468e+00,6.301e+00,3.968e+00,4.336e+00,3.881e+00
3.080e-02,3.175e-01,6.307e-01,1.477e+00,6.693e-01,1.538e+00,2.077e+00,1.113e+00,1.848e+00,2.182e+00,2.866e+00,2.076e+00,2.873e+00,2.878e+00,3.067e+00,3.620e+00,4.772e+00,4.563e+00,4.568e+00,6.130e+00,6.292e+00,4.794e+00,5.779e+00,5.417e+00,5.205e+00,7.295e+00,4.978e+00,6.534e+00,6.503e+00,5.898e+00,6.196e+00,4.517e+00,5.846e+00,5.203e+00,5.473e+00,5.903e+00,7.012e+00,5.049e+00,6.525e+00,6.223e+00,4.229e+00,6.932e+00,5.745e+00,7.619e+00,5.059e+00,5.993e+00,4.354e+00
6.918e-02,4.687e-01,6.645e-01,1.624e+00,7.636e-01,1.879e+00,2.275e+00,1.690e+00,2.637e+00,2.420e+00,3.074e+00,3.484e+00,4.005e+00,3.959e+00,3.920e+00,4.457e+00,5.950e+00,6.425e+00,5.944e+00,7.446e+00,7.713e+00,7.256e+00,7.173e+00,6.885e+00,6.436e+00,8.875e+00,6.250e+00,7.061e+00,7.013e+00,7.732e+00,7.227e+00,4.973e+00,7.288e+00,7.620e+00,6.727e+00,6.207e+00,8.128e+00,6.190e+00,8.432e+00,7.683e+00,5.400e+00,8.318e+00,6.196e+00,8.750e+00,6.612e+00,7.758e+00,6.069e+00
1.337e-01,9.680e-01,7.388e-01,1.897e+00,7.874e-01,2.400e+00,2.500e+00,1.588e+00,2.435e+00,2.254e+00,3.315e+00,3.691e+00,3.743e+00,4.236e+00,3.729e+00,4.450e+00,5.140e+00,5.799e+00,5.022e+00,6.592e+00,6.151e+00,6.038e+00,6.170e+00,6.085e+00,5.515e+00,8.290e+00,6.293e+00,6.283e+00,6.438e+00,6.164e+00,6.894e+00,5.171e+00,6.750e+00,6.880e+00,6.056e+00,5.499e+00,7.365e+00,6.259e+00,7.469e+00,7.510e+00,4.666e+00,7.318e+00,5.313e+00,8.061e+00,5.497e+00,6.218e+00,5.568e+00
3.822e-02,3.879e-01,4.229e-01,1.005e+00,3.959e-01,1.086e+00,1.361e+00,7.702e-01,1.301e+00,1.306e+00,2.007e+00,2.526e+00,2.950e+00,3.051e+00,3.767e+00,3.503e+00,5.345e+00,5.016e+00,5.322e+00,6.000e+00,6.053e+00,6.727e+00,6.350e+00,6.886e+00,6.199e+00,8.952e+00,5.854e+00,7.457e+00,6.340e+00,6.722e+00,6.564e+00,4.710e+00,7.885e+00,7.586e+00,6.297e+00,6.041e+00,7.653e+00,5.382e+00,7.402e+00,8.101e+00,5.993e+00,7.009e+00,6.594e+00,8.736e+00,7.087e+00,6.753e+00,5.867e+00
1.365e-03,2.707e-01,8.018e-01,1.731e+00,8.104e-01,2.128e+00,2.890e+00,1.228e+00,2.328e+00,2.635e+00,3.563e+00,3.634e+00,4.466e+00,4.334e+00,4.756e+00,4.864e+00,5.846e+00,5.956e+00,5.160e+00,7.101e+00,5.914e+00,6.088e+00,6.872e+00,6.591e+00,6.269e+00,9.690e+00,6.495e+00,8.046e+00,7.754e+00,6.280e+00,8.142e+00,5.777e+00,7.326e+00,7.001e+00,7.262e+00,7.379e+00,7.343e+00,6.328e+00,8.433e+00,7.880e+00,5.313e+00,7.884e+00,6.383e+00,8.713e+00,7.081e+00,6.403e+00,6.223e+00
6.568e-03,7.523e-02,4.458e-01,8.887e-01,4.671e-01,1.213e+00,2.038e+00,1.148e+00,2.236e+00,2.272e+00,2.810e+00,2.837e+00,3.660e+00,3.233e+00,4.248e+00,4.251e+00,6.107e+00,5.013e+00,5.433e+00,6.521e+00,7.028e+00,5.222e+00,6.635e+00,6.459e+00,6.663e+00,1.034e+01,6.358e+00,8.836e+00,8.076e+00,7.441e+00,6.827e+00,5.828e+00,7.798e+00,7.256e+00,7.783e+00,7.586e+00,7.362e+00,6.748e+00,9.456e+00,8.623e+00,6.084e+00,8.594e+00,6.952e+00,1.063e+01,6.932e+00,7.416e+00,6.495e+00
1.488e-02,4.035e-01,7.226e-01,1.826e+00,8.694e-01,2.541e+00,2.760e+00,1.406e+00,2.247e+00,1.876e+00,2.832e+00,2.612e+00,3.234e+00,3.144e+00,3.135e+00,3.762e+00,4.634e+00,5.059e+00,4.158e+00,4.867e+00,5.531e+00,5.121e+00,4.470e+00,4.819e+00,5.038e+00,7.399e+00,4.835e+00,6.948e+00,6.499e+00,6.096e+00,7.197e+00,5.409e+00,5.971e+00,5.179e+00,6.840e+00,5.235e+00,7.558e+00,6.769e+00,6.810e+00,6.386e+00,4.563e+00,6.655e+00,6.017e+00,7.403e+00,5.628e+00,6.326e+00,5.443e+00
5.729e-02,5.541e-01,3.352e-01,1.002e+00,3.745e-01,1.163e+00,9.885e-01,9.340e-01,1.332e+00,9.706e-01,1.854e+00,1.894e+00,2.397e+00,2.594e+00,3.229e+00,2.708e+00,3.801e+00,3.315e+00,3.379e+00,4.219e+00,4.529e+00,4.426e+00,4.298e+00,4.654e+00,3.936e+00,6.583e+00,3.720e+00,5.962e+00,5.195e+00,5.245e+00,5.261e+00,4.584e+00,6.475e+00,5.974e+00,5.448e+00,5.995e+00,6.417e+00,4.798e+00,6.358e+00,5.949e+00,4.655e+00,6.015e+00,4.832e+00,7.257e+00,4.450e+00,5.861e+00,4.245e+00
3.045e-02,4.732e-01,6.826e-01,1.413e+00,5.704e-01,1.707e+00,2.274e+00,7.208e-01,1.656e+00,2.266e+00,2.489e+00,3.287e+00,3.096e+00,3.650e+00,3.642e+00,3.987e+00,5.500e+00,4.470e+00,4.790e+00,5.636e+00,5.542e+00,5.170e+00,5.596e+00,4.908e+00,5.369e+00,8.368e+00,5.031e+00,7.153e+00,7.963e+00,6.803e+00,8.001e+00,6.427e+00,7.108e+00,7.097e+00,6.437e+00,7.366e+00,8.037e+00,6.618e+00,8.860e+00,7.069e+00,5.028e+00,7.393e+00,6.411e+00,9.019e+00,6.285e+00,7.218e+00,6.402e+00
4.704e-02,5.632e-01,4.237e-01,1.481e+00,6.385e-01,1.836e+00,1.747e+00,1.096e+00,1.260e+00,1.444e+00,2.178e+00,2.065e+00,2.355e+00,2.599e+00,2.364e+00,2.848e+00,3.476e+00,3.983e+00,3.930e+00,4.972e+00,5.047e+00,5.328e+00,5.052e+00,5.939e+00,5.627e+00,8.034e+00,5.218e+00,7.065e+00,7.158e+00,7.388e+00,7.932e+00,6.733e+00,6.766e+00,6.975e+00,7.322e+00,6.267e+00,9.066e+00,6.427e+00,8.575e+00,7.505e+00,4.701e+00,7.348e+00,6.965e+00,8.590e+00,6.665e+00,6.570e+00,6.924e+00
2.392e-03,3.432e-01,5.671e-01,1.250e+00,5.963e-01,1.983e+00,1.922e+00,7.757e-01,1.553e+00,1.836e+00,2.127e+00,3.163e+00,2.950e+00,3.163e+00,3.156e+00,3.605e+00,4.729e+00,4.410e+00,4.416e+00,5.697e+00,5.221e+00,5.328e+00,5.924e+00,6.376e+00,5.710e+00,8.445e+00,5.958e+00,7.696e+00,8.811e+00,8.073e+00,9.446e+00,8.068e+00,7.229e+00,8.286e+00,7.406e+00,7.873e+00,9.350e+00,8.176e+00,1.145e+01,9.057e+00,5.998e+00,8.842e+00,7.456e+00,1.006e+01,7.288e+00,8.009e+00,8.463e+00
1.218e-01,1.023e+00,9.310e-01,2.382e+00,9.602e-01,2.580e+00,2.849e+00,1.486e+00,2.151e+00,2.681e+00,3.878e+00,3.807e+00,4.405e+00,4.785e+00,4.378e+00,4.662e+00,5.707e+00,6.072e+00,5.388e+00,7.318e+00,6.525e+00,6.056e+00,6.288e+00,6.354e+00,6.141e+00,9.679e+00,6.643e+00,8.168e+00,8.663e+00,6.624e+00,9.482e+00,8.486e+00,8.464e+00,8.450e+00,8.251e+00,8.127e+00,9.757e+00,8.019e+00,1.072e+01,8.740e+00,6.150e+00,9.286e+00,8.140e+00,1.119e+01,8.280e+00,8.943e+00,6.955e+00
8.769e-02,5.702e-01,5.286e-01,1.599e+00,6.971e-01,1.662e+00,1.817e+00,1.364e+00,1.678e+00,1.563e+00,3.224e+00,2.640e+00,3.616e+00,3.084e+00,3.613e+00,4.241e+00,4.688e+00,5.096e+00,5.307e+00,5.691e+00,5.972e+00,7.145e+00,5.560e+00,5.969e+00,5.396e+00,8.278e+00,6.031e+00,7.254e+00,7.104e+00,6.968e+00,9.360e+00,7.015e+00,8.176e+00,9.233e+00,8.538e+00,8.347e+00,9.883e+00,8.210e+00,1.055e+01,8.735e+00,6.879e+00,9.069e+00,7.568e+00,9.791e+00,9.961e+00,8.391e+00,7.198e+00
1.442e-01,1.025e+00,8.712e-01,2.134e+00,8.280e-01,1.996e+00,1.770e+00,1.223e+00,1.712e+00,2.198e+00,3.084e+00,3.334e+00,3.653e+00,3.853e+00,3.070e+00,4.029e+00,5.576e+00,5.746e+00,5.284e+00,6.896e+00,5.995e+00,5.401e+00,7.038e+00,6.873e+00,5.888e+00,9.420e+00,6.525e+00,8.389e+00,9.118e+00,9.051e+00,1.021e+01,8.878e+00,8.754e+00,1.104e+01,8.893e+00,1.019e+01,1.179e+01,9.064e+00,1.336e+01,1.074e+01,7.162e+00,1.044e+01,9.732e+00,1.150e+01,8.977e+00,1.053e+01,8.347e+00
2.279e-02,2.292e-01,8.081e-01,1.358e+00,7.111e-01,2.097e+00,2.564e+00,7.608e-01,1.882e+00,2.291e+00,2.816e+00,3.028e+00,3.701e+00,2.892e+00,3.311e+00,3.844e+00,5.593e+00,5.126e+00,4.614e+00,6.731e+00,6.295e+00,5.595e+00,6.559e+00,6.056e+00,6.547e+00,8.967e+00,7.018e+00,7.733e+00,8.234e+00,8.839e+00,8.954e+00,7.757e+00,7.735e+00,8.463e+00,8.299e+00,8.855e+00,1.102e+01,8.129e+00,1.205e+01,9.405e+00,6.242e+00,1.055e+01,8.464e+00,1.057e+01,9.766e+00,8.945e+00,8.396e+00
9.672e-02,7.484e-01,3.419e-01,1.028e+00,3.997e-01,1.646e+00,1.731e+00,1.093e+00,1.654e+00,1.280e+00,2.039e+00,2.600e+00,2.599e+00,3.193e+00,3.188e+00,3.164e+00,3.800e+00,3.967e+00,3.808e+00,5.176e+00,4.790e+00,4.817e+00,4.372e+00,4.908e+00,4.975e+00,6.686e+00,4.988e+00,5.425e+00,5.926e+00,6.386e+00,6.393e+00,5.771e+00,6.131e+00,7.438e+00,6.981e+00,6.544e+00,7.604e+00,7.521e+00,9.308e+00,7.081e+00,5.744e+00,7.574e+00,6.883e+00,8.272e+00,7.012e+00,6.641e+00,6.776e+00
9.032e-02,5.490e-01,8.141e-02,1.021e+00,5.130e-01,1.546e+00,1.295e+00,1.539e+00,1.488e+00,1.254e+00,1.952e+00,2.273e+00,2.845e+00,2.897e+00,2.278e+00,3.286e+00,4.750e+00,5.101e+00,4.529e+00,4.727e+00,4.685e+00,4.893e+00,5.308e+00,5.618e+00,4.341e+00,7.131e+00,5.257e+00,6.052e+00,5.707e+00,5.024e+00,6.078e+00,6.078e+00,6.737e+00,7.627e+00,6.165e+00,6.458e+00,8.961e+00,6.910e+00,9.810e+00,8.882e+00,5.955e+00,7.834e+00,7.867e+00,9.583e+00,8.796e+00,6.901e+00,6.285e+00
1.150e-01,9.189e-01,2.994e-01,1.397e+00,5.940e-01,2.127e+00,2.083e+00,1.606e+00,1.907e+00,2.117e+00,2.526e+00,3.746e+00,3.346e+00,4.240e+00,3.631e+00,3.702e+00,4.808e+00,4.942e+00,5.072e+00,6.138e+00,6.201e+00,6.067e+00,5.718e+00,6.420e+00,5.468e+00,7.980e+00,5.726e+00,6.644e+00,7.106e+00,7.007e+00,8.149e+00,8.063e+00,7.327e+00,8.509e+00,8.406e+00,7.172e+00,1.041e+01,9.373e+00,1.194e+01,9.914e+00,5.971e+00,1.029e+01,8.376e+00,1.085e+01,1.011e+01,9.179e+00,8.783e+00
8.584e-02,5.215e-01,3.135e-01,9.296e-01,4.000e-01,1.170e+00,1.047e+00,1.013e+00,1.393e+00,1.078e+00,1.851e+00,1.869e+00,2.562e+00,2.190e+00,2.396e+00,3.002e+00,3.908e+00,4.302e+00,4.201e+00,5.054e+00,4.502e+00,5.478e+00,5.408e+00,5.432e+00,4.902e+00,8.967e+00,5.616e+00,6.899e+00,7.165e+00,6.995e+00,8.764e+00,7.937e+00,8.699e+00,9.790e+00,7.919e+00,8.230e+00,1.025e+01,8.330e+00,1.294e+01,1.004e+01,7.526e+00,1.029e+01,1.012e+01,1.152e+01,1.121e+01,1.097e+01,8.073e+00
2.501e-02,2.275e-01,4.842e-01,1.192e+00,5.845e-01,1.452e+00,1.861e+00,1.404e+00,2.361e+00,2.028e+00,3.041e+00,2.538e+00,3.717e+00,3.485e+00,3.458e+00,4.156e+00,5.017e+00,4.878e+00,3.918e+00,5.197e+00,5.130e+00,4.526e+00,5.807e+00,4.855e+00,4.102e+00,8.148e+00,4.501e+00,7.024e+00,7.364e+00,7.350e+00,7.909e+00,7.385e+00,8.092e+00,8.845e+00,8.428e+00,1.027e+01,1.147e+01,9.852e+00,1.217e+01,1.051e+01,8.561e+00,1.124e+01,1.021e+01,1.108e+01,1.004e+01,1.118e+01,8.254e+00
4.452e-02,2.721e-01,1.864e-01,4.631e-01,3.034e-01,1.351e+00,1.455e+00,1.065e+00,1.832e+00,1.399e+00,2.354e+00,2.763e+00,3.228e+00,2.792e+00,3.755e+00,3.958e+00,4.901e+00,5.081e+00,5.144e+00,6.756e+00,6.312e+00,6.085e+00,6.459e+00,7.354e+00,6.764e+00,9.751e+00,7.489e+00,8.245e+00,9.646e+00,9.562e+00,9.846e+00,9.604e+00,9.410e+00,1.169e+01,1.011e+01,9.733e+00,1.201e+01,9.481e+00,1.435e+01,1.173e+01,8.988e+00,1.290e+01,1.139e+01,1.318e+01,1.212e+01,1.226e+01,1.131e+01
1.272e-01,1.094e+00,9.474e-01,2.275e+00,9.156e-01,2.632e+00,2.298e+00,1.300e+00,1.935e+00,2.268e+00,3.410e+00,3.579e+00,3.532e+00,3.705e+00,4.146e+00,3.872e+00,5.083e+00,5.016e+00,5.019e+00,6.738e+00,7.044e+00,6.380e+00,5.860e+00,6.915e+00,6.144e+00,9.183e+00,6.538e+00,8.150e+00,8.317e+00,8.288e+00,8.175e+00,7.370e+00,7.679e+00,9.408e+00,8.291e+00,8.457e+00,1.084e+01,9.918e+00,1.261e+01,1.114e+01,9.122e+00,1.261e+01,1.219e+01,1.305e+01,1.123e+01,1.173e+01,1.081e+01
3.714e-02,5.203e-01,4.879e-01,1.307e+00,5.411e-01,1.654e+00,1.764e+00,1.154e+00,1.776e+00,1.408e+00,2.307e+00,2.391e+00,2.737e+00,3.612e+00,3.656e+00,3.481e+00,4.273e+00,4.387e+00,4.040e+00,5.406e+00,4.823e+00,4.303e+00,5.340e+00,6.310e+00,4.892e+00,6.989e+00,5.150e+00,6.468e+00,7.579e+00,6.727e+00,8.410e+00,7.716e+00,8.063e+00,8.875e+00,7.609e+00,8.257e+00,1.014e+01,8.729e+00,1.085e+01,9.911e+00,7.644e+00,1.025e+01,8.734e+00,1.071e+01,9.000e+00,9.767e+00,7.880e+00
3.107e-02,2.328e-01,3.233e-01,1.090e+00,5.581e-01,1.509e+00,2.211e+00,1.540e+00,2.255e+00,2.044e+00,2.952e+00,2.517e+00,3.094e+00,3.186e+00,3.479e+00,4.260e+00,4.674e+00,4.876e+00,5.036e+00,6.053e+00,6.404e+00,5.735e+00,5.943e+00,6.433e+00,6.947e+00,9.126e+00,6.426e+00,8.098e+00,8.794e+00,8.631e+00,8.342e+00,6.908e+00,7.801e+00,8.655e+00,9.256e+00,8.113e+00,1.043e+01,9.007e+00,1.165e+01,1.040e+01,6.922e+00,1.078e+01,1.041e+01,1.296e+01,1.061e+01,1.071e+01,9.780e+00
9.620e-02,8.352e-01,5.256e-01,1.423e+00,5.734e-01,2.019e+00,2.090e+00,1.318e+00,2.113e+00,2.132e+00,2.784e+00,3.482e+00,3.466e+00,3.932e+00,4.168e+00,3.805e+00,4.639e+00,4.551e+00,4.317e+00,6.409e+00,5.768e+00,5.534e+00,5.454e+00,5.583e+00,5.452e+00,8.289e+00,5.360e+00,7.050e+00,7.360e+00,7.137e+00,7.802e+00,6.683e+00,6.965e+00,8.432e+00,8.068e+00,8.536e+00,9.503e+00,9.827e+00,1.204e+01,1.034e+01,7.899e+00,1.102e+01,1.081e+01,1.191e+01,1.192e+01,1.131e+01,9.930e+00
7.627e-02,8.086e-01,9.862e-01,2.496e+00,1.082e+00,2.828e+00,2.600e+00,1.590e+00,2.274e+00,2.187e+00,3.253e+00,3.282e+00,4.104e+00,4.009e+00,3.723e+00,4.405e+00,5.984e+00,5.802e+00,5.178e+00,6.608e+00,6.541e+00,5.574e+00,6.434e+00,6.989e+00,6.270e+00,8.916e+00,6.593e+00,8.374e+00,8.501e+00,8.120e+00,9.453e+00,8.406e+00,9.325e+00,1.004e+01,8.061e+00,9.715e+00,1.252e+01,1.013e+01,1.414e+01,1.115e+01,9.432e+00,1.120e+01,1.093e+01,1.325e+01,1.178e+01,1.226e+01,1.110e+01
5.958e-04,3.604e-01,3.628e-01,9.655e-01,3.826e-01,1.304e+00,1.498e+00,8.125e-01,1.360e+00,1.283e+00,1.818e+00,2.374e+00,2.054e+00,2.800e+00,3.613e+00,2.948e+00,3.485e+00,3.234e+00,4.052e+00,4.694e+00,4.627e+00,4.464e+00,4.340e+00,6.044e+00,5.466e+00,6.514e+00,4.588e+00,6.431e+00,7.809e+00,7.400e+00,7.993e+00,6.960e+00,7.312e+00,8.515e+00,7.619e+00,6.427e+00,9.851e+00,8.634e+00,1.063e+01,9.583e+00,6.992e+00,9.743e+00,9.167e+00,1.070e+01,9.720e+00,1.052e+01,1.015e+01
