1.501e-01,6.919e-01,4.236e-01,2.191e-01,7.261e-01,6.830e-01,6.751e-01,2.488e-01,7.772e-01,8.576e-01,6.817e-01,5.656e-01,3.380e-01,7.414e-01,4.169e-01,9.337e-01,2.061e-02,4.796e-01,6.555e-02,1.554e-02,2.057e-01,3.188e-01,7.637e-01,3.033e-01,8.357e-01,4.073e-02,3.726e-01,8.494e-01,3.543e-01,3.850e-01,6.757e-01,6.083e-01,1.778e-02,2.416e-02,5.749e-01,1.774e-01,9.440e-02,3.493e-01,8.396e-01,7.887e-02,6.110e-02,3.440e-01,4.967e-01,5.282e-01,6.383e-02,5.768e-01,6.495e-01,2.617e-01,4.407e-01,7.321e-01,1.458e-01,8.492e-01,7.112e-01,9.547e-01,3.220e-01,8.790e-01
6.891e-02,1.091e+00,5.614e-01,7.013e-01,5.435e-01,5.237e-01,1.133e+00,1.371e-01,3.921e-01,5.935e-01,9.965e-01,1.233e+00,5.916e-01,1.277e+00,4.579e-01,7.462e-01,2.778e-01,1.161e+00,2.954e-01,6.515e-01,3.444e-01,8.522e-01,1.101e+00,9.215e-01,5.889e-01,3.655e-02,5.844e-01,8.933e-01,2.834e-01,9.456e-01,1.053e+00,4.817e-01,7.724e-01,6.280e-01,2.826e-01,7.824e-01,2.234e-01,7.051e-01,6.229e-01,2.966e-01,3.114e-02,1.971e-01,5.246e-01,5.234e-01,1.127e-01,5.217e-01,1.165e+00,4.532e-01,4.435e-01,1.229e+00,4.400e-01,8.985e-01,5.318e-01,1.227e+00,5.633e-01,4.597e-01
1.165e-01,6.064e-01,5.807e-01,4.104e-01,1.099e+00,1.491e+00,1.387e+00,9.698e-01,1.138e+00,1.679e+00,1.056e+00,1.160e+00,6.251e-01,1.022e+00,4.295e-01,1.248e+00,1.188e-01,9.002e-01,1.512e-01,9.192e-01,3.043e-01,1.096e+00,1.298e+00,8.426e-01,1.298e+00,2.732e-01,6.421e-01,1.101e+00,9.173e-01,4.020e-01,6.025e-01,5.155e-01,1.036e+00,5.675e-01,8.957e-01,1.041e+00,5.859e-01,4.134e-01,1.459e+00,7.890e-01,4.390e-01,1.207e+00,1.398e+00,6.250e-01,7.705e-01,5.648e-01,1.268e+00,8.904e-01,1.176e+00,7.328e-01,9.016e-01,8.869e-01,1.265e+00,1.513e+00,1.083e+00,1.205e+00
1.328e-01,1.341e+00,8.390e-01,1.664e+00,1.765e+00,1.892e+00,2.689e+00,1.326e+00,1.841e+00,1.633e+00,2.392e+00,2.392e+00,1.046e+00,2.105e+00,7.527e-01,1.512e+00,5.189e-01,2.149e+00,3.667e-01,1.665e+00,8.800e-01,2.352e+00,1.958e+00,2.176e+00,1.309e+00,5.101e-01,1.294e+00,2.218e+00,1.244e+00,2.053e+00,2.000e+00,1.646e+00,1.952e+00,1.569e+00,1.392e+00,1.390e+00,7.186e-01,1.664e+00,1.997e+00,1.350e+00,4.995e-01,1.459e+00,1.428e+00,1.530e+00,8.698e-01,1.647e+00,2.359e+00,1.488e+00,1.641e+00,2.042e+00,1.793e+00,1.793e+00,1.812e+00,2.955e+00,1.891e+00,1.138e+00
1.284e-01,9.349e-01,6.119e-01,7.396e-01,1.413e+00,1.395e+00,2.351e+00,1.657e+00,1.517e+00,1.954e+00,2.205e+00,2.001e+00,8.366e-01,1.902e+00,7.027e-01,1.661e+00,1.181e+00,1.420e+00,6.309e-01,1.772e+00,1.245e+00,1.232e+00,1.810e+00,1.894e+00,1.065e+00,1.212e+00,1.035e+00,2.172e+00,1.241e+00,1.398e+00,1.206e+00,1.695e+00,1.816e+00,7.090e-01,9.006e-01,9.958e-01,5.121e-01,1.594e+00,2.022e+00,1.579e+00,4.482e-01,1.077e+00,1.528e+00,1.410e+00,1.407e+00,9.014e-01,1.401e+00,1.639e+00,1.293e+00,1.482e+00,9.583e-01,2.015e+00,1.793e+00,2.181e+00,1.391e+00,1.580e+00
1.131e-01,1.236e+00,7.297e-01,1.313e+00,1.406e+00,1.593e+00,2.529e+00,1.187e+00,2.334e+00,1.712e+00,2.267e+00,2.702e+00,1.121e+00,2.206e+00,1.014e+00,1.363e+00,1.438e+00,2.114e+00,7.960e-01,1.518e+00,1.746e+00,2.149e+00,2.039e+00,1.895e+00,2.011e+00,1.293e+00,2.086e+00,2.527e+00,1.840e+00,2.012e+00,2.515e+00,1.937e+00,2.354e+00,2.146e+00,1.341e+00,1.987e+00,9.958e-01,1.915e+00,2.206e+00,2.158e+00,8.460e-01,1.920e+00,1.975e+00,1.324e+00,1.382e+00,1.800e+00,2.342e+00,1.751e+00,1.473e+00,2.799e+00,1.685e+00,1.776e+00,2.421e+00,3.415e+00,1.971e+00,1.682e+00
1.054e-01,1.128e+00,8.027e-01,1.152e+00,1.644e+00,1.993e+00,3.876e+00,2.551e+00,2.697e+00,2.746e+00,3.513e+00,3.474e+00,2.213e+00,2.601e+00,1.642e+00,1.907e+00,1.702e+00,2.446e+00,1.303e+00,2.987e+00,1.972e+00,2.828e+00,2.703e+00,2.783e+00,2.374e+00,1.897e+00,2.640e+00,2.952e+00,2.477e+00,2.153e+00,2.750e+00,2.110e+00,3.243e+00,2.567e+00,1.668e+00,2.764e+00,1.476e+00,2.030e+00,2.722e+00,2.859e+00,1.207e+00,2.882e+00,2.989e+00,1.722e+00,2.474e+00,1.478e+00,2.628e+00,2.563e+00,2.078e+00,2.471e+00,2.496e+00,2.988e+00,3.250e+00,3.951e+00,2.340e+00,2.128e+00
4.000e-02,5.066e-01,4.144e-01,7.425e-01,1.160e+00,1.439e+00,2.628e+00,2.066e+00,2.517e+00,2.353e+00,2.515e+00,3.166e+00,1.707e+00,2.812e+00,1.261e+00,2.147e+00,2.520e+00,2.451e+00,1.882e+00,2.838e+00,2.908e+00,2.712e+00,2.716e+00,1.999e+00,1.754e+00,2.125e+00,2.125e+00,2.877e+00,2.472e+00,2.187e+00,1.996e+00,2.186e+00,3.045e+00,2.767e+00,1.517e+00,2.755e+00,1.891e+00,2.425e+00,2.607e+00,2.850e+00,1.057e+00,3.125e+00,2.348e+00,2.061e+00,3.029e+00,1.460e+00,2.690e+00,2.639e+00,2.151e+00,2.389e+00,2.648e+00,2.777e+00,3.024e+00,3.592e+00,2.046e+00,1.937e+00
4.059e-02,4.804e-01,3.718e-01,7.087e-01,1.106e+00,1.247e+00,2.721e+00,2.107e+00,2.437e+00,2.785e+00,3.514e+00,2.558e+00,2.069e+00,2.064e+00,1.365e+00,1.786e+00,2.488e+00,2.194e+00,2.066e+00,2.777e+00,2.499e+00,2.122e+00,2.203e+00,2.656e+00,1.472e+00,1.910e+00,2.197e+00,3.085e+00,2.183e+00,2.529e+00,2.183e+00,2.133e+00,3.410e+00,2.765e+00,1.563e+00,2.497e+00,1.744e+00,1.887e+00,2.617e+00,2.834e+00,1.715e+00,3.063e+00,2.496e+00,2.305e+00,2.718e+00,1.874e+00,1.787e+00,2.779e+00,1.934e+00,1.958e+00,2.262e+00,3.084e+00,3.106e+00,2.922e+00,1.750e+00,1.928e+00
2.857e-02,7.767e-01,5.937e-01,1.231e+00,1.296e+00,1.705e+00,2.851e+00,1.879e+00,2.433e+00,3.313e+00,3.016e+00,3.464e+00,2.916e+00,2.965e+00,1.740e+00,2.377e+00,2.203e+00,3.109e+00,2.268e+00,3.863e+00,2.462e+00,4.022e+00,3.497e+00,3.182e+00,2.702e+00,1.987e+00,2.551e+00,3.743e+00,2.617e+00,2.853e+00,2.358e+00,2.294e+00,4.215e+00,4.103e+00,2.253e+00,3.629e+00,2.859e+00,2.499e+00,3.222e+00,3.485e+00,1.827e+00,4.233e+00,3.236e+00,3.052e+00,3.507e+00,2.523e+00,3.880e+00,3.450e+00,3.139e+00,2.795e+00,4.038e+00,2.876e+00,3.696e+00,4.120e+00,2.998e+00,2.049e+00
7.729e-02,1.071e+00,6.229e-01,8.757e-01,9.577e-01,1.037e+00,1.968e+00,9.693e-01,1.415e+00,2.362e+00,2.766e+00,2.369e+00,2.347e+00,2.896e+00,1.567e+00,1.978e+00,1.605e+00,2.850e+00,1.509e+00,3.377e+00,1.600e+00,2.695e+00,3.241e+00,2.931e+00,2.791e+00,1.632e+00,2.282e+00,2.946e+00,1.713e+00,2.256e+00,2.676e+00,1.818e+00,3.412e+00,2.823e+00,1.739e+00,2.644e+00,2.440e+00,1.943e+00,2.757e+00,2.398e+00,1.770e+00,2.682e+00,2.205e+00,3.077e+00,2.944e+00,2.540e+00,2.939e+00,3.093e+00,2.844e+00,2.541e+00,3.051e+00,2.907e+00,2.584e+00,3.200e+00,2.654e+00,2.406e+00
3.344e-02,1.917e-01,1.721e-01,3.322e-01,7.202e-01,7.414e-01,1.486e+00,1.307e+00,1.477e+00,2.200e+00,2.299e+00,2.375e+00,1.986e+00,1.732e+00,1.436e+00,2.338e+00,2.208e+00,2.065e+00,1.674e+00,3.134e+00,2.139e+00,1.636e+00,2.458e+00,2.613e+00,1.620e+00,2.211e+00,2.049e+00,2.983e+00,2.443e+00,1.737e+00,1.917e+00,2.071e+00,3.312e+00,2.264e+00,1.613e+00,2.412e+00,1.880e+00,2.043e+00,2.874e+00,2.720e+00,1.714e+00,2.457e+00,2.638e+00,2.992e+00,3.332e+00,2.079e+00,1.910e+00,2.634e+00,1.858e+00,2.363e+00,2.178e+00,2.599e+00,3.068e+00,2.424e+00,1.668e+00,2.746e+00
1.297e-01,9.112e-01,7.078e-01,1.384e+00,1.983e+00,2.286e+00,3.886e+00,2.789e+00,3.804e+00,4.352e+00,5.157e+00,4.096e+00,4.422e+00,4.768e+00,3.495e+00,4.102e+00,3.738e+00,4.889e+00,3.274e+00,5.703e+00,4.126e+00,5.445e+00,5.404e+00,5.045e+00,4.615e+00,3.882e+00,4.599e+00,5.926e+00,3.915e+00,4.484e+00,4.985e+00,3.922e+00,5.756e+00,5.867e+00,4.390e+00,4.742e+00,4.089e+00,3.627e+00,5.723e+00,5.319e+00,3.158e+00,5.946e+00,4.248e+00,5.567e+00,5.379e+00,5.206e+00,5.328e+00,6.036e+00,5.361e+00,4.574e+00,5.622e+00,5.467e+00,5.390e+00,5.968e+00,4.410e+00,4.023e+00
1.103e-01,7.199e-01,5.770e-01,9.172e-01,1.590e+00,1.808e+00,3.423e+00,2.553e+00,2.780e+00,2.994e+00,3.806e+00,3.094e+00,2.445e+00,3.101e+00,2.774e+00,2.581e+00,2.463e+00,2.732e+00,2.271e+00,3.501e+00,2.548e+00,3.449e+00,3.603e+00,3.247e+00,2.756e+00,3.039e+00,3.496e+00,3.489e+00,3.111e+00,2.582e+00,3.401e+00,3.000e+00,3.992e+00,3.384e+00,2.215e+00,3.348e+00,1.940e+00,2.363e+00,3.432e+00,3.421e+00,2.563e+00,3.419e+00,3.156e+00,2.897e+00,3.374e+00,2.396e+00,2.610e+00,3.020e+00,2.777e+00,2.375e+00,2.944e+00,3.942e+00,4.262e+00,4.362e+00,2.505e+00,3.073e+00
3.619e-02,3.229e-01,3.807e-01,4.372e-01,8.194e-01,1.190e+00,2.060e+00,1.586e+00,1.536e+00,2.711e+00,2.857e+00,2.445e+00,3.047e+00,2.434e+00,2.567e+00,2.908e+00,2.469e+00,2.908e+00,2.026e+00,5.001e+00,2.642e+00,3.920e+00,4.248e+00,3.495e+00,3.670e+00,2.812e+00,3.768e+00,3.184e+00,3.078e+00,2.136e+00,3.832e+00,2.107e+00,4.727e+00,3.539e+00,2.453e+00,4.123e+00,3.165e+00,2.249e+00,3.528e+00,3.348e+00,3.019e+00,3.838e+00,3.397e+00,4.228e+00,4.371e+00,3.283e+00,3.450e+00,3.684e+00,3.448e+00,2.513e+00,4.177e+00,3.458e+00,3.817e+00,3.432e+00,3.256e+00,3.542e+00
1.733e-02,7.275e-01,3.780e-01,9.731e-01,7.248e-01,7.821e-01,1.911e+00,1.038e+00,1.951e+00,2.129e+00,3.045e+00,2.961e+00,2.791e+00,3.958e+00,2.908e+00,3.097e+00,4.179e+00,4.064e+00,3.383e+00,5.237e+00,4.630e+00,5.205e+00,4.846e+00,4.104e+00,3.173e+00,3.424e+00,4.808e+00,3.966e+00,3.368e+00,4.300e+00,4.821e+00,3.440e+00,5.100e+00,5.043e+00,3.063e+00,4.923e+00,3.555e+00,3.260e+00,4.027e+00,4.035e+00,3.595e+00,4.440e+00,2.798e+00,5.277e+00,4.604e+00,4.048e+00,4.502e+00,4.684e+00,4.236e+00,4.256e+00,4.932e+00,4.436e+00,4.605e+00,4.591e+00,3.830e+00,3.386e+00
1.329e-01,7.921e-01,5.000e-01,3.857e-01,8.769e-01,9.654e-01,2.115e+00,1.325e+00,1.918e+00,1.926e+00,2.345e+00,2.289e+00,2.400e+00,2.658e+00,2.355e+00,2.669e+00,2.975e+00,2.491e+00,1.927e+00,3.677e+00,3.763e+00,4.020e+00,3.723e+00,2.668e+00,3.167e+00,2.519e+00,4.118e+00,3.913e+00,2.959e+00,2.691e+00,3.833e+00,2.975e+00,2.815e+00,2.857e+00,3.238e+00,3.597e+00,2.532e+00,2.381e+00,3.262e+00,3.227e+00,1.563e+00,3.162e+00,3.090e+00,3.785e+00,3.274e+00,3.520e+00,3.304e+00,3.370e+00,3.366e+00,3.106e+00,3.463e+00,3.529e+00,3.321e+00,3.501e+00,2.256e+00,2.549e+00
7.576e-02,9.002e-01,5.066e-01,6.079e-01,9.268e-01,8.659e-01,2.635e+00,1.753e+00,1.698e+00,2.501e+00,3.287e+00,3.207e+00,2.893e+00,3.313e+00,2.671e+00,3.167e+00,3.423e+00,3.898e+00,3.489e+00,5.442e+00,4.311e+00,4.639e+00,4.933e+00,4.411e+00,2.990e+00,3.646e+00,4.859e+00,4.288e+00,3.234e+00,3.465e+00,4.456e+00,3.776e+00,4.714e+00,3.895e+00,2.890e+00,4.840e+00,2.566e+00,3.150e+00,4.470e+00,4.274e+00,3.134e+00,3.858e+00,3.518e+00,5.221e+00,4.835e+00,3.441e+00,3.557e+00,4.568e+00,3.710e+00,3.679e+00,3.567e+00,5.100e+00,4.673e+00,4.511e+00,3.323e+00,3.721e+00
4.527e-02,9.702e-01,6.416e-01,1.487e+00,1.498e+00,1.784e+00,3.107e+00,1.956e+00,3.034e+00,3.309e+00,4.082e+00,4.583e+00,3.679e+00,4.766e+00,3.232e+00,4.521e+00,5.360e+00,5.824e+00,4.618e+00,8.066e+00,7.213e+00,8.276e+00,7.622e+00,6.720e+00,4.755e+00,4.896e+00,7.229e+00,7.054e+00,5.556e+00,5.499e+00,6.923e+00,5.579e+00,7.526e+00,6.577e+00,4.854e+00,8.047e+00,5.328e+00,5.052e+00,7.212e+00,6.812e+00,4.892e+00,6.545e+00,5.210e+00,8.215e+00,7.463e+00,7.085e+00,6.986e+00,7.624e+00,6.537e+00,5.953e+00,6.636e+00,5.996e+00,6.502e+00,7.281e+00,5.551e+00,5.537e+00
1.435e-01,1.176e+00,7.374e-01,1.014e+00,1.600e+00,1.720e+00,3.500e+00,2.287e+00,3.076e+00,3.367e+00,3.948e+00,4.111e+00,3.203e+00,4.075e+00,3.380e+00,4.104e+00,4.509e+00,4.105e+00,3.480e+00,6.799e+00,5.750e+00,6.750e+00,6.263e+00,6.025e+00,5.274e+00,5.011e+00,6.110e+00,6.490e+00,5.265e+00,4.382e+00,6.195e+00,5.372e+00,6.570e+00,4.998e+00,4.118e+00,6.792e+00,4.318e+00,4.960e+00,6.012e+00,5.862e+00,4.813e+00,5.604e+00,4.750e+00,6.356e+00,5.813e+00,5.987e+00,5.854e+00,6.073e+00,4.647e+00,5.618e+00,5.522e+00,5.408e+00,6.072e+00,6.770e+00,4.882e+00,5.824e+00
6.913e-02,8.473e-01,5.925e-01,1.339e+00,1.435e+00,1.653e+00,2.492e+00,1.495e+00,1.921e+00,1.924e+00,2.663e+00,2.831e+00,1.960e+00,2.709e+00,1.850e+00,2.559e+00,2.255e+00,3.273e+00,1.891e+00,4.672e+00,3.572e+00,5.595e+00,4.509e+00,4.592e+00,4.160e+00,3.800e+00,4.200e+00,5.288e+00,3.445e+00,3.865e+00,4.721e+00,3.634e+00,4.549e+00,3.689e+00,3.443e+00,5.512e+00,3.286e+00,3.565e+00,4.466e+00,4.621e+00,3.406e+00,4.337e+00,3.294e+00,5.319e+00,4.045e+00,5.135e+00,5.148e+00,4.318e+00,4.567e+00,4.002e+00,4.187e+00,3.926e+00,4.106e+00,5.313e+00,3.641e+00,4.158e+00
1.420e-01,1.228e+00,8.245e-01,1.130e+00,1.631e+00,1.831e+00,2.761e+00,1.708e+00,2.378e+00,3.355e+00,3.187e+00,3.622e+00,3.138e+00,4.689e+00,3.574e+00,4.696e+00,4.744e+00,4.819e+00,4.117e+00,7.424e+00,6.336e+00,8.780e+00,8.064e+00,6.976e+00,5.702e+00,6.165e+00,6.690e+00,7.827e+00,5.158e+00,5.888e+00,6.550e+00,6.300e+00,7.544e+00,6.630e+00,6.282e+00,7.985e+00,5.321e+00,6.093e+00,6.737e+00,6.442e+00,5.823e+00,6.315e+00,5.097e+00,8.082e+00,6.346e+00,7.138e+00,7.042e+00,7.030e+00,6.635e+00,6.847e+00,6.982e+00,6.281e+00,6.737e+00,7.460e+00,6.070e+00,6.519e+00
6.564e-02,3.103e-01,3.677e-01,8.978e-01,1.474e+00,1.768e+00,3.068e+00,2.489e+00,2.877e+00,2.639e+00,3.605e+00,3.135e+00,2.763e+00,3.401e+00,2.986e+00,3.382e+00,4.339e+00,3.950e+00,3.091e+00,6.399e+00,5.674e+00,6.871e+00,6.836e+00,6.161e+00,4.964e+00,5.768e+00,6.935e+00,6.661e+00,5.705e+00,5.293e+00,6.659e+00,6.106e+00,6.709e+00,6.432e+00,5.707e+00,7.362e+00,5.139e+00,5.386e+00,6.277e+00,6.422e+00,4.867e+00,6.154e+00,5.369e+00,7.044e+00,6.928e+00,6.319e+00,5.964e+00,6.666e+00,6.383e+00,5.973e+00,6.569e+00,6.227e+00,6.463e+00,6.405e+00,5.534e+00,6.326e+00
1.218e-01,1.061e+00,7.028e-01,9.444e-01,1.491e+00,1.599e+00,2.671e+00,1.766e+00,2.186e+00,3.218e+00,3.298e+00,3.478e+00,2.750e+00,3.594e+00,2.636e+00,3.831e+00,3.605e+00,4.182e+00,3.395e+00,6.425e+00,5.024e+00,6.845e+00,7.071e+00,6.438e+00,5.522e+00,6.076e+00,6.138e+00,7.146e+00,5.318e+00,5.328e+00,5.994e+00,5.664e+00,7.491e+00,5.627e+00,5.194e+00,8.033e+00,4.670e+00,5.658e+00,6.110e+00,5.834e+00,5.271e+00,6.320e+00,5.789e+00,7.332e+00,6.402e+00,6.850e+00,6.335e+00,6.444e+00,5.861e+00,6.006e+00,6.014e+00,5.905e+00,6.858e+00,7.610e+00,5.535e+00,7.042e+00
1.063e-01,1.214e+00,8.086e-01,1.204e+00,1.466e+00,1.819e+00,3.304e+00,1.902e+00,3.026e+00,3.766e+00,3.986e+00,3.480e+00,3.368e+00,3.604e+00,3.187e+00,3.225e+00,3.796e+00,4.092e+00,3.900e+00,6.033e+00,5.227e+00,7.838e+00,7.563e+00,6.874e+00,6.762e+00,5.891e+00,7.646e+00,8.271e+00,5.550e+00,6.357e+00,7.642e+00,6.191e+00,8.249e+00,8.142e+00,6.152e+00,9.494e+00,6.385e+00,6.164e+00,6.701e+00,7.421e+00,7.092e+00,8.067e+00,6.068e+00,7.994e+00,7.125e+00,7.648e+00,8.222e+00,7.227e+00,7.232e+00,7.337e+00,7.101e+00,7.109e+00,7.908e+00,8.071e+00,6.007e+00,7.905e+00
1.242e-01,8.352e-01,5.178e-01,4.509e-01,1.102e+00,1.114e+00,2.813e+00,2.051e+00,2.589e+00,3.304e+00,3.687e+00,3.952e+00,3.469e+00,3.567e+00,2.892e+00,3.890e+00,4.082e+00,4.189e+00,4.001e+00,6.924e+00,5.840e+00,7.018e+00,7.529e+00,6.472e+00,6.367e+00,6.447e+00,8.748e+00,8.884e+00,7.027e+00,6.511e+00,8.064e+00,7.075e+00,8.177e+00,7.058e+00,6.450e+00,1.038e+01,7.295e+00,6.931e+00,7.205e+00,7.445e+00,7.256e+00,8.548e+00,7.449e+00,9.077e+00,9.346e+00,8.444e+00,8.285e+00,7.429e+00,8.057e+00,7.188e+00,7.356e+00,8.606e+00,9.107e+00,8.344e+00,6.332e+00,9.370e+00
8.202e-02,8.211e-01,5.192e-01,5.989e-01,9.681e-01,1.054e+00,1.898e+00,1.195e+00,1.698e+00,2.286e+00,2.696e+00,2.790e+00,2.252e+00,2.952e+00,2.097e+00,3.219e+00,3.593e+00,3.262e+00,2.397e+00,4.903e+00,4.422e+00,4.710e+00,5.875e+00,5.303e+00,3.912e+00,4.756e+00,6.484e+00,7.074e+00,5.409e+00,6.091e+00,6.030e+00,5.568e+00,6.931e+00,5.593e+00,5.049e+00,7.857e+00,6.106e+00,5.420e+00,5.726e+00,5.732e+00,4.545e+00,5.479e+00,6.034e+00,7.215e+00,7.025e+00,7.315e+00,6.017e+00,6.524e+00,6.671e+00,5.915e+00,5.774e+00,6.249e+00,6.650e+00,5.495e+00,4.816e+00,7.537e+00
1.276e-01,1.298e+00,7.342e-01,1.052e+00,1.183e+00,1.205e+00,2.322e+00,1.114e+00,1.833e+00,2.567e+00,3.125e+00,3.550e+00,3.210e+00,3.926e+00,2.830e+00,3.877e+00,3.112e+00,4.471e+00,2.927e+00,6.185e+00,4.172e+00,5.869e+00,6.208e+00,5.238e+00,5.058e+00,4.010e+00,5.955e+00,6.663e+00,5.245e+00,5.166e+00,7.098e+00,4.678e+00,7.049e+00,5.394e+00,4.868e+00,7.330e+00,5.025e+00,5.230e+00,5.775e+00,5.056e+00,5.336e+00,6.303e+00,5.031e+00,7.253e+00,6.445e+00,6.610e+00,6.573e+00,6.696e+00,6.440e+00,5.761e+00,6.413e+00,6.061e+00,6.937e+00,7.130e+00,5.622e+00,6.439e+00
2.317e-02,4.229e-01,4.293e-01,6.578e-01,9.017e-01,1.355e+00,1.741e+00,1.255e+00,1.775e+00,2.562e+00,1.944e+00,2.887e+00,2.678e+00,3.381e+00,2.892e+00,3.744e+00,4.225e+00,3.838e+00,3.546e+00,6.326e+00,5.567e+00,7.101e+00,6.438e+00,5.809e+00,4.430e+00,5.020e+00,7.341e+00,7.916e+00,6.794e+00,6.540e+00,7.773e+00,6.029e+00,8.441e+00,6.683e+00,6.533e+00,9.973e+00,7.018e+00,6.241e+00,7.358e+00,7.886e+00,6.938e+00,7.512e+00,7.465e+00,8.251e+00,7.722e+00,9.060e+00,7.817e+00,8.674e+00,8.570e+00,6.043e+00,7.997e+00,5.933e+00,8.094e+00,6.996e+00,7.188e+00,7.500e+00
5.813e-02,4.780e-01,4.752e-01,5.401e-01,1.032e+00,1.490e+00,2.229e+00,1.647e+00,2.114e+00,2.953e+00,2.410e+00,2.648e+00,2.685e+00,3.246e+00,3.104e+00,3.194e+00,4.043e+00,3.390e+00,3.383e+00,6.543e+00,5.534e+00,7.986e+00,7.298e+00,6.146e+00,6.679e+00,6.643e+00,8.618e+00,7.731e+00,6.213e+00,6.840e+00,7.928e+00,6.813e+00,9.014e+00,7.754e+00,6.157e+00,1.025e+01,7.455e+00,6.600e+00,7.741e+00,8.121e+00,8.574e+00,8.802e+00,7.153e+00,8.245e+00,8.868e+00,8.935e+00,8.744e+00,8.633e+00,9.100e+00,6.897e+00,7.945e+00,7.071e+00,8.950e+00,8.034e+00,7.788e+00,9.206e+00
3.616e-02,8.470e-01,5.893e-01,9.320e-01,1.225e+00,1.478e+00,3.031e+00,2.154e+00,2.371e+00,2.854e+00,3.352e+00,3.905e+00,2.948e+00,4.437e+00,2.984e+00,3.851e+00,3.917e+00,4.099e+00,3.197e+00,4.858e+00,4.433e+00,4.830e+00,5.644e+00,4.589e+00,3.894e+00,4.887e+00,6.337e+00,6.638e+00,5.283e+00,6.414e+00,6.531e+00,6.017e+00,7.765e+00,7.060e+00,5.287e+00,9.002e+00,6.748e+00,6.326e+00,6.393e+00,7.728e+00,4.870e+00,7.161e+00,6.891e+00,7.091e+00,7.949e+00,6.701e+00,7.834e+00,7.242e+00,8.221e+00,5.992e+00,5.975e+00,7.976e+00,7.365e+00,6.457e+00,5.768e+00,7.943e+00
5.599e-02,5.214e-01,4.285e-01,4.353e-01,9.108e-01,1.101e+00,1.883e+00,1.467e+00,1.538e+00,2.508e+00,2.831e+00,2.765e+00,2.562e+00,3.217e+00,2.525e+00,3.608e+00,3.482e+00,3.533e+00,2.719e+00,5.817e+00,4.291e+00,5.113e+00,6.239e+00,4.857e+00,4.521e+00,4.449e+00,6.058e+00,6.154e+00,4.652e+00,4.933e+00,6.829e+00,5.241e+00,8.322e+00,6.098e+00,5.761e+00,8.490e+00,6.649e+00,6.241e+00,6.668e+00,7.397e+00,7.157e+00,6.182e+00,6.688e+00,8.074e+00,8.441e+00,7.047e+00,6.997e+00,7.637e+00,7.446e+00,6.274e+00,7.499e+00,7.556e+00,6.860e+00,6.081e+00,6.472e+00,9.048e+00
1.177e-01,5.656e-01,5.619e-01,4.390e-01,1.411e+00,1.787e+00,2.587e+00,2.141e+00,2.825e+00,3.736e+00,3.289e+00,3.130e+00,2.707e+00,3.537e+00,3.011e+00,3.784e+00,4.531e+00,3.907e+00,4.291e+00,6.210e+00,6.140e+00,7.128e+00,7.079e+00,5.716e+00,5.606e+00,6.062e+00,8.764e+00,8.455e+00,6.148e+00,7.009e+00,8.816e+00,7.545e+00,1.016e+01,7.792e+00,8.252e+00,1.254e+01,9.523e+00,7.733e+00,9.287e+00,1.144e+01,1.034e+01,9.124e+00,9.441e+00,1.066e+01,1.005e+01,9.681e+00,9.330e+00,9.385e+00,1.111e+01,7.613e+00,8.744e+00,1.058e+01,1.016e+01,8.390e+00,8.827e+00,1.104e+01
5.494e-02,8.419e-01,5.593e-01,9.585e-01,9.776e-01,1.252e+00,2.241e+00,1.294e+00,2.320e+00,3.156e+00,3.101e+00,3.632e+00,3.743e+00,4.429e+00,3.879e+00,4.339e+00,4.969e+00,4.777e+00,4.551e+00,6.772e+00,6.192e+00,8.084e+00,7.322e+00,6.380e+00,5.129e+00,5.678e+00,7.752e+00,8.613e+00,6.619e+00,7.563e+00,8.190e+00,7.265e+00,8.780e+00,9.417e+00,7.573e+00,1.073e+01,8.290e+00,7.947e+00,8.298e+00,9.388e+00,8.080e+00,8.976e+00,7.988e+00,9.904e+00,9.281e+00,9.736e+00,8.813e+00,8.651e+00,9.748e+00,8.190e+00,9.756e+00,8.428e+00,9.086e+00,8.020e+00,7.785e+00,8.666e+00
1.079e-02,5.321e-01,4.036e-01,7.954e-01,9.414e-01,1.184e+00,2.429e+00,1.776e+00,1.794e+00,2.591e+00,2.891e+00,3.057e+00,3.230e+00,4.454e+00,3.363e+00,3.340e+00,3.280e+00,4.379e+00,3.504e+00,6.167e+00,4.137e+00,6.442e+00,6.288e+00,5.093e+00,5.255e+00,5.003e+00,6.151e+00,6.582e+00,4.758e+00,5.446e+00,7.284e+00,5.793e+00,8.704e+00,8.118e+00,7.713e+00,1.048e+01,8.553e+00,8.383e+00,7.872e+00,1.046e+01,8.233e+00,8.348e+00,7.506e+00,9.789e+00,9.005e+00,8.166e+00,8.875e+00,8.921e+00,1.046e+01,7.760e+00,9.718e+00,9.352e+00,8.430e+00,8.363e+00,8.258e+00,8.772e+00
1.313e-01,6.174e-01,4.964e-01,5.133e-01,1.359e+00,1.470e+00,2.152e+00,1.749e+00,1.956e+00,2.335e+00,2.217e+00,2.379e+00,1.653e+00,2.936e+00,2.114e+00,3.136e+00,3.219e+00,2.880e+00,2.617e+00,4.869e+00,4.598e+00,5.463e+00,5.717e+00,4.676e+00,3.981e+00,4.486e+00,6.389e+00,6.632e+00,5.232e+00,5.368e+00,7.010e+00,6.267e+00,7.474e+00,5.638e+00,6.859e+00,1.011e+01,7.419e+00,7.640e+00,7.633e+00,9.158e+00,8.398e+00,7.373e+00,7.703e+00,9.307e+00,8.334e+00,8.373e+00,7.877e+00,8.024e+00,9.112e+00,6.935e+00,7.706e+00,9.011e+00,8.704e+00,7.184e+00,7.602e+00,8.732e+00
1.455e-01,8.266e-01,6.016e-01,7.654e-01,1.492e+00,1.667e+00,3.002e+00,2.162e+00,3.148e+00,4.140e+00,4.240e+00,3.490e+00,3.955e+00,4.032e+00,3.573e+00,4.115e+00,5.045e+00,4.592e+00,4.540e+00,7.505e+00,6.651e+00,8.224e+00,8.014e+00,7.295e+00,6.062e+00,6.275e+00,9.396e+00,9.961e+00,7.306e+00,8.277e+00,9.331e+00,8.161e+00,1.057e+01,9.201e+00,8.784e+00,1.171e+01,1.015e+01,9.026e+00,1.029e+01,1.118e+01,1.071e+01,1.048e+01,9.915e+00,1.098e+01,1.159e+01,1.150e+01,1.030e+01,1.167e+01,1.192e+01,9.450e+00,1.078e+01,1.102e+01,1.212e+01,1.032e+01,9.977e+00,1.160e+01
1.141e-01,5.354e-01,5.182e-01,5.615e-01,1.459e+00,1.790e+00,2.406e+00,1.958e+00,2.718e+00,3.435e+00,3.218e+00,3.301e+00,2.730e+00,3.801e+00,3.146e+00,3.772e+00,3.569e+00,3.691e+00,2.973e+00,5.276e+00,4.245e+00,5.212e+00,6.257e+00,5.419e+00,6.161e+00,6.344e+00,7.297e+00,7.378e+00,6.618e+00,6.203e+00,7.678e+00,6.661e+00,8.787e+00,7.240e+00,6.922e+00,1.138e+01,8.565e+00,8.956e+00,9.469e+00,1.082e+01,1.102e+01,1.007e+01,1.041e+01,9.211e+00,1.058e+01,1.014e+01,1.069e+01,9.794e+00,1.052e+01,9.567e+00,9.791e+00,1.027e+01,1.165e+01,9.257e+00,9.684e+00,1.194e+01
5.437e-02,4.103e-01,3.120e-01,6.328e-01,8.261e-01,1.025e+00,1.556e+00,1.021e+00,1.797e+00,1.582e+00,1.742e+00,1.968e+00,1.350e+00,1.792e+00,1.578e+00,1.962e+00,3.300e+00,2.511e+00,2.512e+00,4.738e+00,4.756e+00,5.917e+00,4.736e+00,4.708e+00,3.707e+00,4.123e+00,6.070e+00,5.619e+00,4.826e+00,4.815e+00,5.794e+00,5.332e+00,6.424e+00,5.586e+00,6.777e+00,8.871e+00,6.241e+00,6.993e+00,5.875e+00,8.014e+00,8.099e+00,7.359e+00,7.228e+00,7.834e+00,7.451e+00,7.990e+00,6.889e+00,6.821e+00,7.340e+00,8.012e+00,8.161e+00,7.090e+00,8.620e+00,7.440e+00,8.274e+00,7.910e+00
8.104e-02,1.031e+00,7.036e-01,1.358e+00,1.750e+00,1.924e+00,4.023e+00,2.881e+00,3.351e+00,3.732e+00,4.975e+00,4.849e+00,3.629e+00,4.728e+00,3.280e+00,4.361e+00,4.922e+00,4.833e+00,4.131e+00,6.907e+00,6.135e+00,7.353e+00,7.484e+00,6.993e+00,4.912e+00,6.232e+00,8.074e+00,8.973e+00,7.016e+00,7.972e+00,8.744e+00,7.380e+00,1.005e+01,8.666e+00,8.069e+00,1.218e+01,9.050e+00,1.029e+01,8.383e+00,1.075e+01,1.002e+01,1.173e+01,1.088e+01,1.159e+01,1.126e+01,1.098e+01,1.045e+01,1.005e+01,1.130e+01,1.034e+01,1.136e+01,1.201e+01,1.239e+01,1.110e+01,9.487e+00,1.119e+01
1.344e-01,1.311e+00,8.934e-01,1.676e+00,1.917e+00,2.212e+00,3.475e+00,2.063e+00,2.891e+00,3.429e+00,4.023e+00,3.998e+00,3.518e+00,4.275e+00,2.965e+00,4.022e+00,3.813e+00,4.926e+00,3.262e+00,7.058e+00,5.281e+00,7.979e+00,7.555e+00,6.586e+00,6.127e+00,4.749e+00,8.578e+00,8.528e+00,6.483e+00,7.657e+00,8.930e+00,7.174e+00,9.253e+00,8.465e+00,8.209e+00,1.123e+01,8.885e+00,8.795e+00,8.527e+00,9.656e+00,1.022e+01,1.122e+01,9.928e+00,1.190e+01,1.153e+01,1.172e+01,1.141e+01,1.027e+01,1.147e+01,1.092e+01,1.247e+01,1.150e+01,1.137e+01,1.059e+01,1.078e+01,1.111e+01
8.088e-02,4.051e-01,3.046e-01,6.005e-01,1.046e+00,1.118e+00,2.382e+00,1.869e+00,2.295e+00,2.354e+00,2.863e+00,3.406e+00,2.896e+00,2.970e+00,2.488e+00,3.425e+00,3.626e+00,3.544e+00,3.166e+00,6.510e+00,5.450e+00,6.930e+00,6.188e+00,6.049e+00,4.896e+00,5.554e+00,6.562e+00,8.012e+00,6.184e+00,6.120e+00,8.158e+00,6.741e+00,8.667e+00,7.345e+00,7.667e+00,1.108e+01,8.639e+00,9.223e+00,8.262e+00,1.018e+01,9.782e+00,9.819e+00,9.432e+00,1.183e+01,1.028e+01,1.052e+01,1.001e+01,1.062e+01,1.090e+01,9.908e+00,1.039e+01,1.042e+01,1.109e+01,1.033e+01,9.912e+00,1.028e+01
1.282e-01,8.842e-01,6.791e-01,8.695e-01,1.550e+00,1.850e+00,3.313e+00,2.414e+00,3.074e+00,3.243e+00,3.794e+00,3.561e+00,3.131e+00,4.584e+00,3.632e+00,4.150e+00,4.844e+00,4.348e+00,3.954e+00,6.389e+00,6.285e+00,7.794e+00,7.043e+00,5.400e+00,5.929e+00,5.888e+00,8.019e+00,8.236e+00,5.917e+00,7.018e+00,8.637e+00,6.634e+00,8.814e+00,8.252e+00,8.508e+00,1.104e+01,8.594e+00,9.366e+00,8.027e+00,1.059e+01,8.973e+00,9.966e+00,9.395e+00,1.203e+01,1.050e+01,1.086e+01,1.023e+01,1.064e+01,1.237e+01,9.826e+00,1.144e+01,1.118e+01,1.189e+01,1.069e+01,9.487e+00,1.120e+01
1.423e-01,9.191e-01,6.762e-01,1.279e+00,1.755e+00,1.986e+00,2.518e+00,1.623e+00,2.727e+00,2.550e+00,3.005e+00,2.743e+00,1.822e+00,3.108e+00,2.068e+00,3.156e+00,3.243e+00,3.666e+00,2.835e+00,5.455e+00,4.939e+00,6.962e+00,6.049e+00,5.520e+00,4.953e+00,4.490e+00,6.868e+00,7.528e+00,5.332e+00,6.376e+00,8.393e+00,6.275e+00,8.713e+00,6.507e+00,6.929e+00,9.631e+00,7.586e+00,8.644e+00,7.487e+00,8.506e+00,1.060e+01,1.018e+01,8.389e+00,1.177e+01,9.354e+00,1.204e+01,1.020e+01,1.008e+01,1.149e+01,1.055e+01,1.052e+01,1.084e+01,1.165e+01,1.129e+01,1.011e+01,1.110e+01
4.015e-03,2.479e-01,1.719e-01,4.247e-01,4.175e-01,5.449e-01,1.669e+00,1.227e+00,1.620e+00,1.839e+00,2.274e+00,2.240e+00,2.751e+00,3.361e+00,3.205e+00,3.111e+00,4.478e+00,3.373e+00,3.518e+00,6.040e+00,5.484e+00,6.893e+00,5.712e+00,5.187e+00,4.806e+00,5.382e+00,8.045e+00,6.894e+00,6.313e+00,7.204e+00,8.166e+00,6.854e+00,8.872e+00,8.005e+00,8.312e+00,1.198e+01,1.009e+01,9.623e+00,7.280e+00,1.037e+01,9.971e+00,1.055e+01,1.025e+01,1.251e+01,1.173e+01,1.279e+01,1.273e+01,1.171e+01,1.389e+01,1.178e+01,1.223e+01,1.288e+01,1.310e+01,1.134e+01,1.102e+01,1.188e+01
3.561e-03,6.829e-02,3.677e-02,6.569e-01,6.087e-01,5.844e-01,1.617e+00,1.229e+00,1.381e+00,1.512e+00,1.900e+00,1.920e+00,2.482e+00,2.383e+00,2.667e+00,2.335e+00,3.391e+00,2.907e+00,2.871e+00,5.898e+00,4.794e+00,6.921e+00,5.654e+00,5.732e+00,4.430e+00,4.934e+00,6.901e+00,7.481e+00,5.359e+00,6.264e+00,7.052e+00,7.188e+00,7.964e+00,7.811e+00,7.406e+00,9.523e+00,8.027e+00,9.217e+00,8.015e+00,1.016e+01,1.026e+01,9.741e+00,8.881e+00,1.084e+01,1.165e+01,1.234e+01,1.051e+01,1.218e+01,1.185e+01,1.038e+01,1.237e+01,1.129e+01,1.145e+01,9.374e+00,1.080e+01,1.124e+01
1.270e-01,7.017e-01,5.606e-01,4.037e-01,1.001e+00,1.392e+00,2.254e+00,1.468e+00,2.613e+00,2.891e+00,2.761e+00,2.901e+00,2.731e+00,2.720e+00,2.788e+00,2.870e+00,3.114e+00,2.946e+00,2.960e+00,4.909e+00,4.460e+00,6.283e+00,5.532e+00,4.754e+00,5.942e+00,5.219e+00,6.438e+00,7.219e+00,5.658e+00,5.790e+00,7.687e+00,6.197e+00,8.453e+00,6.957e+00,7.358e+00,1.147e+01,8.560e+00,8.009e+00,7.205e+00,9.760e+00,9.701e+00,9.905e+00,9.514e+00,1.084e+01,9.886e+00,1.093e+01,1.058e+01,1.022e+01,1.247e+01,1.002e+01,1.153e+01,1.247e+01,1.132e+01,1.168e+01,9.211e+00,1.173e+01
5.567e-02,3.407e-01,3.949e-01,9.869e-01,1.415e+00,1.791e+00,3.081e+00,2.462e+00,3.327e+00,3.267e+00,4.239e+00,3.425e+00,3.343e+00,3.559e+00,2.579e+00,3.388e+00,4.544e+00,4.329e+00,3.615e+00,6.936e+00,6.190e+00,7.565e+00,6.655e+00,6.223e+00,5.686e+00,5.638e+00,8.506e+00,7.759e+00,6.776e+00,7.519e+00,9.373e+00,6.749e+00,9.950e+00,8.140e+00,8.166e+00,1.194e+01,1.006e+01,9.153e+00,8.915e+00,1.072e+01,1.108e+01,1.182e+01,1.064e+01,1.175e+01,1.194e+01,1.262e+01,1.325e+01,1.256e+01,1.393e+01,1.184e+01,1.305e+01,1.326e+01,1.321e+01,1.297e+01,1.250e+01,1.243e+01
1.275e-01,1.017e+00,7.363e-01,8.500e-01,1.492e+00,1.696e+00,2.840e+00,2.007e+00,2.263e+00,3.000e+00,3.371e+00,3.191e+00,2.544e+00,3.563e+00,2.229e+00,3.716e+00,3.694e+00,3.550e+00,2.778e+00,5.945e+00,5.022e+00,6.287e+00,6.442e+00,5.552e+00,4.447e+00,4.420e+00,6.474e+00,7.455e+00,6.271e+00,6.607e+00,7.360e+00,6.665e+00,8.248e+00,6.409e+00,7.509e+00,1.168e+01,9.346e+00,8.582e+00,7.935e+00,9.391e+00,8.920e+00,9.510e+00,9.499e+00,1.145e+01,1.077e+01,1.078e+01,1.195e+01,1.112e+01,1.343e+01,1.052e+01,1.172e+01,1.316e+01,1.171e+01,1.129e+01,1.082e+01,1.225e+01
7.890e-02,3.887e-01,3.939e-01,5.375e-01,1.224e+00,1.502e+00,2.770e+00,2.258e+00,2.684e+00,3.389e+00,3.481e+00,3.379e+00,3.550e+00,3.472e+00,3.019e+00,3.516e+00,3.633e+00,3.561e+00,2.846e+00,5.762e+00,4.326e+00,5.296e+00,5.843e+00,5.502e+00,5.118e+00,4.977e+00,7.012e+00,7.900e+00,6.557e+00,5.835e+00,6.813e+00,6.559e+00,7.950e+00,7.307e+00,7.262e+00,9.726e+00,8.798e+00,7.998e+00,7.957e+00,9.796e+00,7.644e+00,9.704e+00,9.915e+00,1.015e+01,1.174e+01,1.109e+01,1.115e+01,1.095e+01,1.272e+01,1.073e+01,1.127e+01,1.230e+01,1.245e+01,1.151e+01,1.031e+01,1.177e+01
5.364e-02,9.189e-01,5.659e-01,6.839e-01,7.184e-01,9.272e-01,2.007e+00,1.040e+00,1.606e+00,2.222e+00,2.686e+00,2.594e+00,2.599e+00,2.855e+00,2.166e+00,2.797e+00,3.088e+00,3.643e+00,3.030e+00,5.054e+00,4.433e+00,5.570e+00,5.934e+00,4.493e+00,4.603e+00,3.908e+00,7.227e+00,6.508e+00,4.737e+00,6.689e+00,8.060e+00,5.957e+00,8.365e+00,7.206e+00,6.082e+00,1.134e+01,9.586e+00,8.917e+00,7.891e+00,9.818e+00,1.040e+01,1.017e+01,8.958e+00,1.129e+01,1.127e+01,1.135e+01,1.183e+01,1.057e+01,1.284e+01,1.134e+01,1.112e+01,1.420e+01,1.264e+01,1.099e+01,1.121e+01,1.273e+01
4.420e-02,4.070e-01,2.674e-01,5.626e-01,6.830e-01,7.355e-01,1.509e+00,1.045e+00,1.676e+00,1.920e+00,2.735e+00,1.860e+00,2.314e+00,2.680e+00,1.967e+00,2.356e+00,3.403e+00,3.340e+00,3.049e+00,4.882e+00,4.598e+00,5.521e+00,5.023e+00,4.769e+00,3.907e+00,3.999e+00,6.362e+00,6.392e+00,4.078e+00,6.640e+00,6.816e+00,5.757e+00,7.605e+00,6.845e+00,7.096e+00,9.148e+00,7.464e+00,6.858e+00,6.836e+00,8.759e+00,9.065e+00,8.964e+00,8.370e+00,1.191e+01,1.113e+01,1.173e+01,1.031e+01,1.171e+01,1.288e+01,1.158e+01,1.257e+01,1.363e+01,1.138e+01,1.201e+01,1.078e+01,1.329e+01
1.260e-01,9.649e-01,5.616e-01,5.918e-01,9.689e-01,1.039e+00,1.725e+00,9.399e-01,2.101e+00,2.750e+00,2.331e+00,2.884e+00,2.914e+00,4.396e+00,3.439e+00,3.754e+00,3.521e+00,4.111e+00,3.830e+00,5.113e+00,4.901e+00,6.651e+00,7.110e+00,5.327e+00,6.463e+00,6.139e+00,7.669e+00,7.881e+00,6.016e+00,6.982e+00,8.178e+00,6.851e+00,7.818e+00,8.404e+00,6.753e+00,1.160e+01,8.609e+00,8.821e+00,8.252e+00,1.016e+01,9.096e+00,1.063e+01,9.062e+00,1.143e+01,1.143e+01,1.225e+01,1.190e+01,1.046e+01,1.295e+01,1.123e+01,1.161e+01,1.244e+01,1.305e+01,1.301e+01,1.162e+01,1.441e+01
1.006e-01,5.194e-01,4.953e-01,7.201e-01,1.258e+00,1.686e+00,2.347e+00,1.711e+00,3.063e+00,3.790e+00,3.475e+00,3.344e+00,3.864e+00,3.707e+00,3.272e+00,4.012e+00,4.451e+00,4.742e+00,4.254e+00,7.358e+00,6.421e+00,8.516e+00,7.710e+00,6.661e+00,7.695e+00,6.375e+00,8.929e+00,9.384e+00,7.067e+00,7.730e+00,9.035e+00,8.312e+00,1.032e+01,9.517e+00,9.514e+00,1.388e+01,1.149e+01,1.033e+01,1.042e+01,1.283e+01,1.158e+01,1.328e+01,1.206e+01,1.387e+01,1.340e+01,1.410e+01,1.484e+01,1.409e+01,1.630e+01,1.398e+01,1.499e+01,1.583e+01,1.511e+01,1.655e+01,1.399e+01,1.670e+01
8.857e-02,4.581e-01,2.749e-01,3.016e-01,6.247e-01,6.115e-01,1.454e+00,9.708e-01,1.503e+00,1.650e+00,1.952e+00,1.935e+00,2.221e+00,2.731e+00,2.951e+00,2.805e+00,2.846e+00,2.697e+00,2.871e+00,4.217e+00,3.806e+00,5.100e+00,5.158e+00,4.729e+00,3.827e+00,4.534e+00,6.107e+00,6.590e+00,5.627e+00,6.058e+00,6.993e+00,6.903e+00,7.634e+00,7.193e+00,7.583e+00,1.050e+01,8.728e+00,9.046e+00,7.673e+00,9.781e+00,9.527e+00,8.658e+00,9.447e+00,1.044e+01,1.066e+01,1.143e+01,1.060e+01,1.168e+01,1.239e+01,1.101e+01,1.231e+01,1.333e+01,1.171e+01,1.184e+01,1.182e+01,1.552e+01
1.056e-01,7.595e-01,4.996e-01,6.102e-01,9.537e-01,1.149e+00,1.853e+00,1.070e+00,1.943e+00,1.946e+00,2.267e+00,2.306e+00,2.015e+00,2.551e+00,1.791e+00,2.180e+00,2.345e+00,2.625e+00,1.577e+00,4.216e+00,3.495e+00,4.863e+00,5.245e+00,4.133e+00,5.388e+00,4.100e+00,5.581e+00,5.548e+00,4.846e+00,4.921e+00,6.437e+00,5.449e+00,6.295e+00,5.977e+00,5.811e+00,9.433e+00,8.167e+00,7.384e+00,6.937e+00,8.559e+00,8.160e+00,8.570e+00,8.069e+00,9.898e+00,1.037e+01,1.063e+01,1.235e+01,1.037e+01,1.257e+01,1.152e+01,1.144e+01,1.262e+01,1.107e+01,1.319e+01,1.195e+01,1.518e+01
