3.601e-01,4.275e-01,3.481e-01,6.638e-01,2.047e-01,5.485e-01,3.243e-02,4.568e-01,3.138e-01,1.909e-01,4.191e-01,1.357e-01,2.822e-01,8.610e-01,6.719e-01,5.785e-02,4.931e-01,1.053e-01,7.001e-01,1.795e-01,7.710e-01,1.345e-02,7.542e-01,2.515e-01,1.970e-01,1.586e-01,3.083e-01,5.398e-01,7.166e-01,4.597e-01,2.381e-01,4.256e-01,4.464e-02,5.548e-01,1.347e-01,2.197e-01,7.207e-01,5.731e-01,4.783e-03,2.876e-01,4.025e-01,9.941e-01,7.132e-01,5.434e-01,8.173e-01,7.521e-01,3.491e-01
2.416e-01,1.061e+00,9.300e-01,1.359e+00,9.069e-01,9.451e-01,3.119e-01,6.453e-01,1.065e+00,1.023e+00,4.514e-01,6.866e-01,9.757e-01,8.457e-01,6.284e-01,1.404e-01,1.013e+00,4.531e-01,1.159e+00,1.073e+00,1.439e+00,3.544e-01,1.079e+00,4.049e-01,8.156e-01,8.087e-01,8.659e-01,1.026e+00,7.992e-01,5.997e-01,1.037e+00,6.327e-01,3.125e-01,1.120e+00,7.091e-01,3.326e-01,5.119e-01,4.196e-01,5.973e-01,7.653e-01,1.167e+00,1.651e+00,9.240e-01,7.459e-01,7.641e-01,1.089e+00,2.813e-01
2.791e-01,5.450e-01,5.374e-01,8.912e-01,4.720e-01,1.405e+00,9.233e-01,8.185e-01,6.113e-01,1.144e+00,1.318e+00,1.068e+00,1.389e+00,1.529e+00,8.648e-01,9.842e-01,1.539e+00,4.261e-01,1.386e+00,4.862e-01,1.246e+00,3.689e-01,1.419e+00,3.035e-01,7.114e-01,9.973e-01,4.306e-01,1.556e+00,9.639e-01,1.204e+00,1.212e+00,7.375e-01,4.166e-01,9.901e-01,1.079e+00,5.906e-01,1.093e+00,1.332e+00,1.116e+00,1.150e+00,9.819e-01,1.864e+00,1.241e+00,8.945e-01,1.541e+00,7.461e-01,7.155e-01
3.199e-01,5.880e-01,5.004e-01,8.981e-01,1.325e+00,1.217e+00,1.124e+00,1.456e+00,6.768e-01,1.144e+00,1.300e+00,3.563e-01,7.601e-01,1.647e+00,8.017e-01,7.302e-01,1.169e+00,1.122e+00,1.603e+00,9.242e-01,1.906e+00,6.233e-01,1.032e+00,4.280e-01,8.358e-01,6.726e-01,7.927e-01,1.159e+00,1.591e+00,1.311e+00,7.133e-01,5.458e-01,3.120e-01,8.451e-01,9.991e-01,6.824e-01,1.419e+00,1.081e+00,1.200e+00,8.938e-01,1.047e+00,2.138e+00,1.550e+00,7.331e-01,1.322e+00,1.754e+00,7.931e-01
6.393e-03,5.769e-01,5.531e-01,7.493e-01,7.575e-01,1.475e+00,9.944e-01,1.229e+00,8.944e-01,1.538e+00,1.638e+00,1.048e+00,1.246e+00,1.124e+00,7.008e-01,1.584e+00,1.325e+00,8.702e-01,1.258e+00,1.189e+00,1.289e+00,1.076e+00,1.663e+00,7.052e-01,7.811e-01,1.133e+00,1.382e+00,1.529e+00,5.744e-01,1.132e+00,2.032e+00,1.198e+00,1.348e+00,1.502e+00,1.220e+00,1.173e+00,5.991e-01,6.174e-01,1.344e+00,1.401e+00,1.211e+00,1.381e+00,1.600e+00,6.195e-01,1.348e+00,1.124e+00,4.506e-01
3.269e-01,6.027e-01,5.564e-01,9.832e-01,1.277e+00,2.640e+00,2.556e+00,2.823e+00,1.025e+00,2.510e+00,2.662e+00,1.819e+00,2.235e+00,2.828e+00,2.081e+00,1.985e+00,2.159e+00,2.180e+00,3.018e+00,1.230e+00,3.113e+00,2.070e+00,2.194e+00,1.073e+00,1.393e+00,2.123e+00,1.447e+00,2.408e+00,2.162e+00,2.794e+00,1.876e+00,1.852e+00,2.031e+00,2.260e+00,1.649e+00,2.219e+00,2.227e+00,2.195e+00,2.239e+00,2.449e+00,2.226e+00,3.315e+00,2.851e+00,1.468e+00,3.012e+00,2.570e+00,1.535e+00
1.376e-01,7.478e-01,7.290e-01,1.094e+00,1.326e+00,2.323e+00,1.864e+00,2.991e+00,1.953e+00,2.695e+00,2.787e+00,2.390e+00,2.562e+00,2.784e+00,1.186e+00,2.333e+00,2.521e+00,2.345e+00,2.394e+00,1.585e+00,2.805e+00,2.277e+00,2.635e+00,1.152e+00,1.896e+00,2.519e+00,2.304e+00,3.120e+00,2.264e+00,2.810e+00,3.525e+00,1.855e+00,2.131e+00,2.331e+00,2.428e+00,2.285e+00,1.869e+00,1.501e+00,2.680e+00,2.750e+00,2.629e+00,3.284e+00,2.988e+00,1.594e+00,3.029e+00,2.013e+00,1.491e+00
1.668e-01,9.590e-01,8.752e-01,1.254e+00,8.930e-01,1.890e+00,1.437e+00,2.461e+00,1.592e+00,2.932e+00,1.648e+00,2.328e+00,2.955e+00,2.349e+00,1.853e+00,1.176e+00,2.227e+00,2.004e+00,2.731e+00,2.123e+00,3.230e+00,2.221e+00,2.799e+00,1.120e+00,2.158e+00,3.145e+00,2.054e+00,2.796e+00,1.731e+00,2.879e+00,2.239e+00,2.217e+00,2.502e+00,2.186e+00,2.322e+00,1.816e+00,2.034e+00,1.179e+00,2.515e+00,2.948e+00,3.262e+00,2.956e+00,2.223e+00,1.746e+00,2.620e+00,2.420e+00,1.543e+00
2.929e-01,4.869e-01,4.744e-01,8.361e-01,7.712e-01,2.232e+00,1.710e+00,3.322e+00,1.800e+00,3.271e+00,3.087e+00,2.640e+00,3.215e+00,3.459e+00,2.704e+00,2.271e+00,3.652e+00,3.400e+00,3.543e+00,2.439e+00,3.786e+00,3.500e+00,3.918e+00,1.922e+00,2.522e+00,3.924e+00,2.883e+00,4.174e+00,2.598e+00,4.249e+00,3.872e+00,3.113e+00,2.848e+00,2.691e+00,3.311e+00,2.912e+00,3.548e+00,2.475e+00,3.298e+00,3.705e+00,3.779e+00,3.530e+00,3.946e+00,2.717e+00,3.699e+00,2.858e+00,2.918e+00
2.636e-01,5.994e-01,5.456e-01,9.122e-01,1.035e+00,2.001e+00,1.831e+00,2.602e+00,1.343e+00,2.559e+00,2.465e+00,1.974e+00,2.572e+00,3.306e+00,2.790e+00,1.548e+00,2.914e+00,3.185e+00,3.337e+00,1.824e+00,3.263e+00,3.235e+00,2.442e+00,1.459e+00,2.066e+00,3.086e+00,2.380e+00,3.174e+00,2.813e+00,2.955e+00,3.185e+00,2.292e+00,2.273e+00,3.012e+00,2.808e+00,2.283e+00,2.908e+00,2.652e+00,3.202e+00,2.700e+00,2.809e+00,3.044e+00,3.302e+00,2.348e+00,3.249e+00,2.848e+00,2.762e+00
2.538e-01,5.740e-01,5.249e-01,8.846e-01,1.098e+00,2.127e+00,1.903e+00,3.154e+00,1.863e+00,2.716e+00,3.583e+00,3.006e+00,3.074e+00,3.765e+00,2.662e+00,2.500e+00,3.619e+00,3.855e+00,3.348e+00,1.974e+00,3.558e+00,3.481e+00,3.402e+00,2.437e+00,2.137e+00,3.720e+00,3.021e+00,4.337e+00,2.719e+00,3.742e+00,3.522e+00,2.702e+00,3.201e+00,3.407e+00,2.608e+00,2.967e+00,2.943e+00,3.156e+00,3.333e+00,3.410e+00,3.354e+00,4.008e+00,4.172e+00,3.270e+00,3.661e+00,3.267e+00,2.622e+00
3.412e-01,5.787e-01,4.868e-01,8.731e-01,9.977e-01,1.627e+00,1.265e+00,2.412e+00,1.192e+00,2.198e+00,3.044e+00,2.722e+00,3.317e+00,3.625e+00,3.575e+00,2.763e+00,3.422e+00,4.034e+00,3.614e+00,2.172e+00,3.853e+00,3.539e+00,3.349e+00,2.911e+00,2.618e+00,3.754e+00,3.550e+00,4.381e+00,2.900e+00,3.875e+00,3.293e+00,3.433e+00,2.966e+00,3.497e+00,3.249e+00,2.757e+00,3.588e+00,2.962e+00,3.690e+00,3.214e+00,3.318e+00,3.980e+00,3.715e+00,3.103e+00,3.091e+00,4.291e+00,2.882e+00
2.186e-01,6.546e-01,6.231e-01,1.005e+00,1.302e+00,2.528e+00,2.245e+00,3.277e+00,1.481e+00,3.249e+00,3.806e+00,3.408e+00,4.734e+00,4.868e+00,4.053e+00,4.092e+00,4.618e+00,4.894e+00,4.422e+00,2.323e+00,4.634e+00,3.767e+00,3.856e+00,2.572e+00,3.098e+00,5.093e+00,3.642e+00,5.096e+00,3.954e+00,5.247e+00,3.950e+00,3.964e+00,4.637e+00,4.162e+00,4.377e+00,4.030e+00,4.088e+00,3.249e+00,5.458e+00,4.271e+00,4.211e+00,5.416e+00,4.573e+00,3.659e+00,4.930e+00,5.303e+00,3.535e+00
2.333e-02,2.403e-01,2.262e-01,3.405e-01,6.767e-01,1.493e+00,1.475e+00,2.885e+00,1.385e+00,2.727e+00,2.384e+00,2.405e+00,2.884e+00,3.419e+00,2.483e+00,2.796e+00,3.595e+00,3.838e+00,3.579e+00,2.131e+00,3.724e+00,4.284e+00,2.902e+00,2.237e+00,2.405e+00,4.518e+00,3.401e+00,3.962e+00,2.655e+00,4.034e+00,3.974e+00,3.383e+00,3.621e+00,2.682e+00,3.754e+00,3.469e+00,3.406e+00,2.499e+00,3.352e+00,3.653e+00,4.138e+00,3.577e+00,3.699e+00,2.726e+00,3.704e+00,3.917e+00,2.990e+00
2.817e-01,7.592e-01,7.276e-01,1.152e+00,8.618e-01,2.092e+00,1.399e+00,2.363e+00,1.789e+00,2.640e+00,2.936e+00,2.854e+00,3.890e+00,4.217e+00,4.511e+00,3.658e+00,5.995e+00,4.810e+00,5.114e+00,2.821e+00,5.044e+00,4.379e+00,3.869e+00,2.954e+00,3.678e+00,4.974e+00,3.834e+00,5.118e+00,4.366e+00,4.906e+00,5.786e+00,4.839e+00,3.688e+00,3.947e+00,5.038e+00,4.034e+00,4.156e+00,4.201e+00,4.828e+00,3.718e+00,4.231e+00,5.244e+00,5.163e+00,4.692e+00,5.112e+00,5.177e+00,4.567e+00
2.360e-01,5.152e-01,4.533e-01,7.669e-01,9.140e-01,1.193e+00,9.718e-01,2.216e+00,1.589e+00,1.967e+00,2.011e+00,1.924e+00,2.698e+00,3.312e+00,3.491e+00,2.353e+00,5.127e+00,5.160e+00,4.764e+00,3.147e+00,4.962e+00,4.502e+00,3.002e+00,2.913e+00,3.768e+00,3.906e+00,3.747e+00,3.978e+00,4.178e+00,4.600e+00,4.036e+00,3.541e+00,3.368e+00,3.355e+00,4.124e+00,3.725e+00,4.216e+00,3.417e+00,4.413e+00,2.926e+00,4.187e+00,4.387e+00,4.152e+00,3.905e+00,3.800e+00,4.732e+00,4.733e+00
3.474e-01,1.141e+00,1.036e+00,1.576e+00,1.003e+00,2.145e+00,1.497e+00,2.416e+00,1.619e+00,2.915e+00,2.283e+00,2.672e+00,3.566e+00,3.747e+00,2.764e+00,2.916e+00,5.176e+00,4.057e+00,5.097e+00,3.954e+00,6.103e+00,4.347e+00,4.626e+00,3.540e+00,4.279e+00,4.655e+00,4.460e+00,5.053e+00,3.121e+00,5.478e+00,3.265e+00,4.117e+00,4.466e+00,4.073e+00,4.926e+00,4.284e+00,4.104e+00,3.195e+00,4.765e+00,4.241e+00,6.020e+00,5.862e+00,3.968e+00,3.529e+00,5.178e+00,5.089e+00,4.424e+00
3.329e-01,6.586e-01,6.256e-01,1.047e+00,7.398e-01,1.949e+00,1.256e+00,2.896e+00,1.885e+00,2.970e+00,3.476e+00,3.543e+00,4.267e+00,4.734e+00,3.879e+00,4.385e+00,6.743e+00,6.221e+00,6.330e+00,4.743e+00,6.774e+00,6.497e+00,6.727e+00,5.411e+00,5.946e+00,6.576e+00,6.620e+00,7.602e+00,4.828e+00,6.788e+00,6.359e+00,6.643e+00,5.397e+00,5.453e+00,6.522e+00,5.508e+00,5.779e+00,5.101e+00,6.150e+00,5.573e+00,7.388e+00,6.838e+00,6.551e+00,5.169e+00,6.400e+00,6.601e+00,6.262e+00
3.081e-01,1.069e+00,9.899e-01,1.507e+00,1.145e+00,2.190e+00,1.667e+00,2.840e+00,2.227e+00,3.186e+00,2.664e+00,3.829e+00,4.672e+00,4.088e+00,3.925e+00,3.146e+00,5.539e+00,5.757e+00,6.450e+00,4.804e+00,6.894e+00,6.436e+00,5.206e+00,4.817e+00,5.548e+00,6.987e+00,6.037e+00,6.378e+00,4.514e+00,6.800e+00,6.311e+00,5.613e+00,5.058e+00,5.187e+00,5.833e+00,5.139e+00,5.235e+00,4.185e+00,5.854e+00,5.626e+00,6.998e+00,6.520e+00,5.466e+00,4.457e+00,5.296e+00,5.747e+00,5.569e+00
1.237e-01,5.455e-01,5.428e-01,8.579e-01,1.424e+00,2.380e+00,2.708e+00,3.259e+00,1.725e+00,3.079e+00,3.171e+00,3.718e+00,4.207e+00,4.074e+00,3.690e+00,3.259e+00,4.779e+00,5.394e+00,5.270e+00,3.554e+00,6.454e+00,5.268e+00,4.723e+00,4.161e+00,4.926e+00,5.839e+00,5.084e+00,5.790e+00,5.003e+00,6.221e+00,5.194e+00,5.055e+00,5.040e+00,5.291e+00,5.735e+00,4.974e+00,4.919e+00,4.840e+00,6.018e+00,4.754e+00,6.024e+00,5.907e+00,5.174e+00,4.590e+00,6.186e+00,5.383e+00,5.304e+00
1.633e-01,8.676e-01,8.124e-01,1.230e+00,1.721e+00,2.258e+00,2.312e+00,2.912e+00,1.799e+00,2.992e+00,2.863e+00,2.800e+00,3.672e+00,3.980e+00,2.775e+00,3.274e+00,5.110e+00,5.030e+00,4.965e+00,3.473e+00,5.983e+00,5.375e+00,3.813e+00,3.913e+00,4.029e+00,5.684e+00,4.651e+00,5.587e+00,4.627e+00,6.112e+00,4.310e+00,3.748e+00,5.209e+00,4.718e+00,4.983e+00,5.100e+00,4.715e+00,4.550e+00,5.492e+00,4.651e+00,6.218e+00,6.314e+00,4.809e+00,4.532e+00,5.435e+00,5.891e+00,4.672e+00
8.351e-02,5.188e-01,4.867e-01,7.022e-01,6.054e-01,1.505e+00,1.314e+00,1.975e+00,1.093e+00,2.403e+00,1.994e+00,2.104e+00,3.215e+00,3.602e+00,3.629e+00,3.210e+00,5.391e+00,5.088e+00,6.232e+00,4.321e+00,5.756e+00,6.065e+00,4.447e+00,4.062e+00,4.940e+00,6.466e+00,5.905e+00,5.919e+00,4.918e+00,6.449e+00,6.106e+00,5.975e+00,6.790e+00,5.159e+00,5.514e+00,5.218e+00,5.796e+00,4.940e+00,5.904e+00,5.561e+00,6.168e+00,5.146e+00,5.268e+00,4.413e+00,5.993e+00,6.676e+00,6.188e+00
1.219e-01,3.932e-01,3.427e-01,5.226e-01,3.623e-01,7.260e-01,3.679e-01,9.336e-01,7.194e-01,8.521e-01,9.206e-01,1.480e+00,1.807e+00,1.624e+00,2.138e+00,2.219e+00,2.868e+00,3.162e+00,3.238e+00,2.189e+00,3.617e+00,4.379e+00,3.345e+00,3.917e+00,3.577e+00,4.472e+00,4.969e+00,5.317e+00,3.987e+00,4.779e+00,5.264e+00,4.243e+00,4.842e+00,4.639e+00,4.121e+00,4.079e+00,5.596e+00,3.975e+00,3.818e+00,4.447e+00,4.410e+00,4.015e+00,3.802e+00,3.981e+00,4.266e+00,5.062e+00,4.232e+00
1.287e-02,1.607e-02,8.334e-02,1.946e-01,9.918e-01,2.007e+00,2.484e+00,3.030e+00,1.236e+00,3.095e+00,3.681e+00,3.453e+00,4.017e+00,4.302e+00,3.851e+00,4.070e+00,5.482e+00,5.775e+00,6.462e+00,4.349e+00,6.273e+00,6.781e+00,5.833e+00,5.296e+00,6.300e+00,8.746e+00,7.158e+00,8.353e+00,5.671e+00,8.293e+00,8.068e+00,6.942e+00,7.372e+00,6.400e+00,6.555e+00,6.511e+00,7.961e+00,6.939e+00,7.373e+00,8.085e+00,7.036e+00,6.106e+00,7.735e+00,6.389e+00,7.438e+00,7.310e+00,6.974e+00
3.410e-01,6.666e-01,5.858e-01,9.809e-01,6.348e-01,1.640e+00,1.303e+00,2.733e+00,1.760e+00,2.553e+00,2.584e+00,3.020e+00,3.622e+00,3.809e+00,3.837e+00,2.286e+00,4.961e+00,4.888e+00,5.487e+00,4.106e+00,6.175e+00,5.451e+00,5.001e+00,4.441e+00,4.689e+00,7.093e+00,6.369e+00,7.025e+00,5.637e+00,7.149e+00,5.564e+00,6.151e+00,7.176e+00,5.365e+00,5.609e+00,5.165e+00,6.468e+00,5.136e+00,6.308e+00,5.614e+00,6.248e+00,6.235e+00,5.809e+00,6.282e+00,6.760e+00,6.356e+00,6.444e+00
6.257e-02,3.615e-01,3.737e-01,5.779e-01,9.409e-01,2.205e+00,2.324e+00,2.772e+00,1.150e+00,3.188e+00,2.850e+00,2.578e+00,3.635e+00,4.057e+00,3.872e+00,3.544e+00,5.346e+00,5.166e+00,5.710e+00,3.833e+00,5.989e+00,5.766e+00,5.202e+00,4.168e+00,5.311e+00,8.439e+00,6.540e+00,6.712e+00,5.468e+00,7.538e+00,6.843e+00,6.443e+00,6.140e+00,6.459e+00,6.678e+00,6.388e+00,7.144e+00,6.015e+00,7.003e+00,7.155e+00,7.311e+00,5.811e+00,6.959e+00,5.939e+00,7.937e+00,6.601e+00,6.286e+00
1.608e-01,8.195e-01,7.394e-01,1.122e+00,1.631e+00,1.961e+00,2.120e+00,2.680e+00,1.476e+00,3.190e+00,2.865e+00,2.502e+00,3.826e+00,4.418e+00,4.250e+00,3.130e+00,6.021e+00,6.055e+00,6.324e+00,4.492e+00,6.459e+00,5.777e+00,5.108e+00,4.245e+00,5.620e+00,7.536e+00,7.176e+00,8.183e+00,7.055e+00,7.166e+00,6.752e+00,7.348e+00,7.083e+00,7.040e+00,7.521e+00,5.489e+00,7.044e+00,6.372e+00,8.861e+00,6.561e+00,7.399e+00,7.527e+00,7.591e+00,6.933e+00,8.218e+00,7.764e+00,7.286e+00
1.059e-01,6.898e-01,6.410e-01,9.485e-01,1.266e+00,2.073e+00,2.163e+00,3.300e+00,1.847e+00,3.066e+00,2.313e+00,3.267e+00,3.811e+00,3.651e+00,2.725e+00,2.891e+00,3.832e+00,4.245e+00,4.292e+00,2.264e+00,4.908e+00,4.479e+00,3.155e+00,2.773e+00,4.032e+00,6.158e+00,5.136e+00,7.025e+00,5.580e+00,6.022e+00,6.147e+00,6.237e+00,6.486e+00,5.136e+00,5.439e+00,5.225e+00,5.988e+00,4.883e+00,6.534e+00,5.666e+00,6.619e+00,6.307e+00,5.764e+00,5.709e+00,7.211e+00,5.617e+00,4.721e+00
3.457e-01,1.153e+00,1.032e+00,1.564e+00,9.982e-01,2.506e+00,1.669e+00,2.510e+00,1.825e+00,2.753e+00,2.821e+00,2.543e+00,3.402e+00,4.217e+00,3.831e+00,3.239e+00,5.200e+00,4.876e+00,5.740e+00,3.829e+00,5.621e+00,5.958e+00,5.244e+00,4.490e+00,4.222e+00,7.586e+00,6.802e+00,7.614e+00,6.601e+00,6.856e+00,8.995e+00,7.678e+00,7.706e+00,7.639e+00,6.696e+00,6.999e+00,7.597e+00,6.709e+00,7.337e+00,6.978e+00,8.055e+00,7.442e+00,8.680e+00,7.880e+00,8.830e+00,7.519e+00,5.940e+00
1.016e-02,7.009e-01,6.670e-01,9.209e-01,1.197e+00,1.579e+00,1.496e+00,1.821e+00,1.460e+00,2.269e+00,2.082e+00,2.419e+00,3.389e+00,2.870e+00,3.507e+00,3.053e+00,5.158e+00,5.339e+00,5.578e+00,4.659e+00,6.313e+00,6.345e+00,4.850e+00,5.373e+00,6.549e+00,8.166e+00,8.099e+00,8.952e+00,7.247e+00,8.089e+00,8.878e+00,8.866e+00,9.396e+00,8.589e+00,8.661e+00,7.309e+00,8.434e+00,7.368e+00,9.310e+00,7.963e+00,8.009e+00,8.014e+00,9.249e+00,9.353e+00,8.960e+00,8.176e+00,8.667e+00
1.937e-01,5.529e-01,4.967e-01,8.181e-01,1.263e+00,1.908e+00,1.823e+00,3.263e+00,1.790e+00,2.798e+00,2.721e+00,3.021e+00,4.028e+00,4.035e+00,4.236e+00,3.503e+00,5.042e+00,5.859e+00,5.888e+00,3.974e+00,6.487e+00,5.729e+00,5.035e+00,4.510e+00,6.062e+00,9.082e+00,8.129e+00,8.804e+00,8.639e+00,9.176e+00,1.003e+01,1.021e+01,1.037e+01,8.567e+00,8.558e+00,8.517e+00,1.023e+01,8.057e+00,9.432e+00,8.825e+00,8.729e+00,8.640e+00,1.014e+01,1.018e+01,1.074e+01,8.834e+00,8.815e+00
6.777e-02,2.979e-01,2.909e-01,4.789e-01,1.092e+00,1.393e+00,1.534e+00,2.428e+00,1.074e+00,2.456e+00,2.856e+00,2.362e+00,3.140e+00,4.144e+00,2.842e+00,3.575e+00,5.088e+00,5.297e+00,5.342e+00,4.412e+00,6.186e+00,6.582e+00,5.435e+00,5.317e+00,6.088e+00,8.086e+00,8.183e+00,8.842e+00,7.423e+00,8.244e+00,8.701e+00,8.564e+00,9.578e+00,8.499e+00,8.854e+00,8.177e+00,9.571e+00,8.802e+00,9.945e+00,8.753e+00,1.001e+01,8.016e+00,9.105e+00,8.845e+00,1.004e+01,9.424e+00,8.577e+00
3.409e-01,9.987e-01,8.768e-01,1.403e+00,1.667e+00,2.347e+00,2.077e+00,3.279e+00,1.847e+00,3.161e+00,2.931e+00,2.788e+00,3.611e+00,4.459e+00,3.643e+00,3.263e+00,5.040e+00,5.460e+00,6.087e+00,4.677e+00,7.258e+00,7.075e+00,5.841e+00,5.555e+00,5.892e+00,8.793e+00,8.818e+00,9.225e+00,8.287e+00,8.868e+00,9.970e+00,9.536e+00,1.105e+01,1.074e+01,9.885e+00,9.079e+00,1.075e+01,9.644e+00,1.020e+01,9.550e+00,1.101e+01,9.272e+00,1.054e+01,9.986e+00,1.121e+01,9.460e+00,9.397e+00
3.351e-01,1.088e+00,9.866e-01,1.527e+00,1.361e+00,2.739e+00,2.135e+00,3.052e+00,2.054e+00,3.223e+00,3.440e+00,2.893e+00,3.871e+00,4.561e+00,4.637e+00,3.251e+00,5.797e+00,6.014e+00,6.726e+00,4.929e+00,6.635e+00,6.695e+00,5.594e+00,4.760e+00,5.578e+00,7.582e+00,8.107e+00,8.562e+00,7.634e+00,7.698e+00,9.615e+00,8.994e+00,9.814e+00,1.075e+01,9.063e+00,8.857e+00,9.265e+00,8.689e+00,1.057e+01,8.976e+00,9.037e+00,9.277e+00,9.929e+00,9.402e+00,1.012e+01,9.041e+00,9.541e+00
2.907e-01,7.190e-01,6.508e-01,1.079e+00,1.362e+00,2.106e+00,1.669e+00,2.512e+00,1.147e+00,2.652e+00,3.534e+00,2.009e+00,3.176e+00,4.187e+00,3.254e+00,3.549e+00,4.798e+00,4.466e+00,5.310e+00,4.441e+00,5.688e+00,5.107e+00,5.775e+00,4.550e+00,4.441e+00,7.853e+00,7.638e+00,8.027e+00,6.801e+00,7.201e+00,7.504e+00,7.740e+00,9.673e+00,8.236e+00,8.420e+00,8.301e+00,8.981e+00,8.530e+00,1.039e+01,7.683e+00,1.015e+01,8.459e+00,9.090e+00,9.159e+00,9.724e+00,9.446e+00,8.035e+00
1.819e-01,3.968e-01,3.956e-01,6.555e-01,5.670e-01,1.689e+00,1.456e+00,2.376e+00,1.383e+00,1.936e+00,2.807e+00,3.566e+00,4.001e+00,4.003e+00,3.373e+00,3.820e+00,4.470e+00,4.812e+00,4.830e+00,2.862e+00,5.399e+00,5.523e+00,5.001e+00,5.002e+00,5.129e+00,8.535e+00,7.802e+00,8.562e+00,7.461e+00,8.253e+00,8.975e+00,8.360e+00,9.503e+00,9.203e+00,8.711e+00,9.103e+00,9.477e+00,8.974e+00,9.894e+00,9.515e+00,8.537e+00,9.409e+00,9.150e+00,1.011e+01,1.046e+01,9.118e+00,9.001e+00
2.934e-01,5.128e-01,5.011e-01,8.788e-01,9.029e-01,1.990e+00,1.615e+00,1.952e+00,8.944e-01,2.164e+00,2.649e+00,2.229e+00,3.072e+00,3.684e+00,3.361e+00,3.853e+00,5.161e+00,4.560e+00,5.601e+00,3.811e+00,5.876e+00,5.621e+00,5.226e+00,4.834e+00,6.063e+00,7.688e+00,7.965e+00,8.397e+00,6.847e+00,7.627e+00,8.153e+00,8.702e+00,7.442e+00,8.882e+00,9.065e+00,8.319e+00,9.188e+00,8.826e+00,1.060e+01,9.135e+00,8.885e+00,9.608e+00,9.456e+00,9.061e+00,1.017e+01,9.675e+00,1.002e+01
6.226e-02,7.695e-01,7.529e-01,1.087e+00,1.485e+00,2.215e+00,2.376e+00,3.300e+00,2.069e+00,3.547e+00,2.532e+00,3.449e+00,4.175e+00,3.695e+00,2.714e+00,2.822e+00,4.851e+00,5.496e+00,5.781e+00,4.731e+00,6.801e+00,6.049e+00,6.069e+00,4.766e+00,6.714e+00,8.941e+00,7.667e+00,8.349e+00,7.250e+00,8.381e+00,8.776e+00,7.757e+00,8.769e+00,8.697e+00,9.090e+00,9.375e+00,1.019e+01,8.642e+00,1.218e+01,1.056e+01,1.176e+01,1.095e+01,1.049e+01,1.047e+01,1.025e+01,1.004e+01,1.024e+01
1.587e-02,5.054e-01,4.852e-01,6.851e-01,1.011e+00,1.654e+00,1.581e+00,2.036e+00,1.143e+00,2.144e+00,2.494e+00,2.373e+00,2.957e+00,3.156e+00,2.842e+00,3.253e+00,4.298e+00,4.784e+00,5.179e+00,4.184e+00,5.577e+00,5.991e+00,4.607e+00,4.761e+00,5.356e+00,6.923e+00,7.452e+00,6.768e+00,6.014e+00,7.130e+00,7.722e+00,6.596e+00,8.602e+00,8.595e+00,7.472e+00,8.196e+00,8.485e+00,7.737e+00,9.682e+00,8.709e+00,9.690e+00,8.027e+00,7.501e+00,8.362e+00,9.212e+00,8.899e+00,9.103e+00
6.084e-02,7.529e-01,7.070e-01,1.005e+00,1.259e+00,1.648e+00,1.474e+00,2.209e+00,1.689e+00,2.578e+00,2.329e+00,2.712e+00,3.179e+00,2.659e+00,2.276e+00,2.544e+00,3.894e+00,4.143e+00,4.083e+00,3.821e+00,5.280e+00,5.391e+00,4.379e+00,4.547e+00,4.925e+00,6.750e+00,6.627e+00,7.372e+00,4.869e+00,7.068e+00,7.135e+00,5.762e+00,7.631e+00,7.360e+00,6.511e+00,7.942e+00,7.875e+00,7.428e+00,9.043e+00,8.614e+00,1.014e+01,7.664e+00,7.607e+00,8.555e+00,9.580e+00,8.665e+00,9.389e+00
1.140e-01,1.490e-01,1.551e-01,3.074e-01,5.723e-01,1.284e+00,1.308e+00,2.342e+00,1.081e+00,2.179e+00,2.613e+00,2.804e+00,3.640e+00,4.037e+00,3.576e+00,3.744e+00,5.234e+00,5.823e+00,5.852e+00,4.499e+00,6.592e+00,7.180e+00,6.198e+00,6.235e+00,6.411e+00,9.791e+00,8.705e+00,9.255e+00,7.380e+00,9.134e+00,9.511e+00,8.915e+00,1.062e+01,9.652e+00,9.320e+00,9.867e+00,1.108e+01,9.980e+00,1.237e+01,1.103e+01,1.339e+01,1.053e+01,1.179e+01,1.160e+01,1.247e+01,1.152e+01,1.184e+01
3.420e-01,8.045e-01,7.618e-01,1.262e+00,1.368e+00,2.936e+00,2.695e+00,4.047e+00,1.960e+00,3.964e+00,3.885e+00,3.910e+00,5.073e+00,5.667e+00,4.607e+00,4.481e+00,6.607e+00,6.173e+00,6.998e+00,4.554e+00,7.868e+00,6.763e+00,6.788e+00,5.320e+00,6.557e+00,8.996e+00,7.470e+00,9.134e+00,7.133e+00,8.705e+00,8.100e+00,7.911e+00,8.367e+00,7.706e+00,8.843e+00,8.968e+00,9.014e+00,8.503e+00,1.085e+01,1.009e+01,1.161e+01,1.179e+01,1.153e+01,1.103e+01,1.192e+01,1.186e+01,1.049e+01
2.071e-01,9.475e-01,8.609e-01,1.289e+00,1.367e+00,2.086e+00,1.687e+00,3.385e+00,2.137e+00,3.371e+00,3.287e+00,3.485e+00,4.325e+00,4.625e+00,3.374e+00,3.083e+00,4.584e+00,4.997e+00,5.428e+00,4.281e+00,5.988e+00,6.135e+00,5.730e+00,4.681e+00,5.658e+00,8.276e+00,7.757e+00,9.094e+00,6.617e+00,7.647e+00,8.547e+00,7.001e+00,9.321e+00,8.568e+00,8.331e+00,7.482e+00,9.107e+00,7.429e+00,1.066e+01,9.542e+00,1.043e+01,9.224e+00,1.055e+01,1.057e+01,1.038e+01,1.103e+01,9.891e+00
2.585e-01,8.692e-01,8.237e-01,1.291e+00,1.444e+00,2.600e+00,2.348e+00,3.298e+00,1.915e+00,3.596e+00,3.622e+00,3.428e+00,4.552e+00,4.761e+00,3.906e+00,3.689e+00,5.800e+00,5.994e+00,6.803e+00,5.138e+00,7.089e+00,7.218e+00,6.364e+00,5.563e+00,6.366e+00,9.702e+00,8.043e+00,8.962e+00,7.527e+00,9.218e+00,9.524e+00,8.756e+00,1.062e+01,1.050e+01,9.257e+00,9.767e+00,1.071e+01,1.024e+01,1.096e+01,1.106e+01,1.136e+01,1.037e+01,1.204e+01,1.246e+01,1.144e+01,1.180e+01,1.120e+01
2.999e-01,8.537e-01,8.127e-01,1.285e+00,1.108e+00,2.448e+00,2.048e+00,2.648e+00,1.716e+00,2.908e+00,3.371e+00,3.183e+00,4.130e+00,4.519e+00,4.146e+00,3.769e+00,6.178e+00,5.484e+00,6.493e+00,4.574e+00,6.795e+00,6.008e+00,6.070e+00,5.146e+00,5.862e+00,8.460e+00,7.282e+00,8.859e+00,7.525e+00,8.059e+00,8.832e+00,8.623e+00,9.907e+00,9.412e+00,8.797e+00,9.395e+00,1.022e+01,9.788e+00,1.149e+01,9.390e+00,1.154e+01,1.081e+01,1.198e+01,1.279e+01,1.237e+01,1.340e+01,1.204e+01
6.735e-02,9.316e-02,1.260e-01,2.213e-01,1.279e-01,1.748e+00,1.583e+00,2.248e+00,9.251e-01,1.957e+00,3.080e+00,3.269e+00,3.787e+00,4.219e+00,3.886e+00,4.462e+00,5.051e+00,5.163e+00,5.070e+00,2.597e+00,4.987e+00,5.974e+00,4.367e+00,4.781e+00,4.906e+00,8.064e+00,7.528e+00,8.513e+00,6.915e+00,8.071e+00,8.893e+00,8.252e+00,9.937e+00,9.486e+00,8.063e+00,9.519e+00,9.434e+00,9.101e+00,1.093e+01,1.011e+01,1.034e+01,9.546e+00,1.038e+01,1.122e+01,1.229e+01,1.144e+01,1.126e+01
3.356e-01,1.044e+00,9.665e-01,1.511e+00,1.406e+00,2.973e+00,2.445e+00,3.860e+00,2.315e+00,3.897e+00,3.504e+00,3.555e+00,4.405e+00,4.776e+00,4.047e+00,3.528e+00,5.688e+00,5.954e+00,6.490e+00,4.470e+00,6.758e+00,6.768e+00,6.251e+00,4.797e+00,6.491e+00,8.323e+00,7.515e+00,9.003e+00,7.252e+00,7.971e+00,9.650e+00,8.940e+00,8.895e+00,9.199e+00,8.763e+00,8.844e+00,1.031e+01,8.720e+00,1.068e+01,1.042e+01,1.139e+01,1.155e+01,1.241e+01,1.204e+01,1.198e+01,1.219e+01,1.252e+01
