4.812e-01,1.717e-01,4.265e-01,4.548e-01,2.461e-01,9.388e-01,7.821e-01,6.265e-01,4.027e-01,2.350e-01,5.551e-01,9.613e-02,6.777e-01,4.693e-01,3.870e-01,6.198e-01,6.410e-01,8.655e-03,1.518e-01,2.541e-01,5.265e-01,1.607e-01,9.553e-01,1.760e-01,9.371e-01,8.921e-01,1.848e-01,7.389e-02,1.708e-01,9.730e-02,3.546e-01,9.638e-01,5.931e-01,3.067e-01,1.875e-01,1.133e-01,3.433e-01,5.032e-03,7.235e-01,2.487e-01,1.886e-01,3.242e-01,6.346e-01,1.965e-01,7.911e-01,3.264e-01,9.567e-01,5.157e-01,8.907e-01,4.179e-01,6.251e-01,8.241e-01,8.144e-01,1.708e-01,2.039e-01
2.644e-01,2.246e-01,1.021e+00,8.326e-01,5.958e-01,8.088e-01,7.827e-01,1.219e+00,4.100e-01,5.039e-01,8.087e-01,1.038e+00,6.282e-01,3.400e-01,7.089e-01,8.888e-01,7.790e-01,9.036e-01,2.690e-01,3.443e-01,3.282e-01,7.439e-01,1.168e+00,7.801e-01,7.577e-01,1.127e+00,6.932e-01,1.437e-01,3.699e-01,9.036e-01,8.222e-01,1.046e+00,4.462e-01,6.004e-01,3.025e-01,6.297e-01,9.063e-01,2.251e-01,4.804e-01,6.783e-01,4.712e-01,1.894e-01,5.143e-01,7.663e-01,4.833e-01,8.646e-01,1.100e+00,5.028e-01,8.823e-01,4.357e-01,9.041e-01,1.382e+00,1.102e+00,3.918e-01,2.734e-01
2.333e-01,2.009e-01,1.768e+00,1.554e+00,7.978e-01,1.692e+00,7.719e-01,1.861e+00,6.271e-01,4.536e-01,1.555e+00,9.635e-01,1.222e+00,1.246e+00,1.624e+00,1.298e+00,1.214e+00,8.974e-01,6.326e-01,7.029e-01,7.296e-01,8.418e-01,1.963e+00,1.247e+00,1.388e+00,1.738e+00,1.526e+00,4.827e-01,4.802e-01,1.747e+00,1.506e+00,1.712e+00,9.592e-01,6.696e-01,9.782e-01,1.292e+00,1.677e+00,1.186e+00,1.175e+00,1.454e+00,6.747e-01,9.608e-01,8.557e-01,1.295e+00,6.805e-01,1.569e+00,1.765e+00,1.173e+00,1.543e+00,5.791e-01,1.386e+00,2.141e+00,1.123e+00,1.073e+00,4.208e-01
2.221e-01,1.273e-01,8.346e-01,8.051e-01,7.763e-01,1.448e+00,1.498e+00,1.637e+00,5.239e-01,6.967e-01,1.319e+00,1.112e+00,1.125e+00,9.682e-01,1.388e+00,1.088e+00,1.325e+00,1.134e+00,1.029e+00,1.321e+00,4.890e-01,7.542e-01,1.418e+00,1.498e+00,1.761e+00,1.717e+00,1.284e+00,7.421e-01,1.189e+00,1.354e+00,9.505e-01,1.144e+00,1.255e+00,1.165e+00,8.126e-01,1.242e+00,1.371e+00,8.525e-01,1.288e+00,1.007e+00,1.305e+00,4.974e-01,1.169e+00,1.535e+00,5.552e-01,7.895e-01,1.569e+00,1.389e+00,1.400e+00,1.295e+00,1.694e+00,2.077e+00,1.590e+00,1.126e+00,1.004e+00
2.739e-01,1.430e-01,1.247e+00,1.197e+00,1.319e+00,2.697e+00,1.996e+00,2.276e+00,8.909e-01,1.586e+00,1.712e+00,1.474e+00,1.447e+00,2.039e+00,2.031e+00,1.756e+00,1.535e+00,1.671e+00,1.576e+00,2.085e+00,9.436e-01,7.724e-01,2.016e+00,2.178e+00,2.578e+00,2.392e+00,2.484e+00,1.720e+00,1.147e+00,2.270e+00,1.584e+00,1.833e+00,1.980e+00,1.330e+00,1.787e+00,1.548e+00,2.070e+00,1.554e+00,2.081e+00,1.897e+00,1.597e+00,1.124e+00,2.089e+00,2.374e+00,1.531e+00,1.806e+00,2.178e+00,2.178e+00,2.696e+00,1.342e+00,2.636e+00,3.084e+00,2.048e+00,1.536e+00,1.019e+00
4.629e-01,2.689e-01,1.702e+00,1.556e+00,1.423e+00,3.452e+00,3.050e+00,2.623e+00,1.202e+00,2.431e+00,2.040e+00,2.448e+00,1.882e+00,2.670e+00,2.687e+00,2.045e+00,2.081e+00,2.504e+00,1.876e+00,2.086e+00,1.687e+00,1.083e+00,2.974e+00,2.417e+00,3.184e+00,2.673e+00,3.064e+00,2.309e+00,1.549e+00,2.466e+00,2.254e+00,3.236e+00,2.119e+00,1.439e+00,1.998e+00,1.664e+00,2.965e+00,1.873e+00,2.310e+00,2.057e+00,1.509e+00,1.430e+00,2.627e+00,2.974e+00,2.182e+00,2.743e+00,3.252e+00,2.440e+00,3.606e+00,1.689e+00,3.090e+00,3.919e+00,2.824e+00,1.818e+00,1.485e+00
2.298e-01,1.586e-01,8.832e-01,8.006e-01,1.175e+00,2.444e+00,3.405e+00,2.121e+00,1.454e+00,2.276e+00,1.452e+00,2.729e+00,1.229e+00,2.772e+00,2.814e+00,1.749e+00,1.966e+00,3.178e+00,1.982e+00,2.303e+00,1.746e+00,9.603e-01,1.918e+00,2.501e+00,3.156e+00,2.553e+00,3.328e+00,2.456e+00,1.931e+00,2.762e+00,1.832e+00,2.405e+00,2.200e+00,1.514e+00,2.133e+00,1.595e+00,2.231e+00,1.701e+00,2.155e+00,2.027e+00,1.451e+00,1.036e+00,2.519e+00,3.130e+00,1.667e+00,2.478e+00,3.136e+00,1.942e+00,3.055e+00,2.388e+00,2.944e+00,3.883e+00,3.248e+00,2.172e+00,1.868e+00
1.980e-01,1.638e-01,1.357e+00,1.212e+00,1.174e+00,2.542e+00,2.671e+00,3.169e+00,1.621e+00,2.860e+00,2.517e+00,2.703e+00,2.075e+00,3.559e+00,2.825e+00,2.086e+00,2.660e+00,3.211e+00,2.589e+00,2.758e+00,1.820e+00,1.838e+00,2.945e+00,2.526e+00,3.451e+00,2.559e+00,3.640e+00,3.099e+00,2.017e+00,2.840e+00,2.668e+00,3.129e+00,2.646e+00,2.200e+00,2.327e+00,2.653e+00,2.423e+00,2.023e+00,2.239e+00,2.359e+00,1.276e+00,1.259e+00,2.774e+00,3.568e+00,1.723e+00,3.398e+00,3.148e+00,2.416e+00,3.575e+00,2.065e+00,3.403e+00,4.017e+00,3.319e+00,2.324e+00,1.536e+00
1.410e-01,7.983e-02,3.508e-01,3.419e-01,6.617e-01,1.682e+00,2.478e+00,1.421e+00,1.334e+00,2.508e+00,1.753e+00,2.521e+00,2.039e+00,2.766e+00,1.861e+00,1.564e+00,1.778e+00,3.078e+00,1.668e+00,2.205e+00,2.114e+00,1.681e+00,1.977e+00,2.249e+00,2.403e+00,2.040e+00,2.844e+00,2.499e+00,2.493e+00,1.924e+00,2.003e+00,2.142e+00,1.713e+00,1.341e+00,2.012e+00,2.037e+00,2.150e+00,1.148e+00,2.318e+00,1.314e+00,1.579e+00,1.310e+00,2.669e+00,3.018e+00,1.305e+00,1.964e+00,2.683e+00,2.286e+00,2.283e+00,2.265e+00,2.532e+00,2.729e+00,2.671e+00,1.994e+00,2.382e+00
1.963e-01,9.317e-02,9.447e-01,9.098e-01,8.740e-01,2.511e+00,2.395e+00,2.487e+00,1.259e+00,2.747e+00,2.363e+00,2.461e+00,2.850e+00,3.537e+00,3.285e+00,2.020e+00,2.910e+00,2.767e+00,2.396e+00,3.344e+00,2.122e+00,2.259e+00,3.285e+00,2.929e+00,3.106e+00,2.639e+00,3.649e+00,3.384e+00,2.706e+00,2.885e+00,3.129e+00,3.430e+00,3.085e+00,2.146e+00,2.757e+00,2.265e+00,2.798e+00,2.492e+00,2.977e+00,2.701e+00,1.829e+00,2.025e+00,3.603e+00,3.483e+00,1.722e+00,3.303e+00,3.228e+00,3.142e+00,4.161e+00,2.431e+00,3.639e+00,4.157e+00,2.896e+00,2.260e+00,1.848e+00
2.253e-01,1.508e-01,1.245e+00,1.129e+00,1.036e+00,2.360e+00,1.814e+00,2.674e+00,1.544e+00,2.904e+00,2.791e+00,2.427e+00,3.440e+00,4.023e+00,2.181e+00,2.992e+00,3.170e+00,3.539e+00,2.695e+00,2.778e+00,3.055e+00,3.201e+00,3.952e+00,2.905e+00,2.890e+00,2.977e+00,4.081e+00,3.331e+00,2.507e+00,3.479e+00,3.649e+00,3.790e+00,2.452e+00,2.036e+00,2.537e+00,3.485e+00,2.788e+00,1.703e+00,3.636e+00,2.736e+00,2.363e+00,2.744e+00,4.087e+00,4.047e+00,2.649e+00,3.512e+00,2.908e+00,3.887e+00,3.494e+00,2.267e+00,3.616e+00,3.510e+00,3.317e+00,2.428e+00,2.344e+00
3.113e-01,1.882e-01,1.099e+00,1.014e+00,1.180e+00,2.357e+00,2.446e+00,3.060e+00,1.574e+00,2.898e+00,2.709e+00,2.755e+00,3.622e+00,3.689e+00,2.658e+00,3.556e+00,3.784e+00,3.933e+00,2.839e+00,3.884e+00,2.691e+00,3.499e+00,4.029e+00,2.900e+00,3.716e+00,3.973e+00,4.195e+00,3.919e+00,2.956e+00,3.653e+00,3.983e+00,3.671e+00,3.101e+00,3.182e+00,3.231e+00,3.152e+00,3.008e+00,2.073e+00,3.519e+00,3.399e+00,3.149e+00,2.612e+00,3.761e+00,4.508e+00,2.320e+00,3.175e+00,3.447e+00,3.452e+00,3.846e+00,2.590e+00,4.136e+00,3.910e+00,3.679e+00,2.528e+00,2.506e+00
3.062e-01,1.953e-01,1.149e+00,1.029e+00,9.382e-01,2.074e+00,1.872e+00,2.612e+00,1.196e+00,2.468e+00,2.382e+00,2.403e+00,3.984e+00,4.272e+00,3.165e+00,3.806e+00,4.735e+00,3.590e+00,3.567e+00,3.741e+00,3.749e+00,4.508e+00,4.374e+00,3.728e+00,3.772e+00,4.436e+00,4.037e+00,3.727e+00,3.070e+00,3.936e+00,4.214e+00,4.422e+00,2.905e+00,3.432e+00,3.153e+00,2.826e+00,3.179e+00,2.838e+00,3.773e+00,3.942e+00,3.585e+00,3.130e+00,3.920e+00,4.796e+00,2.968e+00,4.177e+00,4.066e+00,4.436e+00,3.888e+00,3.004e+00,4.733e+00,4.125e+00,3.731e+00,2.412e+00,3.084e+00
2.151e-01,1.413e-01,1.042e+00,9.663e-01,8.200e-01,1.943e+00,2.559e+00,2.524e+00,1.534e+00,2.211e+00,2.539e+00,2.810e+00,3.717e+00,4.993e+00,3.823e+00,3.205e+00,4.695e+00,4.425e+00,3.693e+00,3.925e+00,4.372e+00,4.425e+00,4.705e+00,4.737e+00,4.348e+00,4.416e+00,5.256e+00,3.487e+00,3.820e+00,4.956e+00,3.937e+00,4.464e+00,3.556e+00,3.046e+00,3.705e+00,3.868e+00,3.900e+00,3.129e+00,4.317e+00,3.715e+00,3.536e+00,2.926e+00,4.711e+00,4.773e+00,2.932e+00,4.646e+00,4.653e+00,4.143e+00,3.738e+00,4.594e+00,4.672e+00,4.867e+00,4.108e+00,4.008e+00,3.795e+00
7.436e-02,7.330e-02,8.272e-01,7.638e-01,7.633e-01,1.428e+00,1.163e+00,1.932e+00,6.990e-01,1.359e+00,1.603e+00,1.380e+00,2.021e+00,2.664e+00,2.920e+00,2.428e+00,3.024e+00,2.485e+00,2.462e+00,2.533e+00,1.946e+00,3.364e+00,3.251e+00,3.521e+00,3.578e+00,2.733e+00,3.124e+00,3.045e+00,2.710e+00,3.056e+00,3.125e+00,2.643e+00,2.716e+00,2.395e+00,2.082e+00,2.471e+00,3.013e+00,2.540e+00,2.376e+00,2.584e+00,2.586e+00,1.883e+00,2.490e+00,3.380e+00,2.455e+00,2.628e+00,2.541e+00,2.691e+00,2.950e+00,2.581e+00,3.533e+00,3.221e+00,2.751e+00,2.704e+00,2.127e+00
1.367e-02,4.204e-02,2.791e-01,2.207e-01,2.732e-01,9.121e-01,1.652e+00,5.845e-01,8.157e-01,1.396e+00,7.426e-01,1.802e+00,1.531e+00,2.246e+00,2.255e+00,2.504e+00,2.505e+00,3.358e+00,2.030e+00,2.312e+00,3.118e+00,2.209e+00,2.576e+00,2.965e+00,2.955e+00,2.959e+00,3.283e+00,3.070e+00,2.601e+00,2.586e+00,2.350e+00,3.008e+00,2.328e+00,1.500e+00,2.984e+00,1.386e+00,2.337e+00,2.651e+00,2.736e+00,2.617e+00,1.956e+00,1.847e+00,2.808e+00,2.664e+00,2.280e+00,2.627e+00,3.280e+00,1.849e+00,2.098e+00,2.658e+00,2.815e+00,2.517e+00,2.820e+00,2.303e+00,2.465e+00
2.658e-01,1.663e-01,1.157e+00,1.083e+00,1.196e+00,2.461e+00,2.650e+00,2.417e+00,1.219e+00,1.978e+00,2.034e+00,2.355e+00,2.717e+00,4.374e+00,3.653e+00,3.690e+00,5.217e+00,5.328e+00,4.743e+00,3.664e+00,5.388e+00,4.212e+00,5.751e+00,5.763e+00,6.007e+00,5.310e+00,5.426e+00,4.264e+00,4.203e+00,5.662e+00,4.229e+00,5.599e+00,4.362e+00,2.949e+00,3.835e+00,4.514e+00,5.083e+00,3.705e+00,4.910e+00,4.344e+00,4.201e+00,2.836e+00,5.288e+00,4.828e+00,5.408e+00,5.383e+00,4.655e+00,4.790e+00,4.554e+00,5.357e+00,6.066e+00,5.024e+00,5.579e+00,4.783e+00,4.128e+00
2.685e-01,1.586e-01,6.614e-01,5.934e-01,7.430e-01,1.319e+00,2.021e+00,1.672e+00,1.237e+00,1.372e+00,1.389e+00,2.002e+00,2.125e+00,2.753e+00,2.875e+00,2.574e+00,3.659e+00,4.149e+00,3.418e+00,3.067e+00,4.486e+00,3.506e+00,3.725e+00,3.653e+00,4.297e+00,5.011e+00,3.605e+00,3.654e+00,3.912e+00,4.042e+00,3.906e+00,3.799e+00,4.003e+00,2.252e+00,3.028e+00,3.281e+00,3.747e+00,2.868e+00,3.687e+00,3.638e+00,3.013e+00,2.900e+00,4.387e+00,3.758e+00,3.557e+00,3.655e+00,3.486e+00,3.699e+00,4.302e+00,4.556e+00,4.333e+00,3.917e+00,4.474e+00,3.127e+00,3.254e+00
1.804e-02,1.090e-01,8.236e-01,6.990e-01,8.239e-01,1.593e+00,2.996e+00,2.525e+00,1.699e+00,2.753e+00,2.458e+00,3.533e+00,3.750e+00,5.289e+00,4.363e+00,4.624e+00,5.939e+00,6.967e+00,5.671e+00,5.060e+00,6.799e+00,7.122e+00,6.764e+00,7.195e+00,7.475e+00,6.266e+00,7.714e+00,6.500e+00,6.303e+00,6.372e+00,6.610e+00,6.550e+00,5.736e+00,4.262e+00,5.273e+00,5.885e+00,6.201e+00,4.968e+00,6.072e+00,5.043e+00,5.018e+00,5.028e+00,6.406e+00,6.932e+00,5.769e+00,6.329e+00,6.016e+00,5.336e+00,5.247e+00,7.312e+00,6.771e+00,5.443e+00,6.511e+00,6.572e+00,5.687e+00
1.130e-02,1.288e-01,1.556e+00,1.358e+00,1.145e+00,2.011e+00,1.729e+00,2.808e+00,1.042e+00,1.858e+00,2.382e+00,2.362e+00,2.750e+00,3.615e+00,3.048e+00,2.857e+00,4.011e+00,4.001e+00,3.933e+00,3.942e+00,4.428e+00,4.599e+00,4.801e+00,5.043e+00,5.719e+00,5.005e+00,5.534e+00,4.253e+00,4.056e+00,5.213e+00,4.555e+00,4.892e+00,3.939e+00,3.607e+00,3.475e+00,4.735e+00,4.541e+00,4.343e+00,4.080e+00,4.497e+00,3.324e+00,3.696e+00,4.052e+00,4.828e+00,3.609e+00,4.878e+00,4.137e+00,4.778e+00,4.852e+00,4.653e+00,5.565e+00,4.978e+00,4.953e+00,4.875e+00,3.088e+00
1.121e-02,5.415e-02,8.883e-01,8.273e-01,9.225e-01,2.077e+00,2.334e+00,2.505e+00,1.122e+00,2.467e+00,2.362e+00,2.712e+00,3.561e+00,4.577e+00,4.032e+00,3.469e+00,4.896e+00,4.497e+00,4.471e+00,4.915e+00,5.388e+00,5.436e+00,6.047e+00,6.897e+00,6.659e+00,5.209e+00,6.765e+00,5.782e+00,5.161e+00,5.973e+00,5.697e+00,6.240e+00,4.914e+00,4.108e+00,4.697e+00,4.835e+00,4.715e+00,5.673e+00,5.971e+00,5.679e+00,4.814e+00,5.222e+00,6.302e+00,5.716e+00,4.287e+00,5.607e+00,5.799e+00,5.615e+00,5.423e+00,6.306e+00,6.379e+00,5.828e+00,5.461e+00,6.190e+00,3.986e+00
3.042e-01,1.221e-01,3.545e-01,3.960e-01,9.385e-01,1.810e+00,2.309e+00,1.675e+00,1.277e+00,2.031e+00,1.644e+00,2.093e+00,2.814e+00,3.382e+00,2.856e+00,4.069e+00,4.058e+00,4.430e+00,3.697e+00,4.406e+00,5.004e+00,4.253e+00,5.467e+00,6.413e+00,6.152e+00,6.422e+00,5.548e+00,6.010e+00,4.711e+00,4.339e+00,4.815e+00,5.111e+00,5.096e+00,3.894e+00,4.763e+00,3.908e+00,4.633e+00,4.754e+00,6.053e+00,5.212e+00,4.773e+00,4.380e+00,5.243e+00,4.874e+00,4.913e+00,4.439e+00,5.833e+00,4.380e+00,4.265e+00,5.339e+00,6.083e+00,4.713e+00,5.184e+00,4.945e+00,4.256e+00
1.752e-01,1.457e-01,1.030e+00,8.985e-01,6.576e-01,1.533e+00,2.038e+00,1.887e+00,1.461e+00,1.817e+00,2.022e+00,2.558e+00,3.137e+00,4.021e+00,3.277e+00,3.497e+00,4.362e+00,5.029e+00,3.415e+00,4.367e+00,5.710e+00,4.652e+00,6.979e+00,6.865e+00,6.186e+00,6.511e+00,7.734e+00,5.592e+00,5.053e+00,6.217e+00,6.247e+00,6.167e+00,5.153e+00,3.397e+00,5.274e+00,5.359e+00,5.231e+00,5.255e+00,6.223e+00,5.393e+00,4.173e+00,5.368e+00,5.974e+00,4.682e+00,5.449e+00,6.201e+00,5.920e+00,4.825e+00,5.063e+00,6.627e+00,6.783e+00,5.678e+00,5.825e+00,6.081e+00,4.166e+00
1.693e-01,1.560e-01,8.802e-01,7.437e-01,5.596e-01,9.155e-01,1.397e+00,1.431e+00,9.686e-01,9.358e-01,1.337e+00,1.712e+00,1.905e+00,2.478e+00,2.490e+00,2.865e+00,3.119e+00,3.561e+00,3.174e+00,3.063e+00,5.028e+00,4.505e+00,5.312e+00,6.741e+00,5.740e+00,6.208e+00,6.038e+00,5.095e+00,5.071e+00,5.439e+00,5.388e+00,5.824e+00,5.435e+00,3.871e+00,3.604e+00,5.170e+00,4.953e+00,6.044e+00,5.607e+00,5.490e+00,4.175e+00,5.852e+00,5.282e+00,4.851e+00,5.193e+00,4.799e+00,5.032e+00,4.849e+00,4.657e+00,6.224e+00,5.824e+00,5.760e+00,5.527e+00,5.434e+00,3.831e+00
4.787e-01,2.744e-01,1.447e+00,1.306e+00,9.511e-01,2.425e+00,2.364e+00,2.424e+00,1.315e+00,2.208e+00,2.429e+00,2.591e+00,3.658e+00,3.582e+00,3.105e+00,3.825e+00,4.596e+00,4.833e+00,3.977e+00,4.366e+00,6.061e+00,5.227e+00,6.910e+00,6.323e+00,6.651e+00,7.180e+00,7.513e+00,6.486e+00,6.130e+00,6.889e+00,6.625e+00,8.381e+00,6.722e+00,5.008e+00,5.471e+00,5.708e+00,6.766e+00,6.263e+00,7.025e+00,6.204e+00,5.068e+00,6.053e+00,7.393e+00,5.787e+00,6.709e+00,6.079e+00,6.093e+00,6.505e+00,7.182e+00,7.074e+00,6.724e+00,6.384e+00,6.482e+00,6.008e+00,4.403e+00
1.738e-01,1.320e-01,9.131e-01,8.273e-01,1.136e+00,2.234e+00,2.259e+00,2.238e+00,1.162e+00,2.411e+00,1.900e+00,2.410e+00,2.856e+00,3.837e+00,3.133e+00,3.438e+00,4.406e+00,5.110e+00,4.632e+00,4.151e+00,5.853e+00,5.492e+00,7.398e+00,7.405e+00,7.141e+00,6.810e+00,7.921e+00,7.453e+00,5.725e+00,6.411e+00,7.881e+00,7.254e+00,6.141e+00,4.864e+00,5.177e+00,7.057e+00,6.930e+00,6.370e+00,6.519e+00,5.944e+00,5.818e+00,6.555e+00,7.604e+00,6.630e+00,7.312e+00,6.286e+00,5.570e+00,6.217e+00,6.747e+00,7.692e+00,7.578e+00,6.662e+00,6.921e+00,7.089e+00,4.896e+00
3.334e-01,1.987e-01,1.450e+00,1.348e+00,1.419e+00,3.155e+00,2.998e+00,3.087e+00,1.634e+00,2.968e+00,2.777e+00,2.996e+00,3.550e+00,5.163e+00,4.425e+00,3.977e+00,5.247e+00,5.437e+00,5.030e+00,4.870e+00,5.785e+00,5.385e+00,6.992e+00,7.324e+00,7.322e+00,7.039e+00,7.730e+00,7.733e+00,6.465e+00,7.246e+00,7.382e+00,8.239e+00,6.829e+00,6.049e+00,5.593e+00,7.314e+00,8.202e+00,6.523e+00,6.784e+00,6.625e+00,5.469e+00,5.618e+00,7.756e+00,7.540e+00,7.263e+00,7.125e+00,6.364e+00,6.871e+00,7.617e+00,7.125e+00,7.861e+00,7.937e+00,7.423e+00,7.183e+00,5.129e+00
1.461e-01,1.809e-01,1.296e+00,1.112e+00,9.300e-01,1.644e+00,2.470e+00,2.276e+00,1.599e+00,1.749e+00,2.294e+00,3.141e+00,3.636e+00,3.829e+00,4.062e+00,3.630e+00,4.377e+00,5.133e+00,3.095e+00,4.166e+00,5.219e+00,5.329e+00,6.793e+00,6.774e+00,5.806e+00,7.084e+00,7.418e+00,6.977e+00,6.645e+00,7.535e+00,7.449e+00,7.129e+00,5.488e+00,5.150e+00,5.145e+00,6.221e+00,6.875e+00,6.159e+00,6.909e+00,6.446e+00,6.338e+00,7.216e+00,7.377e+00,6.275e+00,5.468e+00,5.930e+00,6.812e+00,5.987e+00,6.265e+00,7.481e+00,6.983e+00,7.416e+00,6.616e+00,7.200e+00,5.196e+00
1.483e-01,9.190e-02,7.642e-01,7.237e-01,9.584e-01,2.148e+00,2.752e+00,2.381e+00,1.832e+00,2.845e+00,2.534e+00,3.143e+00,3.859e+00,5.170e+00,4.051e+00,4.046e+00,4.889e+00,5.436e+00,4.308e+00,5.466e+00,5.968e+00,5.112e+00,6.029e+00,6.934e+00,6.753e+00,7.412e+00,8.207e+00,7.784e+00,6.737e+00,7.724e+00,6.841e+00,7.542e+00,6.216e+00,6.405e+00,7.589e+00,6.014e+00,6.643e+00,7.701e+00,7.963e+00,7.314e+00,6.033e+00,6.144e+00,8.399e+00,7.208e+00,6.390e+00,7.395e+00,7.982e+00,7.349e+00,7.342e+00,8.371e+00,7.730e+00,7.940e+00,7.341e+00,7.740e+00,6.055e+00
1.674e-01,7.268e-02,8.522e-01,8.186e-01,7.253e-01,1.848e+00,1.763e+00,2.274e+00,1.700e+00,2.331e+00,2.420e+00,2.148e+00,3.526e+00,4.291e+00,3.593e+00,4.089e+00,4.702e+00,5.116e+00,3.646e+00,4.953e+00,5.552e+00,5.467e+00,7.445e+00,6.676e+00,7.568e+00,6.849e+00,8.732e+00,8.964e+00,6.917e+00,8.444e+00,8.918e+00,9.410e+00,7.683e+00,6.719e+00,7.353e+00,7.748e+00,7.334e+00,7.428e+00,7.891e+00,7.576e+00,6.471e+00,7.721e+00,8.051e+00,6.863e+00,7.780e+00,7.287e+00,7.179e+00,6.590e+00,8.345e+00,7.844e+00,8.192e+00,7.930e+00,7.726e+00,9.423e+00,5.592e+00
3.674e-01,1.565e-01,6.555e-01,6.373e-01,4.474e-01,1.529e+00,1.816e+00,1.474e+00,1.179e+00,1.714e+00,1.717e+00,1.764e+00,3.177e+00,3.024e+00,2.377e+00,3.254e+00,3.647e+00,3.893e+00,3.130e+00,3.391e+00,5.443e+00,5.384e+00,6.637e+00,5.676e+00,6.386e+00,6.048e+00,6.473e+00,6.980e+00,6.188e+00,6.656e+00,8.411e+00,8.384e+00,5.869e+00,5.957e+00,6.129e+00,6.426e+00,6.679e+00,7.137e+00,8.174e+00,6.515e+00,6.519e+00,8.725e+00,8.183e+00,6.562e+00,7.300e+00,6.599e+00,7.216e+00,6.954e+00,7.261e+00,8.279e+00,6.771e+00,7.325e+00,7.200e+00,7.852e+00,5.829e+00
3.868e-01,1.842e-01,1.164e+00,1.104e+00,9.684e-01,2.360e+00,2.070e+00,2.702e+00,1.732e+00,2.692e+00,2.942e+00,2.586e+00,4.582e+00,5.078e+00,3.340e+00,4.672e+00,5.221e+00,5.643e+00,4.653e+00,5.063e+00,6.676e+00,6.196e+00,8.236e+00,7.621e+00,6.709e+00,7.917e+00,8.635e+00,7.552e+00,6.653e+00,8.260e+00,8.942e+00,9.246e+00,8.144e+00,6.576e+00,7.880e+00,8.499e+00,7.430e+00,7.349e+00,9.370e+00,7.625e+00,8.414e+00,8.788e+00,1.067e+01,7.798e+00,8.426e+00,8.390e+00,7.884e+00,7.644e+00,7.751e+00,9.353e+00,8.719e+00,8.531e+00,7.455e+00,8.491e+00,6.874e+00
1.559e-01,8.181e-02,1.130e+00,1.080e+00,8.575e-01,2.078e+00,1.610e+00,2.462e+00,1.200e+00,1.840e+00,2.364e+00,1.883e+00,3.303e+00,4.503e+00,3.947e+00,3.553e+00,4.865e+00,4.272e+00,4.476e+00,4.684e+00,5.664e+00,5.158e+00,6.898e+00,7.152e+00,6.826e+00,6.795e+00,7.720e+00,7.794e+00,6.409e+00,7.816e+00,8.033e+00,9.223e+00,8.224e+00,8.483e+00,8.865e+00,8.489e+00,8.056e+00,8.804e+00,9.804e+00,8.720e+00,8.067e+00,7.829e+00,1.082e+01,7.462e+00,8.430e+00,9.092e+00,9.160e+00,8.157e+00,8.393e+00,9.817e+00,9.223e+00,9.722e+00,8.440e+00,9.555e+00,6.413e+00
4.138e-02,1.082e-01,6.758e-01,5.306e-01,7.555e-01,1.520e+00,2.439e+00,1.842e+00,1.546e+00,2.632e+00,1.651e+00,2.906e+00,2.471e+00,3.977e+00,2.814e+00,3.223e+00,3.937e+00,5.291e+00,3.742e+00,3.368e+00,5.182e+00,4.060e+00,6.170e+00,5.953e+00,5.567e+00,6.009e+00,7.117e+00,7.371e+00,5.535e+00,6.577e+00,7.585e+00,7.796e+00,5.674e+00,6.471e+00,6.821e+00,7.677e+00,6.763e+00,7.248e+00,8.562e+00,6.915e+00,6.970e+00,7.343e+00,9.649e+00,7.273e+00,7.469e+00,8.067e+00,7.879e+00,6.663e+00,6.533e+00,8.302e+00,8.580e+00,8.295e+00,8.252e+00,7.858e+00,6.152e+00
2.259e-01,1.987e-01,1.403e+00,1.251e+00,1.144e+00,1.989e+00,2.639e+00,3.413e+00,1.886e+00,2.467e+00,3.127e+00,3.280e+00,4.397e+00,5.250e+00,4.399e+00,4.843e+00,6.382e+00,6.009e+00,5.170e+00,5.392e+00,6.110e+00,5.862e+00,7.134e+00,7.489e+00,6.878e+00,8.236e+00,7.425e+00,6.663e+00,6.332e+00,8.163e+00,7.908e+00,8.239e+00,7.254e+00,7.552e+00,7.648e+00,9.226e+00,7.286e+00,8.452e+00,9.827e+00,9.530e+00,9.258e+00,7.467e+00,9.578e+00,8.880e+00,6.725e+00,9.319e+00,8.936e+00,8.234e+00,7.967e+00,8.881e+00,1.073e+01,1.002e+01,9.325e+00,8.989e+00,7.495e+00
4.798e-01,2.413e-01,1.520e+00,1.418e+00,8.122e-01,2.536e+00,2.716e+00,2.990e+00,2.077e+00,2.788e+00,3.415e+00,3.005e+00,4.252e+00,5.584e+00,4.636e+00,3.979e+00,5.849e+00,5.928e+00,4.758e+00,4.509e+00,6.998e+00,6.064e+00,8.985e+00,8.459e+00,8.131e+00,7.861e+00,8.681e+00,8.851e+00,8.307e+00,9.405e+00,9.756e+00,1.178e+01,8.978e+00,8.049e+00,8.342e+00,1.118e+01,1.103e+01,1.036e+01,1.101e+01,9.870e+00,9.905e+00,9.551e+00,1.177e+01,9.061e+00,1.042e+01,1.113e+01,1.104e+01,9.765e+00,1.099e+01,1.122e+01,1.113e+01,1.202e+01,1.046e+01,1.138e+01,8.537e+00
2.019e-01,1.860e-01,1.680e+00,1.496e+00,1.031e+00,2.296e+00,2.149e+00,2.536e+00,1.570e+00,2.058e+00,2.811e+00,2.879e+00,3.808e+00,4.058e+00,4.312e+00,4.220e+00,4.975e+00,5.812e+00,4.181e+00,4.795e+00,6.500e+00,6.185e+00,7.612e+00,7.273e+00,7.697e+00,8.346e+00,8.781e+00,9.429e+00,8.542e+00,8.926e+00,9.336e+00,1.021e+01,8.836e+00,8.874e+00,8.635e+00,1.157e+01,1.203e+01,1.101e+01,1.128e+01,1.121e+01,1.101e+01,9.993e+00,1.241e+01,9.745e+00,1.008e+01,1.007e+01,9.750e+00,9.404e+00,1.143e+01,1.112e+01,1.173e+01,1.217e+01,1.085e+01,1.198e+01,8.820e+00
2.994e-01,2.330e-01,1.736e+00,1.555e+00,1.145e+00,2.304e+00,2.280e+00,2.681e+00,1.572e+00,1.836e+00,2.776e+00,2.776e+00,3.651e+00,4.518e+00,3.756e+00,3.989e+00,4.879e+00,5.235e+00,4.216e+00,4.407e+00,6.143e+00,5.304e+00,6.923e+00,7.094e+00,6.620e+00,7.689e+00,7.015e+00,6.020e+00,5.797e+00,7.002e+00,7.149e+00,7.662e+00,6.347e+00,6.499e+00,7.634e+00,9.022e+00,9.067e+00,9.014e+00,1.022e+01,9.843e+00,9.922e+00,8.763e+00,1.040e+01,8.040e+00,8.225e+00,1.021e+01,1.022e+01,8.249e+00,8.659e+00,9.608e+00,1.089e+01,1.088e+01,9.435e+00,9.468e+00,8.178e+00
3.629e-01,1.707e-01,1.309e+00,1.258e+00,1.209e+00,3.046e+00,2.873e+00,2.905e+00,1.793e+00,2.919e+00,2.900e+00,2.922e+00,4.463e+00,5.490e+00,4.896e+00,4.950e+00,5.592e+00,5.259e+00,4.498e+00,5.437e+00,6.112e+00,5.902e+00,7.007e+00,7.135e+00,7.582e+00,7.035e+00,7.868e+00,7.757e+00,6.230e+00,8.131e+00,8.077e+00,8.820e+00,7.762e+00,7.851e+00,8.947e+00,8.752e+00,8.018e+00,9.435e+00,1.088e+01,1.078e+01,1.052e+01,9.303e+00,1.246e+01,9.314e+00,8.517e+00,1.009e+01,1.072e+01,8.396e+00,1.010e+01,9.888e+00,1.093e+01,1.124e+01,9.604e+00,1.124e+01,8.623e+00
4.395e-01,2.073e-01,8.802e-01,8.436e-01,1.129e+00,2.466e+00,2.852e+00,2.432e+00,1.515e+00,2.431e+00,1.964e+00,2.515e+00,3.228e+00,4.047e+00,3.920e+00,4.139e+00,4.990e+00,5.158e+00,4.386e+00,4.866e+00,5.767e+00,5.466e+00,7.256e+00,7.044e+00,7.835e+00,7.909e+00,8.219e+00,8.817e+00,7.446e+00,8.385e+00,8.519e+00,9.181e+00,7.857e+00,7.594e+00,7.074e+00,8.225e+00,9.099e+00,8.507e+00,8.849e+00,9.658e+00,8.827e+00,9.602e+00,1.102e+01,8.755e+00,1.041e+01,9.046e+00,8.981e+00,9.130e+00,1.120e+01,1.048e+01,1.092e+01,1.050e+01,1.028e+01,9.664e+00,7.836e+00
4.040e-01,1.767e-01,1.352e+00,1.315e+00,1.081e+00,3.063e+00,2.914e+00,2.318e+00,1.513e+00,2.210e+00,2.405e+00,2.460e+00,3.577e+00,4.288e+00,3.844e+00,3.993e+00,4.951e+00,5.113e+00,4.485e+00,4.383e+00,6.850e+00,4.642e+00,7.863e+00,7.148e+00,7.719e+00,8.364e+00,8.620e+00,9.246e+00,7.621e+00,8.654e+00,8.635e+00,1.063e+01,8.005e+00,7.770e+00,7.799e+00,1.027e+01,1.030e+01,1.044e+01,1.116e+01,1.052e+01,1.065e+01,1.093e+01,1.399e+01,9.381e+00,1.101e+01,1.072e+01,1.118e+01,1.060e+01,1.165e+01,1.141e+01,1.233e+01,1.212e+01,1.151e+01,1.170e+01,8.169e+00
7.642e-02,2.775e-02,1.122e-01,1.438e-01,6.177e-01,1.631e+00,2.437e+00,1.892e+00,1.521e+00,3.195e+00,2.216e+00,2.882e+00,3.702e+00,4.725e+00,3.528e+00,3.585e+00,5.188e+00,5.882e+00,4.965e+00,4.794e+00,6.633e+00,6.030e+00,7.077e+00,6.983e+00,7.167e+00,6.550e+00,6.944e+00,8.876e+00,7.571e+00,7.149e+00,8.177e+00,8.624e+00,7.444e+00,7.090e+00,6.673e+00,9.680e+00,9.028e+00,8.488e+00,1.029e+01,1.016e+01,1.047e+01,9.777e+00,1.251e+01,9.792e+00,9.886e+00,9.901e+00,8.992e+00,9.025e+00,1.046e+01,1.090e+01,1.156e+01,1.107e+01,1.074e+01,1.114e+01,9.381e+00
4.413e-01,2.825e-01,1.172e+00,1.005e+00,8.404e-01,1.558e+00,1.556e+00,1.909e+00,9.134e-01,1.451e+00,1.532e+00,1.757e+00,2.033e+00,1.928e+00,2.422e+00,3.103e+00,3.619e+00,3.977e+00,2.974e+00,3.097e+00,4.521e+00,4.604e+00,6.519e+00,5.689e+00,6.623e+00,5.969e+00,5.819e+00,6.057e+00,5.295e+00,5.491e+00,7.129e+00,7.024e+00,5.976e+00,5.767e+00,5.796e+00,7.138e+00,7.621e+00,7.150e+00,8.392e+00,8.775e+00,8.090e+00,8.474e+00,1.063e+01,8.036e+00,8.674e+00,8.493e+00,8.632e+00,7.562e+00,1.004e+01,9.299e+00,1.065e+01,9.778e+00,1.112e+01,8.969e+00,6.701e+00
3.009e-02,9.242e-02,6.136e-01,4.965e-01,6.672e-01,9.737e-01,1.563e+00,1.743e+00,1.134e+00,1.733e+00,1.592e+00,2.320e+00,2.557e+00,3.236e+00,3.090e+00,2.995e+00,4.001e+00,4.407e+00,3.135e+00,4.074e+00,4.552e+00,4.252e+00,5.077e+00,5.804e+00,5.354e+00,6.201e+00,6.641e+00,6.747e+00,6.067e+00,7.879e+00,6.817e+00,8.227e+00,6.592e+00,7.152e+00,7.142e+00,7.252e+00,7.004e+00,8.551e+00,8.968e+00,9.175e+00,8.534e+00,7.961e+00,1.095e+01,8.372e+00,8.132e+00,9.699e+00,9.288e+00,8.592e+00,1.050e+01,1.008e+01,9.775e+00,1.112e+01,1.034e+01,9.989e+00,8.132e+00
4.767e-01,2.741e-01,1.715e+00,1.575e+00,1.323e+00,2.910e+00,2.920e+00,2.842e+00,1.641e+00,1.994e+00,2.457e+00,2.556e+00,3.042e+00,4.296e+00,4.395e+00,3.702e+00,4.430e+00,3.951e+00,3.594e+00,3.980e+00,4.839e+00,4.628e+00,6.100e+00,7.085e+00,7.122e+00,6.566e+00,7.294e+00,6.696e+00,6.067e+00,7.979e+00,7.018e+00,8.531e+00,6.715e+00,7.052e+00,6.286e+00,8.155e+00,8.859e+00,9.170e+00,1.027e+01,1.054e+01,9.063e+00,9.064e+00,1.067e+01,9.560e+00,9.437e+00,1.103e+01,1.030e+01,9.978e+00,1.241e+01,1.044e+01,1.165e+01,1.280e+01,1.084e+01,1.150e+01,9.083e+00
1.164e-01,5.765e-02,8.847e-01,8.513e-01,8.787e-01,1.991e+00,1.322e+00,1.508e+00,7.796e-01,1.333e+00,1.371e+00,1.291e+00,2.263e+00,2.957e+00,2.358e+00,2.879e+00,3.400e+00,3.348e+00,3.149e+00,3.862e+00,4.631e+00,3.432e+00,5.686e+00,5.827e+00,6.125e+00,6.203e+00,6.392e+00,5.614e+00,4.255e+00,6.233e+00,6.567e+00,6.554e+00,5.280e+00,5.347e+00,6.874e+00,6.375e+00,6.270e+00,7.731e+00,8.135e+00,8.363e+00,7.477e+00,8.018e+00,9.129e+00,7.702e+00,7.780e+00,8.379e+00,8.331e+00,8.235e+00,9.775e+00,9.863e+00,9.777e+00,1.018e+01,9.703e+00,9.307e+00,7.572e+00
2.248e-01,1.683e-01,1.539e+00,1.399e+00,9.745e-01,2.485e+00,2.437e+00,2.278e+00,1.180e+00,1.716e+00,2.182e+00,2.482e+00,3.081e+00,3.831e+00,3.891e+00,2.928e+00,4.164e+00,4.092e+00,3.314e+00,3.882e+00,4.839e+00,4.294e+00,6.601e+00,6.561e+00,6.186e+00,6.453e+00,7.812e+00,6.794e+00,6.138e+00,8.345e+00,8.267e+00,9.430e+00,6.936e+00,7.371e+00,7.339e+00,8.691e+00,9.013e+00,8.883e+00,9.210e+00,9.522e+00,8.848e+00,9.730e+00,1.178e+01,9.493e+00,9.490e+00,1.066e+01,1.064e+01,1.023e+01,1.285e+01,1.204e+01,1.168e+01,1.337e+01,1.254e+01,1.190e+01,9.846e+00
2.585e-01,1.956e-01,1.666e+00,1.503e+00,9.887e-01,2.542e+00,2.435e+00,3.049e+00,1.443e+00,2.480e+00,2.995e+00,2.896e+00,4.014e+00,4.877e+00,4.797e+00,3.568e+00,5.112e+00,4.438e+00,4.424e+00,3.844e+00,5.160e+00,5.778e+00,7.029e+00,7.365e+00,6.309e+00,6.797e+00,7.435e+00,7.428e+00,7.078e+00,8.356e+00,9.350e+00,9.935e+00,7.301e+00,7.750e+00,7.016e+00,9.751e+00,9.165e+00,1.024e+01,1.010e+01,9.952e+00,1.121e+01,1.097e+01,1.363e+01,1.142e+01,9.427e+00,1.127e+01,1.102e+01,1.178e+01,1.371e+01,1.252e+01,1.295e+01,1.393e+01,1.215e+01,1.190e+01,1.115e+01
1.480e-01,5.440e-02,8.106e-01,8.222e-01,6.001e-01,1.807e+00,1.653e+00,2.159e+00,8.515e-01,1.700e+00,2.142e+00,1.609e+00,2.848e+00,3.663e+00,3.080e+00,2.233e+00,3.720e+00,2.439e+00,3.385e+00,3.545e+00,3.303e+00,3.672e+00,4.606e+00,5.099e+00,4.851e+00,4.535e+00,5.776e+00,5.568e+00,4.950e+00,6.024e+00,5.938e+00,7.104e+00,6.507e+00,7.699e+00,6.883e+00,8.031e+00,7.450e+00,7.710e+00,8.670e+00,8.364e+00,8.122e+00,7.013e+00,1.043e+01,8.411e+00,8.247e+00,9.672e+00,9.143e+00,9.162e+00,1.104e+01,1.072e+01,1.036e+01,1.109e+01,1.007e+01,1.063e+01,8.648e+00
2.908e-01,1.925e-01,1.288e+00,1.155e+00,1.158e+00,2.506e+00,2.220e+00,2.375e+00,1.397e+00,2.486e+00,2.298e+00,2.620e+00,3.230e+00,4.280e+00,4.181e+00,3.929e+00,4.751e+00,5.046e+00,4.365e+00,4.705e+00,6.315e+00,5.644e+00,7.387e+00,8.456e+00,8.105e+00,8.345e+00,8.771e+00,9.170e+00,8.240e+00,9.953e+00,9.471e+00,1.081e+01,9.051e+00,9.353e+00,9.297e+00,1.072e+01,1.054e+01,1.204e+01,1.170e+01,1.232e+01,1.204e+01,1.171e+01,1.527e+01,1.171e+01,1.204e+01,1.224e+01,1.225e+01,1.247e+01,1.504e+01,1.579e+01,1.551e+01,1.593e+01,1.543e+01,1.523e+01,1.201e+01
4.428e-01,1.695e-01,1.230e+00,1.214e+00,1.060e+00,3.146e+00,3.040e+00,2.136e+00,1.951e+00,2.551e+00,2.511e+00,2.698e+00,4.221e+00,5.467e+00,4.903e+00,4.800e+00,5.185e+00,5.257e+00,4.257e+00,5.148e+00,6.842e+00,5.792e+00,7.431e+00,8.251e+00,8.055e+00,8.205e+00,9.019e+00,8.541e+00,7.846e+00,9.634e+00,9.275e+00,1.011e+01,7.928e+00,7.386e+00,8.210e+00,9.387e+00,9.989e+00,1.059e+01,1.196e+01,1.123e+01,1.038e+01,1.176e+01,1.325e+01,1.132e+01,1.083e+01,1.173e+01,1.138e+01,1.186e+01,1.429e+01,1.331e+01,1.520e+01,1.449e+01,1.367e+01,1.439e+01,1.243e+01
8.050e-02,1.023e-01,1.103e+00,9.652e-01,9.107e-01,1.878e+00,1.979e+00,2.389e+00,1.767e+00,2.442e+00,2.317e+00,2.597e+00,3.370e+00,5.299e+00,3.931e+00,4.608e+00,5.484e+00,6.401e+00,5.067e+00,4.573e+00,7.188e+00,5.999e+00,7.935e+00,8.034e+00,7.839e+00,8.184e+00,9.529e+00,8.773e+00,7.072e+00,9.621e+00,9.525e+00,9.824e+00,7.889e+00,8.084e+00,9.595e+00,1.041e+01,9.141e+00,1.146e+01,1.160e+01,1.168e+01,1.054e+01,1.050e+01,1.522e+01,1.205e+01,1.157e+01,1.238e+01,1.126e+01,1.139e+01,1.345e+01,1.538e+01,1.372e+01,1.459e+01,1.490e+01,1.461e+01,1.248e+01
8.874e-02,1.165e-01,9.517e-01,8.472e-01,1.002e+00,1.870e+00,2.167e+00,2.368e+00,1.365e+00,2.504e+00,2.405e+00,2.752e+00,3.246e+00,3.959e+00,2.815e+00,3.786e+00,4.544e+00,5.754e+00,4.491e+00,4.413e+00,5.777e+00,5.457e+00,6.459e+00,6.607e+00,6.744e+00,6.763e+00,8.027e+00,7.587e+00,6.911e+00,7.934e+00,7.587e+00,8.623e+00,7.125e+00,7.143e+00,7.324e+00,9.887e+00,9.427e+00,8.799e+00,9.795e+00,9.154e+00,1.006e+01,8.768e+00,1.232e+01,9.807e+00,9.854e+00,9.894e+00,8.941e+00,1.014e+01,1.164e+01,1.246e+01,1.275e+01,1.127e+01,1.349e+01,1.222e+01,1.021e+01
1.583e-01,9.453e-02,1.017e+00,9.629e-01,8.036e-01,1.954e+00,1.878e+00,2.055e+00,1.214e+00,1.792e+00,2.116e+00,2.052e+00,3.069e+00,4.254e+00,3.773e+00,3.731e+00,4.787e+00,4.792e+00,4.052e+00,4.542e+00,5.716e+00,5.204e+00,6.806e+00,7.443e+00,7.547e+00,6.687e+00,7.602e+00,7.304e+00,6.675e+00,8.680e+00,7.504e+00,8.961e+00,7.606e+00,7.462e+00,8.176e+00,9.685e+00,9.449e+00,1.010e+01,1.086e+01,1.136e+01,1.168e+01,1.013e+01,1.287e+01,9.952e+00,1.035e+01,1.170e+01,1.118e+01,9.834e+00,1.225e+01,1.286e+01,1.428e+01,1.291e+01,1.268e+01,1.540e+01,1.216e+01
1.054e-01,5.740e-02,3.153e-01,2.899e-01,4.887e-01,1.245e+00,1.968e+00,1.427e+00,1.217e+00,1.895e+00,1.297e+00,2.085e+00,2.649e+00,3.755e+00,3.226e+00,2.994e+00,3.749e+00,3.978e+00,3.798e+00,4.192e+00,5.536e+00,5.164e+00,5.962e+00,7.010e+00,6.468e+00,6.501e+00,7.604e+00,7.607e+00,6.526e+00,7.386e+00,7.956e+00,7.946e+00,6.828e+00,6.297e+00,6.140e+00,7.508e+00,7.356e+00,8.633e+00,9.085e+00,9.080e+00,8.783e+00,1.044e+01,1.080e+01,8.594e+00,8.763e+00,9.632e+00,8.701e+00,8.844e+00,1.119e+01,1.197e+01,1.228e+01,1.121e+01,1.157e+01,1.211e+01,1.096e+01
