7.764e-01,7.756e-01,5.028e-01,3.500e-01,8.289e-01,6.787e-01,8.636e-02,8.601e-01,5.342e-01,9.229e-01,1.606e-01,6.910e-01,2.378e-01,8.237e-01,7.034e-02,9.987e-01,6.938e-02,9.245e-01,4.177e-01,2.503e-01,5.449e-01,7.300e-01,4.050e-01,9.030e-01,9.849e-01,7.173e-01,6.801e-01,1.012e-01,6.583e-01,5.779e-02,3.734e-01,1.769e-01,6.242e-01,4.214e-01,1.667e-01,2.330e-01,9.156e-02,7.187e-01,1.311e-01,2.437e-01,4.682e-01,5.019e-01,1.735e-01,5.530e-01,3.012e-01,4.086e-01,7.576e-01,6.899e-01,3.246e-01,5.821e-01,7.321e-01,8.376e-01,1.121e-01,8.439e-02,8.315e-01,5.865e-01,2.039e-01
3.862e-01,1.223e+00,4.227e-01,7.773e-01,9.279e-01,8.151e-01,3.270e-01,8.084e-01,4.149e-01,6.158e-01,4.288e-01,3.653e-01,1.063e+00,7.048e-01,7.856e-01,9.717e-01,1.024e+00,1.414e+00,9.253e-01,1.076e+00,7.945e-01,8.975e-01,7.838e-01,7.329e-01,5.086e-01,4.641e-01,7.767e-01,3.455e-01,7.270e-01,4.339e-01,8.515e-01,7.603e-01,8.344e-01,1.075e+00,4.718e-01,5.667e-01,9.329e-01,1.295e+00,8.898e-01,1.068e+00,1.077e+00,6.056e-01,4.283e-01,7.373e-01,1.056e+00,3.715e-01,1.036e+00,9.868e-01,2.813e-01,8.905e-01,4.693e-01,1.132e+00,7.074e-01,2.318e-01,1.150e+00,5.546e-01,5.782e-01
3.196e-01,9.419e-01,1.241e+00,1.144e+00,9.377e-01,6.417e-01,5.189e-01,1.455e+00,8.527e-01,6.055e-01,9.032e-01,1.093e+00,1.588e+00,7.359e-01,1.170e+00,1.422e+00,1.474e+00,1.922e+00,1.019e+00,1.053e+00,7.642e-01,1.073e+00,1.390e+00,7.337e-01,5.263e-01,9.178e-01,7.445e-01,7.312e-01,1.399e+00,8.942e-01,8.814e-01,1.086e+00,1.056e+00,1.661e+00,7.149e-01,1.378e+00,1.213e+00,1.087e+00,1.580e+00,1.711e+00,1.552e+00,1.245e+00,1.168e+00,1.171e+00,1.407e+00,5.976e-01,1.280e+00,8.882e-01,7.776e-01,9.004e-01,1.067e+00,1.828e+00,1.067e+00,7.890e-01,1.061e+00,1.315e+00,9.659e-01
4.076e-01,1.187e+00,8.895e-01,1.309e+00,1.974e+00,1.188e+00,1.212e+00,1.675e+00,1.374e+00,1.234e+00,9.879e-01,9.593e-01,2.098e+00,1.585e+00,1.690e+00,1.505e+00,1.437e+00,2.626e+00,1.294e+00,1.291e+00,1.244e+00,1.210e+00,1.940e+00,1.124e+00,1.131e+00,1.437e+00,1.271e+00,1.395e+00,1.786e+00,9.411e-01,1.121e+00,1.572e+00,1.239e+00,1.884e+00,1.370e+00,1.681e+00,1.437e+00,2.229e+00,1.834e+00,2.277e+00,1.569e+00,1.858e+00,1.112e+00,1.145e+00,1.397e+00,1.517e+00,1.580e+00,1.206e+00,7.271e-01,1.564e+00,9.897e-01,2.024e+00,1.292e+00,1.115e+00,1.885e+00,1.550e+00,1.233e+00
3.964e-01,7.087e-01,7.340e-01,6.976e-01,1.489e+00,1.572e+00,1.256e+00,1.804e+00,1.013e+00,1.064e+00,1.505e+00,8.059e-01,1.516e+00,1.052e+00,9.387e-01,1.758e+00,1.451e+00,1.665e+00,7.238e-01,6.165e-01,1.238e+00,1.559e+00,9.029e-01,1.552e+00,1.209e+00,1.327e+00,8.289e-01,1.232e+00,1.438e+00,1.084e+00,1.264e+00,1.056e+00,1.647e+00,1.030e+00,1.005e+00,1.715e+00,1.421e+00,1.124e+00,1.868e+00,1.727e+00,1.633e+00,1.129e+00,9.257e-01,1.099e+00,9.889e-01,1.246e+00,1.442e+00,1.282e+00,8.836e-01,1.030e+00,1.246e+00,2.164e+00,1.317e+00,1.080e+00,1.597e+00,1.398e+00,8.896e-01
6.211e-01,1.227e+00,1.390e+00,1.424e+00,2.356e+00,2.144e+00,2.212e+00,2.872e+00,1.898e+00,1.870e+00,2.806e+00,1.628e+00,3.048e+00,2.753e+00,2.132e+00,2.893e+00,2.299e+00,3.895e+00,1.437e+00,1.500e+00,2.626e+00,2.712e+00,2.142e+00,2.020e+00,2.369e+00,2.467e+00,2.196e+00,2.182e+00,2.909e+00,2.226e+00,2.487e+00,1.980e+00,2.770e+00,2.873e+00,1.706e+00,2.925e+00,2.197e+00,2.159e+00,3.145e+00,3.157e+00,3.179e+00,2.283e+00,2.189e+00,2.504e+00,2.482e+00,2.256e+00,2.358e+00,2.392e+00,1.353e+00,1.836e+00,2.064e+00,3.842e+00,2.854e+00,2.055e+00,2.509e+00,2.314e+00,1.939e+00
6.215e-01,1.188e+00,6.260e-01,9.185e-01,2.015e+00,1.919e+00,2.339e+00,2.098e+00,1.345e+00,2.263e+00,2.703e+00,1.880e+00,2.911e+00,2.803e+00,1.732e+00,2.747e+00,2.476e+00,3.608e+00,1.289e+00,1.913e+00,2.844e+00,2.468e+00,1.628e+00,2.159e+00,2.741e+00,1.952e+00,2.136e+00,2.098e+00,2.776e+00,1.699e+00,2.772e+00,1.440e+00,2.779e+00,2.126e+00,1.266e+00,2.787e+00,1.770e+00,2.608e+00,2.676e+00,2.205e+00,2.727e+00,1.977e+00,2.043e+00,2.736e+00,2.046e+00,2.701e+00,2.497e+00,2.533e+00,1.524e+00,2.332e+00,1.686e+00,2.738e+00,2.762e+00,1.420e+00,2.879e+00,1.771e+00,2.160e+00
6.465e-01,1.313e+00,1.007e+00,1.291e+00,2.104e+00,1.422e+00,1.381e+00,2.491e+00,2.352e+00,2.420e+00,1.415e+00,1.658e+00,2.353e+00,2.894e+00,2.389e+00,2.247e+00,2.431e+00,3.097e+00,1.779e+00,2.329e+00,1.625e+00,2.299e+00,2.770e+00,1.705e+00,2.145e+00,2.514e+00,1.582e+00,2.253e+00,2.592e+00,2.015e+00,1.869e+00,1.757e+00,2.326e+00,2.868e+00,2.279e+00,2.077e+00,1.602e+00,2.751e+00,2.459e+00,2.855e+00,2.361e+00,2.321e+00,1.794e+00,1.661e+00,2.392e+00,2.536e+00,2.812e+00,2.514e+00,1.803e+00,2.719e+00,1.499e+00,2.727e+00,1.635e+00,1.257e+00,3.073e+00,2.062e+00,1.933e+00
2.090e-01,5.640e-01,4.248e-01,5.131e-01,9.820e-01,1.061e+00,1.292e+00,1.741e+00,1.610e+00,1.927e+00,2.302e+00,1.591e+00,1.942e+00,2.082e+00,1.954e+00,2.267e+00,3.265e+00,1.923e+00,2.013e+00,2.684e+00,2.060e+00,2.329e+00,1.838e+00,2.379e+00,2.224e+00,2.350e+00,1.648e+00,2.311e+00,2.166e+00,2.432e+00,2.850e+00,1.075e+00,2.744e+00,2.440e+00,2.426e+00,2.824e+00,1.684e+00,2.490e+00,2.438e+00,2.317e+00,2.244e+00,1.616e+00,2.117e+00,2.080e+00,2.752e+00,3.041e+00,2.448e+00,2.550e+00,2.184e+00,2.613e+00,1.947e+00,2.181e+00,2.441e+00,1.728e+00,2.784e+00,2.093e+00,1.775e+00
3.511e-01,5.584e-01,9.050e-01,7.935e-01,1.509e+00,1.568e+00,2.119e+00,2.382e+00,1.758e+00,2.983e+00,3.816e+00,2.726e+00,3.297e+00,2.869e+00,2.885e+00,3.460e+00,2.884e+00,3.682e+00,1.624e+00,2.046e+00,3.001e+00,3.512e+00,2.756e+00,2.187e+00,3.246e+00,2.770e+00,2.087e+00,2.861e+00,3.757e+00,2.738e+00,2.979e+00,1.919e+00,3.350e+00,2.827e+00,2.483e+00,3.525e+00,2.260e+00,2.846e+00,3.017e+00,2.706e+00,3.594e+00,2.474e+00,3.260e+00,3.418e+00,2.506e+00,3.450e+00,3.199e+00,2.649e+00,2.729e+00,2.256e+00,2.871e+00,3.883e+00,2.898e+00,2.020e+00,2.619e+00,2.617e+00,2.518e+00
2.147e-01,9.186e-01,1.070e+00,1.139e+00,1.495e+00,1.453e+00,2.035e+00,2.496e+00,1.903e+00,2.469e+00,4.125e+00,2.638e+00,3.829e+00,2.616e+00,3.482e+00,3.495e+00,4.778e+00,4.164e+00,3.292e+00,3.872e+00,3.158e+00,3.780e+00,3.465e+00,3.539e+00,2.829e+00,2.891e+00,2.132e+00,3.448e+00,4.049e+00,3.245e+00,4.451e+00,2.694e+00,4.104e+00,4.230e+00,3.553e+00,4.613e+00,3.286e+00,3.529e+00,4.256e+00,4.130e+00,3.664e+00,3.313e+00,3.383e+00,3.334e+00,3.552e+00,3.749e+00,4.210e+00,3.484e+00,3.217e+00,3.890e+00,2.864e+00,3.451e+00,4.096e+00,2.562e+00,4.008e+00,2.933e+00,2.989e+00
5.764e-01,1.263e+00,6.634e-01,1.023e+00,1.724e+00,1.421e+00,1.707e+00,1.794e+00,1.391e+00,2.745e+00,3.454e+00,3.010e+00,3.995e+00,3.544e+00,3.909e+00,3.559e+00,3.083e+00,5.379e+00,2.721e+00,3.013e+00,3.352e+00,4.123e+00,3.181e+00,3.336e+00,3.554e+00,3.244e+00,2.841e+00,2.748e+00,3.875e+00,2.754e+00,4.331e+00,2.670e+00,3.169e+00,3.654e+00,3.501e+00,4.043e+00,3.132e+00,3.574e+00,2.929e+00,3.052e+00,3.812e+00,3.139e+00,3.711e+00,4.052e+00,3.340e+00,3.537e+00,3.832e+00,3.072e+00,2.696e+00,3.406e+00,2.775e+00,3.358e+00,3.678e+00,2.722e+00,3.727e+00,2.958e+00,2.620e+00
3.672e-01,6.272e-01,1.033e+00,8.632e-01,1.234e+00,1.131e+00,1.318e+00,2.029e+00,1.538e+00,1.718e+00,2.556e+00,2.024e+00,3.141e+00,2.702e+00,2.467e+00,3.017e+00,2.796e+00,3.459e+00,2.481e+00,2.986e+00,2.737e+00,3.013e+00,2.508e+00,2.707e+00,2.786e+00,3.388e+00,2.073e+00,3.032e+00,3.014e+00,2.602e+00,2.995e+00,1.725e+00,3.506e+00,3.064e+00,3.249e+00,3.238e+00,2.218e+00,2.845e+00,2.861e+00,3.066e+00,3.648e+00,2.203e+00,3.162e+00,3.407e+00,3.472e+00,2.635e+00,3.368e+00,2.399e+00,2.201e+00,3.124e+00,2.593e+00,3.559e+00,3.082e+00,3.083e+00,3.146e+00,2.818e+00,2.269e+00
5.017e-01,1.032e+00,7.791e-01,9.434e-01,1.385e+00,1.119e+00,1.667e+00,2.014e+00,1.804e+00,2.606e+00,2.916e+00,2.551e+00,3.631e+00,3.872e+00,3.846e+00,4.116e+00,4.195e+00,4.480e+00,3.812e+00,4.125e+00,3.552e+00,4.330e+00,3.351e+00,3.296e+00,3.569e+00,3.714e+00,3.290e+00,4.279e+00,3.889e+00,2.964e+00,3.887e+00,2.637e+00,4.934e+00,4.705e+00,3.938e+00,3.587e+00,2.418e+00,4.079e+00,3.624e+00,3.745e+00,4.410e+00,3.022e+00,4.021e+00,4.092e+00,4.009e+00,4.283e+00,4.659e+00,3.839e+00,3.431e+00,4.092e+00,2.778e+00,3.601e+00,3.818e+00,2.801e+00,4.291e+00,2.847e+00,3.859e+00
6.208e-01,1.081e+00,7.148e-01,8.571e-01,1.741e+00,1.618e+00,1.452e+00,2.083e+00,1.609e+00,1.973e+00,2.374e+00,1.464e+00,2.795e+00,2.809e+00,2.471e+00,3.197e+00,3.034e+00,3.823e+00,2.821e+00,3.066e+00,3.638e+00,3.606e+00,2.773e+00,3.699e+00,3.321e+00,3.245e+00,2.436e+00,3.305e+00,3.111e+00,2.680e+00,3.585e+00,2.742e+00,4.548e+00,3.309e+00,3.664e+00,3.098e+00,2.728e+00,3.585e+00,3.618e+00,3.565e+00,3.526e+00,2.876e+00,3.155e+00,2.907e+00,3.015e+00,2.980e+00,3.758e+00,3.533e+00,2.213e+00,3.956e+00,2.403e+00,4.230e+00,3.540e+00,2.835e+00,4.007e+00,2.868e+00,2.489e+00
4.435e-01,6.758e-01,6.375e-01,7.705e-01,1.907e+00,1.654e+00,1.892e+00,2.375e+00,2.186e+00,3.038e+00,3.398e+00,2.639e+00,3.573e+00,3.650e+00,4.080e+00,4.482e+00,4.115e+00,4.715e+00,4.266e+00,3.542e+00,4.529e+00,4.671e+00,4.389e+00,4.506e+00,4.696e+00,4.931e+00,3.569e+00,4.851e+00,4.896e+00,3.636e+00,4.052e+00,2.932e+00,5.486e+00,4.278e+00,5.433e+00,4.338e+00,2.936e+00,5.119e+00,4.255e+00,4.760e+00,5.023e+00,3.739e+00,4.896e+00,4.821e+00,4.380e+00,5.165e+00,5.256e+00,3.957e+00,4.055e+00,3.924e+00,3.946e+00,4.281e+00,4.359e+00,4.121e+00,4.316e+00,3.891e+00,3.508e+00
7.758e-01,1.493e+00,7.999e-01,1.185e+00,2.314e+00,1.910e+00,1.640e+00,2.484e+00,2.187e+00,2.753e+00,2.847e+00,2.359e+00,3.471e+00,3.912e+00,4.501e+00,4.559e+00,4.546e+00,5.895e+00,5.474e+00,4.475e+00,4.728e+00,6.050e+00,5.120e+00,5.513e+00,4.901e+00,5.655e+00,4.141e+00,4.899e+00,4.951e+00,4.147e+00,5.084e+00,4.149e+00,5.897e+00,5.031e+00,5.798e+00,4.872e+00,4.386e+00,5.098e+00,4.796e+00,5.439e+00,5.167e+00,4.689e+00,5.274e+00,4.938e+00,4.667e+00,5.517e+00,6.061e+00,5.099e+00,3.870e+00,4.576e+00,4.046e+00,4.915e+00,4.957e+00,4.383e+00,5.755e+00,4.347e+00,3.751e+00
1.577e-01,3.297e-01,7.289e-01,7.144e-01,1.252e+00,1.138e+00,1.910e+00,1.801e+00,1.403e+00,1.997e+00,3.198e+00,2.391e+00,3.345e+00,3.069e+00,3.849e+00,3.932e+00,3.793e+00,5.342e+00,4.121e+00,2.860e+00,4.192e+00,5.437e+00,4.658e+00,3.842e+00,4.175e+00,4.660e+00,3.424e+00,5.089e+00,4.970e+00,3.451e+00,4.891e+00,3.827e+00,5.690e+00,4.653e+00,4.299e+00,5.006e+00,3.702e+00,4.399e+00,5.276e+00,4.360e+00,4.722e+00,3.988e+00,5.235e+00,4.777e+00,3.702e+00,5.334e+00,5.128e+00,4.521e+00,4.004e+00,3.315e+00,3.455e+00,4.850e+00,5.245e+00,4.080e+00,4.580e+00,3.708e+00,4.215e+00
3.704e-01,3.971e-01,2.854e-01,3.873e-01,1.039e+00,7.188e-01,1.018e+00,1.282e+00,1.500e+00,2.131e+00,2.370e+00,2.047e+00,2.401e+00,2.911e+00,3.372e+00,3.180e+00,3.316e+00,4.067e+00,4.737e+00,3.484e+00,4.006e+00,4.619e+00,3.840e+00,5.157e+00,4.920e+00,4.953e+00,3.267e+00,4.440e+00,4.671e+00,4.193e+00,5.021e+00,3.509e+00,5.222e+00,4.175e+00,5.547e+00,4.718e+00,4.141e+00,4.444e+00,4.608e+00,3.556e+00,3.632e+00,4.455e+00,4.898e+00,4.440e+00,3.305e+00,5.343e+00,4.563e+00,4.843e+00,3.378e+00,4.550e+00,3.493e+00,4.345e+00,5.030e+00,3.695e+00,4.718e+00,4.427e+00,3.593e+00
7.675e-01,7.865e-01,6.260e-01,6.309e-01,1.708e+00,1.403e+00,1.570e+00,2.167e+00,2.099e+00,3.256e+00,3.447e+00,3.215e+00,3.419e+00,4.123e+00,4.272e+00,4.366e+00,3.902e+00,5.649e+00,5.312e+00,4.524e+00,5.387e+00,6.572e+00,5.304e+00,6.867e+00,7.089e+00,6.536e+00,4.828e+00,6.041e+00,6.020e+00,4.896e+00,7.124e+00,4.678e+00,6.718e+00,5.424e+00,6.104e+00,6.490e+00,5.338e+00,5.940e+00,6.223e+00,4.258e+00,5.420e+00,5.255e+00,6.506e+00,6.165e+00,4.709e+00,7.328e+00,6.094e+00,6.682e+00,5.112e+00,5.355e+00,5.359e+00,5.844e+00,5.993e+00,4.964e+00,6.714e+00,6.139e+00,4.371e+00
1.178e-01,8.612e-01,4.131e-01,7.945e-01,1.105e+00,9.490e-01,1.143e+00,1.407e+00,1.303e+00,1.674e+00,2.175e+00,1.549e+00,2.449e+00,2.090e+00,3.206e+00,2.905e+00,3.789e+00,3.371e+00,3.747e+00,3.051e+00,3.706e+00,4.240e+00,3.654e+00,4.603e+00,3.999e+00,4.202e+00,3.191e+00,4.220e+00,4.322e+00,3.412e+00,4.922e+00,3.166e+00,4.662e+00,4.239e+00,4.938e+00,4.238e+00,3.486e+00,4.474e+00,4.684e+00,4.070e+00,3.277e+00,3.492e+00,4.473e+00,3.896e+00,3.166e+00,4.974e+00,4.650e+00,4.481e+00,3.007e+00,3.695e+00,2.625e+00,4.278e+00,4.291e+00,2.901e+00,4.365e+00,3.623e+00,3.886e+00
6.992e-01,1.355e+00,1.481e+00,1.333e+00,1.905e+00,1.987e+00,1.798e+00,3.183e+00,2.304e+00,3.000e+00,3.562e+00,3.124e+00,3.989e+00,3.838e+00,4.520e+00,5.183e+00,4.895e+00,5.655e+00,4.706e+00,4.422e+00,5.545e+00,7.609e+00,5.638e+00,7.402e+00,6.649e+00,7.149e+00,5.642e+00,6.931e+00,6.604e+00,5.832e+00,7.377e+00,5.594e+00,8.066e+00,6.615e+00,6.537e+00,6.534e+00,5.872e+00,5.801e+00,7.476e+00,6.424e+00,6.804e+00,5.261e+00,7.180e+00,7.203e+00,5.787e+00,6.649e+00,6.909e+00,7.060e+00,5.037e+00,5.214e+00,5.627e+00,7.692e+00,6.654e+00,4.919e+00,7.362e+00,6.519e+00,5.374e+00
3.091e-01,7.555e-01,6.419e-01,9.218e-01,1.804e+00,1.367e+00,1.800e+00,1.966e+00,1.804e+00,2.312e+00,3.131e+00,2.474e+00,3.920e+00,3.480e+00,4.321e+00,4.427e+00,4.524e+00,5.543e+00,5.687e+00,4.812e+00,6.011e+00,5.934e+00,6.622e+00,7.684e+00,6.732e+00,6.561e+00,6.374e+00,7.065e+00,6.440e+00,5.002e+00,6.623e+00,5.674e+00,7.774e+00,6.839e+00,6.946e+00,6.789e+00,5.654e+00,7.414e+00,7.066e+00,6.963e+00,7.339e+00,5.466e+00,7.160e+00,7.002e+00,5.882e+00,7.609e+00,7.472e+00,6.704e+00,5.070e+00,5.350e+00,5.605e+00,6.306e+00,6.649e+00,5.719e+00,6.884e+00,6.699e+00,4.967e+00
2.544e-01,2.665e-01,2.415e-01,4.228e-01,1.508e+00,1.243e+00,1.800e+00,1.691e+00,1.696e+00,2.574e+00,2.933e+00,2.514e+00,3.639e+00,3.788e+00,3.913e+00,3.937e+00,3.725e+00,5.585e+00,5.365e+00,4.405e+00,5.866e+00,6.545e+00,6.481e+00,8.740e+00,7.958e+00,8.409e+00,5.811e+00,7.686e+00,7.626e+00,6.944e+00,7.511e+00,6.479e+00,8.610e+00,6.075e+00,8.169e+00,7.846e+00,6.274e+00,7.589e+00,7.508e+00,7.123e+00,7.318e+00,7.006e+00,7.996e+00,8.860e+00,6.069e+00,7.464e+00,8.004e+00,7.664e+00,5.292e+00,6.404e+00,5.867e+00,7.330e+00,7.997e+00,6.308e+00,7.502e+00,7.514e+00,5.895e+00
5.566e-01,1.330e+00,1.034e+00,1.137e+00,1.554e+00,1.622e+00,1.612e+00,2.357e+00,1.662e+00,2.506e+00,3.561e+00,2.740e+00,4.060e+00,3.599e+00,4.185e+00,4.472e+00,4.550e+00,6.169e+00,5.547e+00,5.092e+00,5.369e+00,7.311e+00,6.555e+00,6.873e+00,7.152e+00,6.950e+00,5.621e+00,7.497e+00,7.378e+00,6.317e+00,7.701e+00,5.807e+00,8.517e+00,7.290e+00,6.745e+00,7.623e+00,6.886e+00,6.689e+00,7.152e+00,6.965e+00,7.504e+00,5.845e+00,6.993e+00,7.812e+00,6.849e+00,7.127e+00,8.415e+00,7.343e+00,4.867e+00,5.482e+00,6.351e+00,8.032e+00,6.980e+00,5.703e+00,8.032e+00,6.625e+00,5.695e+00
4.705e-01,1.129e+00,5.618e-01,8.085e-01,1.161e+00,1.100e+00,1.059e+00,1.650e+00,1.445e+00,2.026e+00,2.744e+00,2.245e+00,3.597e+00,3.653e+00,4.306e+00,4.160e+00,4.515e+00,5.681e+00,5.976e+00,5.445e+00,5.856e+00,6.833e+00,6.112e+00,7.989e+00,6.914e+00,7.208e+00,6.707e+00,7.511e+00,7.120e+00,6.499e+00,7.770e+00,6.172e+00,8.772e+00,7.251e+00,8.427e+00,7.088e+00,6.138e+00,7.115e+00,7.179e+00,7.540e+00,7.649e+00,6.420e+00,7.213e+00,8.526e+00,7.199e+00,6.839e+00,8.893e+00,7.608e+00,5.269e+00,6.862e+00,5.695e+00,7.104e+00,7.953e+00,5.954e+00,8.090e+00,6.169e+00,6.228e+00
5.910e-01,5.942e-01,7.093e-01,5.461e-01,1.583e+00,1.781e+00,2.217e+00,2.597e+00,2.122e+00,3.638e+00,4.479e+00,3.434e+00,3.807e+00,4.095e+00,4.100e+00,5.063e+00,4.685e+00,5.735e+00,4.845e+00,4.300e+00,5.801e+00,6.999e+00,6.366e+00,6.660e+00,7.745e+00,7.050e+00,6.424e+00,8.192e+00,7.820e+00,7.178e+00,7.329e+00,5.658e+00,9.215e+00,6.810e+00,7.188e+00,7.937e+00,6.387e+00,7.331e+00,6.673e+00,7.149e+00,7.802e+00,6.462e+00,7.724e+00,8.364e+00,7.112e+00,8.875e+00,9.076e+00,7.103e+00,5.591e+00,5.612e+00,6.823e+00,8.210e+00,7.669e+00,5.927e+00,8.161e+00,6.628e+00,6.186e+00
5.329e-01,7.773e-01,5.804e-01,7.901e-01,2.212e+00,1.857e+00,2.027e+00,2.404e+00,2.062e+00,2.916e+00,2.568e+00,2.333e+00,3.579e+00,3.685e+00,3.993e+00,4.607e+00,3.984e+00,5.083e+00,4.509e+00,3.967e+00,5.829e+00,6.251e+00,5.694e+00,7.586e+00,6.890e+00,6.732e+00,6.063e+00,8.738e+00,6.513e+00,5.928e+00,7.012e+00,6.819e+00,9.206e+00,6.230e+00,7.827e+00,6.213e+00,6.222e+00,7.319e+00,7.601e+00,8.003e+00,7.783e+00,6.498e+00,7.407e+00,7.441e+00,5.749e+00,7.399e+00,8.247e+00,7.573e+00,5.323e+00,6.646e+00,6.217e+00,7.167e+00,7.275e+00,6.004e+00,7.737e+00,6.709e+00,5.838e+00
3.039e-01,8.247e-01,5.950e-01,9.120e-01,1.480e+00,9.905e-01,1.683e+00,1.443e+00,1.178e+00,2.212e+00,3.004e+00,2.304e+00,3.801e+00,2.916e+00,3.938e+00,3.820e+00,3.918e+00,5.780e+00,4.959e+00,4.423e+00,5.250e+00,6.737e+00,6.360e+00,6.934e+00,6.207e+00,6.804e+00,5.537e+00,8.745e+00,7.603e+00,6.010e+00,9.053e+00,8.157e+00,9.375e+00,7.189e+00,8.822e+00,8.424e+00,6.981e+00,8.351e+00,8.207e+00,8.463e+00,7.121e+00,8.171e+00,7.651e+00,9.035e+00,6.443e+00,7.124e+00,9.656e+00,8.715e+00,6.593e+00,7.938e+00,6.610e+00,8.103e+00,9.051e+00,7.073e+00,8.086e+00,6.879e+00,7.484e+00
7.345e-01,1.153e+00,1.379e+00,1.374e+00,2.179e+00,1.568e+00,1.713e+00,2.628e+00,2.192e+00,2.475e+00,3.372e+00,2.624e+00,3.815e+00,3.514e+00,3.761e+00,4.174e+00,3.788e+00,6.140e+00,4.903e+00,4.307e+00,5.935e+00,6.216e+00,7.294e+00,8.416e+00,7.416e+00,7.532e+00,7.497e+00,8.656e+00,7.846e+00,7.930e+00,9.030e+00,8.740e+00,1.042e+01,8.820e+00,9.510e+00,9.845e+00,8.005e+00,9.520e+00,9.444e+00,1.051e+01,9.286e+00,9.271e+00,8.966e+00,9.805e+00,8.831e+00,8.256e+00,1.021e+01,9.312e+00,6.322e+00,7.609e+00,8.488e+00,9.459e+00,1.004e+01,8.198e+00,8.536e+00,8.603e+00,7.220e+00
7.534e-02,8.104e-01,8.648e-01,1.218e+00,1.680e+00,1.144e+00,1.960e+00,2.055e+00,1.844e+00,2.018e+00,2.605e+00,2.512e+00,4.082e+00,3.468e+00,4.253e+00,3.722e+00,4.356e+00,5.439e+00,4.825e+00,4.152e+00,4.950e+00,5.335e+00,5.837e+00,6.950e+00,6.766e+00,6.800e+00,6.116e+00,7.712e+00,7.443e+00,7.322e+00,7.800e+00,7.481e+00,8.998e+00,7.973e+00,9.202e+00,9.994e+00,7.463e+00,9.088e+00,9.108e+00,8.193e+00,8.022e+00,9.168e+00,9.161e+00,9.469e+00,7.352e+00,8.722e+00,9.271e+00,8.521e+00,5.984e+00,7.143e+00,6.877e+00,8.746e+00,9.701e+00,7.042e+00,8.040e+00,7.940e+00,8.083e+00
2.673e-01,8.379e-01,5.483e-01,9.067e-01,2.062e+00,1.937e+00,2.263e+00,2.159e+00,1.555e+00,1.877e+00,2.690e+00,1.311e+00,3.056e+00,2.578e+00,2.616e+00,3.130e+00,3.369e+00,4.606e+00,4.037e+00,3.323e+00,5.115e+00,5.274e+00,4.983e+00,6.379e+00,6.715e+00,6.006e+00,5.169e+00,7.853e+00,6.958e+00,6.545e+00,7.435e+00,7.663e+00,9.528e+00,6.793e+00,7.517e+00,8.319e+00,7.708e+00,8.196e+00,8.506e+00,7.757e+00,7.241e+00,8.638e+00,7.092e+00,8.283e+00,6.507e+00,7.861e+00,8.215e+00,8.611e+00,6.201e+00,7.095e+00,7.290e+00,9.003e+00,8.475e+00,7.419e+00,7.811e+00,7.236e+00,7.041e+00
2.516e-01,8.488e-01,1.072e+00,1.044e+00,1.250e+00,1.254e+00,1.776e+00,2.086e+00,1.351e+00,1.891e+00,3.415e+00,2.929e+00,4.478e+00,3.259e+00,3.680e+00,4.047e+00,4.633e+00,6.437e+00,5.746e+00,5.223e+00,5.607e+00,6.462e+00,6.134e+00,6.785e+00,6.440e+00,7.365e+00,4.990e+00,7.464e+00,7.463e+00,6.294e+00,8.102e+00,5.842e+00,9.551e+00,7.542e+00,7.806e+00,8.799e+00,7.642e+00,8.559e+00,8.086e+00,7.790e+00,8.700e+00,8.000e+00,8.210e+00,1.014e+01,7.137e+00,7.582e+00,9.993e+00,8.013e+00,5.713e+00,7.960e+00,6.952e+00,8.633e+00,9.069e+00,8.367e+00,8.243e+00,6.438e+00,7.270e+00
5.990e-01,7.713e-01,5.764e-01,6.549e-01,1.658e+00,1.350e+00,1.354e+00,1.669e+00,1.322e+00,1.840e+00,2.384e+00,2.098e+00,3.041e+00,2.862e+00,3.436e+00,4.043e+00,3.945e+00,5.199e+00,5.205e+00,4.125e+00,4.843e+00,5.977e+00,5.051e+00,6.800e+00,5.663e+00,6.136e+00,5.268e+00,7.353e+00,5.806e+00,5.524e+00,7.271e+00,6.846e+00,9.029e+00,7.445e+00,8.691e+00,8.178e+00,8.016e+00,7.727e+00,7.278e+00,8.098e+00,6.754e+00,7.965e+00,8.265e+00,8.420e+00,6.162e+00,8.241e+00,8.253e+00,7.274e+00,6.150e+00,7.501e+00,7.580e+00,7.854e+00,8.353e+00,7.649e+00,9.117e+00,6.909e+00,6.332e+00
3.037e-01,3.935e-01,9.157e-01,7.244e-01,9.611e-01,7.700e-01,1.160e+00,1.903e+00,1.765e+00,2.147e+00,2.504e+00,2.277e+00,2.740e+00,3.015e+00,3.323e+00,3.256e+00,3.133e+00,4.527e+00,3.913e+00,3.490e+00,4.729e+00,5.637e+00,5.137e+00,5.901e+00,6.828e+00,6.146e+00,4.683e+00,7.266e+00,6.622e+00,6.860e+00,7.226e+00,6.327e+00,8.947e+00,7.301e+00,8.886e+00,9.040e+00,7.510e+00,7.333e+00,9.004e+00,8.155e+00,7.015e+00,8.297e+00,9.684e+00,8.584e+00,6.570e+00,7.919e+00,8.730e+00,8.077e+00,5.705e+00,6.715e+00,8.059e+00,9.347e+00,7.856e+00,6.887e+00,8.444e+00,7.706e+00,6.819e+00
1.800e-01,5.727e-01,2.163e-01,3.963e-01,9.107e-01,1.089e+00,1.284e+00,1.100e+00,6.147e-01,1.531e+00,2.270e+00,1.970e+00,2.614e+00,2.038e+00,2.910e+00,2.975e+00,3.033e+00,4.027e+00,3.142e+00,2.142e+00,3.173e+00,4.827e+00,4.218e+00,5.026e+00,4.350e+00,4.443e+00,4.548e+00,5.622e+00,5.061e+00,4.919e+00,6.031e+00,5.535e+00,7.869e+00,7.113e+00,6.623e+00,8.642e+00,7.378e+00,7.815e+00,7.736e+00,7.673e+00,6.961e+00,7.485e+00,8.303e+00,8.106e+00,5.510e+00,7.762e+00,8.355e+00,6.931e+00,5.720e+00,6.023e+00,7.241e+00,7.959e+00,8.115e+00,6.630e+00,8.156e+00,6.135e+00,6.659e+00
2.272e-02,6.595e-01,4.544e-01,8.279e-01,1.097e+00,8.297e-01,1.238e+00,1.474e+00,1.601e+00,2.173e+00,3.438e+00,2.443e+00,4.102e+00,3.611e+00,5.314e+00,4.345e+00,4.800e+00,5.543e+00,5.625e+00,5.087e+00,5.369e+00,6.442e+00,5.809e+00,6.631e+00,6.145e+00,6.802e+00,6.510e+00,8.404e+00,6.819e+00,7.720e+00,8.069e+00,7.317e+00,9.684e+00,9.110e+00,1.115e+01,9.729e+00,9.388e+00,9.805e+00,8.296e+00,1.021e+01,9.021e+00,9.113e+00,1.123e+01,1.057e+01,8.772e+00,1.007e+01,1.064e+01,7.991e+00,7.056e+00,9.022e+00,8.474e+00,9.970e+00,1.072e+01,9.537e+00,1.060e+01,7.578e+00,9.030e+00
7.775e-02,5.358e-01,3.334e-01,5.098e-01,9.233e-01,1.134e+00,1.204e+00,1.156e+00,6.278e-01,1.219e+00,2.408e+00,9.875e-01,2.439e+00,1.587e+00,2.226e+00,2.610e+00,2.570e+00,3.837e+00,3.744e+00,3.171e+00,5.136e+00,4.656e+00,4.525e+00,6.152e+00,5.419e+00,4.768e+00,4.222e+00,5.860e+00,5.483e+00,5.128e+00,6.312e+00,6.375e+00,8.096e+00,6.138e+00,7.347e+00,6.915e+00,7.601e+00,7.712e+00,8.594e+00,8.255e+00,7.419e+00,7.722e+00,8.512e+00,9.070e+00,6.408e+00,6.199e+00,7.373e+00,8.462e+00,6.339e+00,6.616e+00,8.130e+00,8.248e+00,7.727e+00,7.643e+00,7.786e+00,6.520e+00,6.331e+00
1.569e-01,3.471e-01,9.716e-01,8.674e-01,1.502e+00,1.452e+00,2.004e+00,2.593e+00,2.251e+00,2.595e+00,4.026e+00,2.907e+00,4.092e+00,3.848e+00,4.639e+00,4.259e+00,4.521e+00,6.113e+00,5.004e+00,3.990e+00,5.926e+00,6.835e+00,6.928e+00,8.697e+00,8.184e+00,8.425e+00,7.146e+00,9.671e+00,9.238e+00,9.812e+00,9.727e+00,8.885e+00,1.083e+01,9.143e+00,1.108e+01,1.086e+01,9.896e+00,1.028e+01,1.065e+01,1.130e+01,1.056e+01,1.087e+01,1.193e+01,1.240e+01,1.019e+01,1.061e+01,1.211e+01,1.160e+01,8.081e+00,9.915e+00,9.370e+00,1.230e+01,1.240e+01,1.033e+01,1.202e+01,1.010e+01,1.058e+01
2.178e-01,8.137e-01,4.238e-01,8.771e-01,1.527e+00,1.060e+00,1.885e+00,1.526e+00,1.473e+00,2.557e+00,3.701e+00,2.478e+00,4.295e+00,3.462e+00,4.433e+00,4.260e+00,4.741e+00,5.972e+00,6.274e+00,5.550e+00,6.124e+00,6.391e+00,6.894e+00,7.829e+00,6.972e+00,7.017e+00,6.761e+00,8.475e+00,7.993e+00,7.117e+00,8.333e+00,7.914e+00,1.065e+01,8.924e+00,1.065e+01,1.110e+01,9.600e+00,1.196e+01,1.063e+01,1.178e+01,1.059e+01,1.107e+01,1.250e+01,1.310e+01,8.661e+00,1.145e+01,1.300e+01,1.146e+01,8.623e+00,1.096e+01,9.722e+00,1.179e+01,1.100e+01,9.912e+00,1.328e+01,9.141e+00,1.119e+01
3.930e-01,1.196e+00,9.697e-01,1.330e+00,2.416e+00,2.178e+00,2.886e+00,2.826e+00,2.125e+00,3.032e+00,4.441e+00,3.087e+00,4.921e+00,4.027e+00,4.455e+00,4.852e+00,5.203e+00,6.336e+00,5.666e+00,4.845e+00,5.639e+00,6.715e+00,6.379e+00,7.646e+00,7.532e+00,7.519e+00,6.656e+00,8.871e+00,8.377e+00,8.192e+00,9.348e+00,7.884e+00,1.092e+01,9.627e+00,1.001e+01,1.228e+01,1.076e+01,1.202e+01,1.102e+01,1.137e+01,1.187e+01,1.188e+01,1.248e+01,1.392e+01,1.040e+01,1.271e+01,1.288e+01,1.325e+01,8.589e+00,1.136e+01,1.116e+01,1.356e+01,1.231e+01,1.110e+01,1.407e+01,1.061e+01,1.170e+01
2.933e-01,9.066e-01,8.947e-01,1.032e+00,1.752e+00,1.741e+00,1.777e+00,2.595e+00,2.101e+00,2.248e+00,3.215e+00,1.686e+00,3.374e+00,3.028e+00,3.637e+00,3.795e+00,4.243e+00,4.571e+00,4.859e+00,4.180e+00,5.225e+00,5.368e+00,5.580e+00,6.464e+00,6.303e+00,5.830e+00,5.383e+00,8.167e+00,6.770e+00,6.745e+00,7.152e+00,6.795e+00,9.600e+00,8.188e+00,8.225e+00,7.983e+00,8.422e+00,9.026e+00,9.184e+00,1.029e+01,1.035e+01,1.032e+01,1.161e+01,1.128e+01,8.759e+00,1.067e+01,1.125e+01,1.204e+01,8.172e+00,1.032e+01,9.955e+00,1.090e+01,1.000e+01,9.302e+00,1.261e+01,8.935e+00,1.035e+01
1.180e-01,8.967e-01,7.347e-01,9.611e-01,1.366e+00,1.498e+00,1.991e+00,2.297e+00,1.840e+00,2.582e+00,4.160e+00,3.022e+00,4.466e+00,3.592e+00,4.810e+00,4.602e+00,5.806e+00,5.990e+00,5.890e+00,5.664e+00,5.889e+00,6.751e+00,6.085e+00,7.924e+00,7.395e+00,6.954e+00,6.020e+00,8.741e+00,7.588e+00,8.260e+00,9.557e+00,8.002e+00,1.055e+01,9.072e+00,9.927e+00,1.140e+01,1.069e+01,1.067e+01,1.071e+01,1.061e+01,1.086e+01,1.147e+01,1.365e+01,1.352e+01,1.065e+01,1.236e+01,1.296e+01,1.319e+01,1.073e+01,1.171e+01,1.203e+01,1.236e+01,1.261e+01,1.135e+01,1.405e+01,1.089e+01,1.134e+01
3.001e-01,8.437e-01,5.512e-01,8.046e-01,1.210e+00,9.072e-01,8.828e-01,1.387e+00,1.306e+00,2.149e+00,3.105e+00,2.316e+00,3.674e+00,2.821e+00,4.130e+00,3.608e+00,3.525e+00,4.652e+00,4.622e+00,4.839e+00,4.638e+00,5.535e+00,5.396e+00,6.477e+00,6.048e+00,5.641e+00,5.470e+00,7.198e+00,5.755e+00,6.352e+00,7.240e+00,6.847e+00,8.772e+00,8.500e+00,9.650e+00,8.757e+00,9.274e+00,9.303e+00,7.798e+00,9.978e+00,9.485e+00,9.709e+00,1.098e+01,1.135e+01,9.336e+00,1.082e+01,1.061e+01,9.809e+00,8.410e+00,9.808e+00,1.143e+01,1.098e+01,8.310e+00,1.033e+01,1.173e+01,9.382e+00,9.884e+00
4.004e-01,8.308e-01,1.227e+00,1.062e+00,1.073e+00,8.985e-01,1.309e+00,1.861e+00,1.248e+00,2.284e+00,3.526e+00,2.787e+00,3.632e+00,2.598e+00,3.896e+00,4.222e+00,3.893e+00,5.710e+00,5.330e+00,3.958e+00,4.982e+00,6.182e+00,7.030e+00,6.160e+00,5.715e+00,5.849e+00,5.897e+00,7.104e+00,7.703e+00,6.006e+00,7.253e+00,7.339e+00,9.009e+00,8.867e+00,8.264e+00,8.980e+00,8.509e+00,9.374e+00,9.059e+00,1.002e+01,9.787e+00,9.983e+00,1.080e+01,1.205e+01,8.688e+00,9.593e+00,1.125e+01,1.124e+01,9.721e+00,8.429e+00,1.110e+01,1.132e+01,1.063e+01,9.991e+00,1.076e+01,9.827e+00,1.022e+01
2.474e-01,4.637e-01,4.867e-01,4.770e-01,8.026e-01,7.532e-01,6.947e-01,1.466e+00,1.405e+00,2.278e+00,2.579e+00,2.304e+00,2.723e+00,2.522e+00,4.113e+00,3.535e+00,3.590e+00,4.032e+00,4.314e+00,3.862e+00,4.736e+00,6.180e+00,5.417e+00,7.681e+00,7.141e+00,6.197e+00,5.605e+00,8.010e+00,6.695e+00,7.558e+00,7.977e+00,7.735e+00,9.169e+00,7.920e+00,1.047e+01,9.474e+00,1.003e+01,8.621e+00,9.577e+00,1.026e+01,9.274e+00,1.047e+01,1.332e+01,1.112e+01,8.535e+00,1.246e+01,1.307e+01,1.201e+01,9.371e+00,1.118e+01,1.152e+01,1.278e+01,1.029e+01,9.798e+00,1.322e+01,1.200e+01,1.145e+01
6.976e-01,1.495e+00,1.283e+00,1.495e+00,2.157e+00,1.486e+00,1.293e+00,2.391e+00,1.935e+00,2.232e+00,2.026e+00,1.988e+00,3.119e+00,2.717e+00,3.539e+00,4.053e+00,3.797e+00,4.913e+00,4.948e+00,3.798e+00,4.701e+00,5.534e+00,6.047e+00,6.773e+00,6.039e+00,6.497e+00,6.102e+00,7.651e+00,7.080e+00,6.835e+00,6.750e+00,7.890e+00,1.014e+01,8.380e+00,1.004e+01,9.926e+00,8.159e+00,1.056e+01,1.023e+01,1.150e+01,9.868e+00,1.180e+01,1.201e+01,1.283e+01,9.891e+00,1.107e+01,1.247e+01,1.239e+01,1.093e+01,1.167e+01,1.265e+01,1.287e+01,1.071e+01,1.034e+01,1.374e+01,1.143e+01,1.229e+01
5.437e-01,6.460e-01,5.161e-01,4.845e-01,1.131e+00,1.036e+00,1.339e+00,1.604e+00,1.389e+00,2.859e+00,3.251e+00,2.981e+00,3.173e+00,3.135e+00,3.780e+00,4.301e+00,3.841e+00,4.498e+00,4.187e+00,3.556e+00,4.601e+00,5.076e+00,4.139e+00,6.076e+00,5.770e+00,5.145e+00,5.453e+00,5.861e+00,5.779e+00,6.131e+00,6.149e+00,6.096e+00,8.264e+00,6.031e+00,7.244e+00,7.970e+00,6.613e+00,8.636e+00,6.498e+00,6.089e+00,8.192e+00,8.969e+00,9.678e+00,1.030e+01,7.268e+00,1.021e+01,1.129e+01,1.087e+01,9.480e+00,1.135e+01,8.784e+00,1.096e+01,1.060e+01,8.365e+00,1.082e+01,9.812e+00,1.123e+01
2.786e-01,1.017e+00,7.597e-01,9.311e-01,1.385e+00,1.660e+00,1.901e+00,2.192e+00,1.529e+00,2.071e+00,4.019e+00,2.068e+00,4.168e+00,3.407e+00,3.832e+00,4.271e+00,4.790e+00,5.719e+00,4.886e+00,4.916e+00,6.341e+00,6.456e+00,5.605e+00,7.468e+00,6.723e+00,6.663e+00,6.166e+00,8.133e+00,7.166e+00,7.402e+00,9.303e+00,7.810e+00,1.130e+01,9.301e+00,1.011e+01,1.122e+01,9.679e+00,1.149e+01,1.098e+01,1.142e+01,1.084e+01,1.105e+01,1.276e+01,1.327e+01,9.581e+00,1.140e+01,1.350e+01,1.318e+01,1.081e+01,1.356e+01,1.194e+01,1.414e+01,1.307e+01,1.192e+01,1.400e+01,1.096e+01,1.314e+01
2.006e-01,7.532e-01,9.229e-01,1.070e+00,1.472e+00,1.176e+00,1.989e+00,2.357e+00,2.186e+00,2.576e+00,3.266e+00,2.433e+00,3.585e+00,3.471e+00,3.813e+00,3.871e+00,4.735e+00,4.895e+00,4.215e+00,4.618e+00,5.494e+00,5.569e+00,6.284e+00,6.611e+00,6.598e+00,6.118e+00,5.454e+00,7.452e+00,6.559e+00,6.108e+00,7.561e+00,6.273e+00,8.662e+00,8.277e+00,8.070e+00,8.854e+00,7.213e+00,9.052e+00,8.764e+00,9.306e+00,8.806e+00,8.728e+00,1.117e+01,1.033e+01,7.964e+00,1.064e+01,1.090e+01,1.159e+01,9.206e+00,1.085e+01,1.057e+01,1.143e+01,1.038e+01,1.011e+01,1.243e+01,1.006e+01,1.145e+01
4.995e-01,5.889e-01,4.320e-01,5.377e-01,1.447e+00,1.070e+00,1.575e+00,1.869e+00,1.948e+00,2.685e+00,2.807e+00,2.282e+00,3.101e+00,3.396e+00,2.975e+00,3.441e+00,4.043e+00,4.898e+00,5.640e+00,5.097e+00,5.046e+00,5.504e+00,6.936e+00,6.792e+00,7.085e+00,6.873e+00,5.725e+00,8.560e+00,7.806e+00,6.748e+00,8.159e+00,6.640e+00,9.962e+00,8.491e+00,9.496e+00,9.781e+00,8.414e+00,1.046e+01,9.277e+00,1.000e+01,9.463e+00,1.028e+01,1.079e+01,1.232e+01,1.025e+01,1.180e+01,1.404e+01,1.363e+01,1.160e+01,1.390e+01,1.373e+01,1.315e+01,1.289e+01,1.225e+01,1.488e+01,1.251e+01,1.311e+01
5.267e-01,1.326e+00,8.118e-01,1.192e+00,2.154e+00,1.905e+00,1.838e+00,2.500e+00,2.085e+00,2.286e+00,3.143e+00,1.775e+00,3.597e+00,3.505e+00,4.124e+00,4.133e+00,4.542e+00,5.302e+00,5.477e+00,4.192e+00,4.902e+00,5.757e+00,5.122e+00,6.462e+00,5.625e+00,5.894e+00,4.918e+00,6.652e+00,6.414e+00,6.069e+00,7.025e+00,6.150e+00,8.809e+00,7.975e+00,8.738e+00,8.454e+00,8.743e+00,8.447e+00,9.029e+00,9.642e+00,8.543e+00,8.913e+00,1.060e+01,9.984e+00,7.628e+00,1.016e+01,1.136e+01,1.115e+01,9.109e+00,1.244e+01,1.046e+01,1.177e+01,1.192e+01,1.113e+01,1.388e+01,1.026e+01,1.272e+01
7.200e-01,8.011e-01,5.192e-01,4.366e-01,1.259e+00,1.376e+00,9.875e-01,1.897e+00,1.595e+00,2.505e+00,2.821e+00,2.062e+00,2.380e+00,3.018e+00,3.193e+00,3.392e+00,3.109e+00,4.769e+00,4.655e+00,3.623e+00,4.290e+00,5.901e+00,5.751e+00,6.903e+00,6.660e+00,6.213e+00,4.407e+00,6.376e+00,6.654e+00,6.566e+00,7.591e+00,6.922e+00,8.695e+00,7.621e+00,8.744e+00,9.553e+00,8.314e+00,9.363e+00,8.684e+00,9.549e+00,9.205e+00,1.057e+01,1.072e+01,1.108e+01,8.368e+00,1.079e+01,1.311e+01,1.326e+01,1.094e+01,1.293e+01,1.387e+01,1.356e+01,1.238e+01,1.288e+01,1.368e+01,1.243e+01,1.381e+01
4.114e-01,6.254e-01,9.654e-01,8.483e-01,1.593e+00,1.627e+00,1.908e+00,2.531e+00,2.068e+00,2.255e+00,4.033e+00,2.183e+00,3.763e+00,3.559e+00,3.403e+00,3.989e+00,4.200e+00,5.337e+00,5.309e+00,4.502e+00,5.604e+00,5.239e+00,5.307e+00,6.349e+00,6.654e+00,6.311e+00,5.842e+00,7.671e+00,7.489e+00,8.018e+00,7.887e+00,6.903e+00,1.025e+01,8.820e+00,1.090e+01,1.053e+01,9.759e+00,9.347e+00,9.829e+00,1.091e+01,1.031e+01,1.101e+01,1.165e+01,1.287e+01,1.091e+01,1.157e+01,1.332e+01,1.226e+01,1.057e+01,1.320e+01,1.364e+01,1.420e+01,1.374e+01,1.379e+01,1.498e+01,1.295e+01,1.323e+01
3.056e-01,9.571e-01,9.910e-01,1.083e+00,1.222e+00,1.082e+00,1.343e+00,1.712e+00,1.136e+00,1.520e+00,2.535e+00,1.684e+00,2.914e+00,2.291e+00,2.801e+00,2.995e+00,2.975e+00,4.854e+00,4.140e+00,3.109e+00,4.062e+00,4.999e+00,5.105e+00,5.074e+00,4.828e+00,5.271e+00,5.017e+00,6.458e+00,6.063e+00,6.313e+00,7.103e+00,7.401e+00,8.335e+00,6.984e+00,6.701e+00,8.389e+00,7.753e+00,7.988e+00,8.189e+00,8.390e+00,8.664e+00,9.787e+00,9.949e+00,1.110e+01,7.469e+00,9.376e+00,1.038e+01,1.181e+01,9.084e+00,1.014e+01,1.025e+01,1.176e+01,1.204e+01,1.028e+01,1.248e+01,1.209e+01,1.296e+01
1.309e-01,9.345e-01,3.780e-01,7.562e-01,1.293e+00,1.459e+00,1.534e+00,1.683e+00,1.204e+00,1.964e+00,2.960e+00,1.606e+00,3.421e+00,2.499e+00,3.129e+00,3.387e+00,3.889e+00,4.661e+00,5.107e+00,4.409e+00,5.247e+00,5.498e+00,5.455e+00,6.527e+00,6.612e+00,6.072e+00,4.760e+00,8.036e+00,7.330e+00,7.221e+00,8.079e+00,7.162e+00,1.047e+01,8.163e+00,9.653e+00,9.215e+00,9.778e+00,1.049e+01,1.012e+01,1.003e+01,9.607e+00,1.006e+01,1.065e+01,1.164e+01,9.773e+00,9.071e+00,1.133e+01,1.141e+01,8.948e+00,1.073e+01,1.143e+01,1.130e+01,1.257e+01,1.243e+01,1.276e+01,1.099e+01,1.210e+01
2.492e-01,9.819e-01,1.054e+00,1.235e+00,1.482e+00,1.045e+00,1.167e+00,2.084e+00,1.812e+00,1.583e+00,1.869e+00,1.640e+00,3.112e+00,2.650e+00,3.225e+00,2.831e+00,3.416e+00,4.856e+00,3.917e+00,3.912e+00,4.588e+00,5.350e+00,6.667e+00,6.330e+00,5.901e+00,5.929e+00,5.899e+00,7.463e+00,6.394e+00,6.440e+00,7.015e+00,7.489e+00,9.849e+00,9.531e+00,9.027e+00,1.004e+01,9.630e+00,1.066e+01,1.080e+01,1.102e+01,9.600e+00,1.042e+01,1.282e+01,1.101e+01,8.665e+00,1.137e+01,1.322e+01,1.204e+01,9.654e+00,1.223e+01,1.153e+01,1.403e+01,1.250e+01,1.308e+01,1.689e+01,1.317e+01,1.499e+01
