5.582e-01,9.288e-01,7.114e-01,8.872e-01,4.425e-01,1.506e-01,3.014e-01,1.665e-01,1.352e-01,7.410e-01,5.996e-01,7.017e-01,3.757e-01,3.451e-01,8.602e-01,2.892e-01,3.796e-01,4.001e-01,9.144e-02,8.435e-01,6.792e-02,8.495e-01,1.997e-01,7.943e-01,4.353e-02,9.439e-01,2.678e-01,2.354e-01,6.105e-01,5.114e-01,7.919e-01,4.968e-01,6.073e-01,6.508e-01,2.410e-01,4.626e-01,5.712e-01,5.520e-01,2.567e-02,8.663e-02,8.952e-01,4.874e-01,6.733e-01,3.489e-01,6.379e-01,7.536e-01,2.647e-01,8.165e-02,5.229e-01,7.765e-01,6.768e-01,6.163e-01,8.053e-01,4.952e-01,7.900e-01,6.946e-04,2.084e-01
4.847e-01,9.708e-01,7.448e-01,9.904e-01,1.181e+00,7.802e-01,9.911e-01,3.664e-01,5.856e-01,1.576e+00,1.100e+00,7.635e-01,9.797e-01,3.887e-01,9.770e-01,5.059e-01,4.615e-01,6.053e-01,6.523e-01,1.695e+00,9.323e-01,8.320e-01,3.867e-01,1.268e+00,3.116e-01,1.026e+00,3.633e-01,9.725e-01,1.118e+00,1.366e+00,1.167e+00,9.463e-01,1.346e+00,6.890e-01,8.888e-01,1.119e+00,8.254e-01,1.455e+00,4.009e-01,8.363e-01,1.385e+00,4.723e-01,9.098e-01,3.298e-01,8.817e-01,7.900e-01,9.389e-01,6.324e-01,1.215e+00,1.654e+00,1.274e+00,8.261e-01,1.199e+00,1.063e+00,1.013e+00,5.389e-01,6.059e-01
2.916e-01,6.222e-01,1.093e+00,9.815e-01,1.538e+00,7.119e-01,1.702e+00,4.343e-01,7.496e-01,1.571e+00,1.386e+00,1.328e+00,1.008e+00,9.438e-01,1.190e+00,4.272e-01,1.134e+00,8.537e-01,8.915e-01,1.421e+00,9.403e-01,9.092e-01,9.228e-01,1.700e+00,4.690e-01,1.118e+00,9.372e-01,1.437e+00,1.028e+00,1.651e+00,1.333e+00,7.614e-01,1.229e+00,9.152e-01,1.581e+00,1.723e+00,9.939e-01,1.359e+00,6.688e-01,1.452e+00,1.933e+00,5.091e-01,8.816e-01,8.283e-01,1.585e+00,1.502e+00,1.445e+00,8.862e-01,1.591e+00,2.220e+00,1.136e+00,7.676e-01,8.418e-01,9.425e-01,1.584e+00,9.489e-01,1.335e+00
5.495e-01,9.206e-01,8.466e-01,1.813e+00,1.389e+00,9.642e-01,1.005e+00,3.207e-01,4.146e-01,8.829e-01,1.488e+00,1.291e+00,5.517e-01,1.162e+00,1.321e+00,6.931e-01,1.175e+00,7.491e-01,7.045e-01,1.010e+00,8.181e-01,1.231e+00,1.307e+00,1.922e+00,5.502e-01,1.216e+00,8.537e-01,1.266e+00,1.191e+00,1.522e+00,1.803e+00,1.324e+00,9.314e-01,1.198e+00,1.016e+00,8.030e-01,1.375e+00,1.133e+00,1.391e-01,3.449e-01,1.813e+00,9.608e-01,1.304e+00,5.319e-01,1.078e+00,1.530e+00,7.845e-01,2.845e-01,1.686e+00,1.795e+00,1.456e+00,1.330e+00,1.731e+00,1.462e+00,1.941e+00,8.519e-01,1.022e+00
3.266e-01,6.659e-01,7.936e-01,9.496e-01,1.940e+00,1.444e+00,1.769e+00,3.595e-01,6.177e-01,2.002e+00,1.258e+00,1.309e+00,1.573e+00,1.142e+00,1.179e+00,1.100e+00,9.180e-01,9.117e-01,1.470e+00,1.772e+00,1.546e+00,1.338e+00,8.570e-01,1.414e+00,1.040e+00,1.737e+00,1.392e+00,1.659e+00,1.257e+00,1.968e+00,1.257e+00,1.583e+00,1.620e+00,1.377e+00,2.035e+00,1.354e+00,1.305e+00,1.798e+00,1.293e+00,1.090e+00,2.371e+00,1.198e+00,9.742e-01,8.901e-01,1.771e+00,1.166e+00,1.969e+00,1.505e+00,1.453e+00,2.097e+00,1.267e+00,1.178e+00,1.833e+00,1.147e+00,1.824e+00,1.163e+00,1.157e+00
3.074e-01,6.349e-01,6.662e-01,1.185e+00,1.677e+00,1.664e+00,2.056e+00,7.567e-01,6.505e-01,1.939e+00,1.373e+00,1.531e+00,1.215e+00,1.956e+00,1.926e+00,1.228e+00,1.014e+00,1.234e+00,1.575e+00,2.024e+00,1.875e+00,1.022e+00,1.279e+00,2.323e+00,8.883e-01,1.373e+00,1.093e+00,2.526e+00,1.343e+00,2.251e+00,1.542e+00,1.510e+00,2.210e+00,1.229e+00,2.243e+00,1.660e+00,1.951e+00,2.504e+00,1.254e+00,1.628e+00,1.898e+00,9.400e-01,1.968e+00,8.981e-01,1.498e+00,1.868e+00,2.204e+00,1.848e+00,2.021e+00,2.634e+00,1.901e+00,1.261e+00,2.334e+00,1.518e+00,1.795e+00,1.691e+00,1.815e+00
4.750e-01,8.877e-01,7.971e-01,1.390e+00,2.019e+00,1.755e+00,2.314e+00,9.102e-01,1.100e+00,3.003e+00,1.941e+00,2.363e+00,1.944e+00,2.482e+00,2.585e+00,1.775e+00,1.648e+00,1.452e+00,2.414e+00,2.163e+00,2.176e+00,2.293e+00,1.404e+00,2.773e+00,1.745e+00,2.117e+00,1.541e+00,2.995e+00,1.640e+00,2.765e+00,2.193e+00,2.719e+00,2.782e+00,2.598e+00,3.062e+00,1.765e+00,2.719e+00,2.693e+00,1.686e+00,1.434e+00,2.920e+00,2.250e+00,1.737e+00,1.010e+00,1.859e+00,2.533e+00,2.679e+00,2.159e+00,2.664e+00,2.966e+00,2.720e+00,2.207e+00,3.457e+00,2.279e+00,2.306e+00,1.553e+00,2.271e+00
9.004e-02,2.074e-01,2.297e-01,3.421e-01,8.389e-01,8.984e-01,1.295e+00,1.276e+00,1.354e+00,2.070e+00,9.876e-01,2.056e+00,1.432e+00,1.878e+00,1.672e+00,1.009e+00,1.317e+00,1.034e+00,1.873e+00,1.987e+00,1.979e+00,1.643e+00,1.467e+00,1.465e+00,9.158e-01,1.569e+00,1.503e+00,2.153e+00,1.147e+00,1.458e+00,1.666e+00,1.373e+00,2.561e+00,1.767e+00,2.294e+00,1.276e+00,1.829e+00,2.383e+00,1.521e+00,1.163e+00,1.673e+00,1.458e+00,1.713e+00,8.989e-01,1.196e+00,1.665e+00,2.291e+00,1.621e+00,2.189e+00,2.004e+00,1.704e+00,1.745e+00,2.253e+00,1.286e+00,1.375e+00,1.834e+00,1.627e+00
1.799e-01,3.508e-01,7.706e-01,1.156e+00,1.662e+00,1.209e+00,2.230e+00,8.389e-01,1.168e+00,2.386e+00,2.399e+00,2.325e+00,1.604e+00,2.443e+00,2.585e+00,1.615e+00,1.980e+00,2.051e+00,2.942e+00,2.283e+00,1.788e+00,2.702e+00,2.337e+00,2.918e+00,2.181e+00,1.577e+00,2.151e+00,3.769e+00,1.530e+00,2.803e+00,2.936e+00,2.641e+00,2.896e+00,2.873e+00,3.331e+00,2.079e+00,2.508e+00,2.376e+00,1.872e+00,2.141e+00,2.855e+00,1.805e+00,1.392e+00,1.236e+00,2.263e+00,2.731e+00,2.787e+00,2.467e+00,3.066e+00,3.240e+00,2.756e+00,2.010e+00,3.163e+00,2.430e+00,2.385e+00,2.160e+00,2.560e+00
4.016e-01,7.638e-01,7.840e-01,1.601e+00,2.275e+00,2.120e+00,2.542e+00,1.571e+00,1.800e+00,3.465e+00,3.071e+00,4.125e+00,3.323e+00,3.782e+00,3.207e+00,3.228e+00,2.849e+00,3.307e+00,4.004e+00,4.396e+00,4.011e+00,3.942e+00,3.277e+00,3.699e+00,3.029e+00,3.127e+00,3.276e+00,5.340e+00,3.218e+00,4.040e+00,3.962e+00,4.189e+00,5.402e+00,4.226e+00,4.573e+00,3.357e+00,3.944e+00,4.271e+00,3.610e+00,2.952e+00,4.695e+00,3.265e+00,3.626e+00,2.191e+00,3.695e+00,3.620e+00,4.808e+00,3.337e+00,4.241e+00,4.763e+00,4.194e+00,3.703e+00,5.319e+00,3.332e+00,3.761e+00,4.301e+00,2.814e+00
1.131e-01,2.338e-01,7.083e-01,1.172e+00,1.814e+00,1.560e+00,2.249e+00,1.306e+00,1.433e+00,2.213e+00,2.849e+00,3.444e+00,2.744e+00,3.701e+00,3.127e+00,2.550e+00,2.653e+00,2.393e+00,3.129e+00,3.438e+00,3.359e+00,2.628e+00,3.243e+00,3.562e+00,2.158e+00,2.159e+00,2.771e+00,4.554e+00,2.599e+00,3.598e+00,3.085e+00,2.543e+00,3.444e+00,3.188e+00,4.008e+00,3.347e+00,2.698e+00,3.177e+00,2.833e+00,2.653e+00,4.104e+00,1.935e+00,2.905e+00,1.736e+00,2.803e+00,3.750e+00,3.559e+00,3.163e+00,3.766e+00,3.746e+00,2.897e+00,2.377e+00,3.882e+00,2.272e+00,3.326e+00,3.815e+00,3.299e+00
1.124e-01,3.274e-01,7.419e-01,1.302e+00,2.306e+00,2.016e+00,2.794e+00,9.685e-01,1.148e+00,2.540e+00,2.458e+00,3.619e+00,2.459e+00,3.649e+00,2.910e+00,2.537e+00,2.668e+00,2.557e+00,3.717e+00,3.073e+00,3.329e+00,1.958e+00,2.373e+00,3.725e+00,2.790e+00,1.915e+00,2.078e+00,4.146e+00,2.825e+00,3.773e+00,3.162e+00,2.756e+00,3.569e+00,2.893e+00,4.452e+00,3.438e+00,2.827e+00,3.660e+00,3.013e+00,2.919e+00,3.585e+00,2.715e+00,2.463e+00,1.471e+00,2.529e+00,3.663e+00,3.859e+00,3.105e+00,3.969e+00,4.156e+00,2.979e+00,2.072e+00,4.305e+00,3.314e+00,3.427e+00,3.218e+00,3.378e+00
1.110e-01,2.544e-01,7.712e-01,1.027e+00,1.490e+00,9.374e-01,2.114e+00,8.828e-01,1.237e+00,2.228e+00,2.469e+00,3.445e+00,3.067e+00,3.552e+00,3.583e+00,2.914e+00,3.684e+00,2.926e+00,3.699e+00,3.234e+00,2.573e+00,2.612e+00,2.181e+00,3.512e+00,3.488e+00,1.966e+00,2.142e+00,4.598e+00,2.754e+00,3.616e+00,3.827e+00,3.251e+00,3.843e+00,3.720e+00,4.136e+00,3.521e+00,3.220e+00,3.292e+00,3.364e+00,2.894e+00,4.268e+00,2.721e+00,2.270e+00,2.133e+00,2.472e+00,4.084e+00,3.763e+00,2.437e+00,4.095e+00,3.990e+00,3.810e+00,2.597e+00,4.260e+00,3.442e+00,3.694e+00,2.806e+00,3.490e+00
5.175e-01,1.025e+00,1.205e+00,1.367e+00,2.414e+00,1.856e+00,2.654e+00,8.743e-01,1.105e+00,3.262e+00,3.055e+00,4.264e+00,4.410e+00,4.080e+00,4.706e+00,4.182e+00,4.060e+00,4.481e+00,4.083e+00,5.255e+00,4.286e+00,3.614e+00,2.189e+00,4.659e+00,3.787e+00,3.286e+00,2.611e+00,5.231e+00,4.101e+00,5.591e+00,4.123e+00,4.041e+00,5.708e+00,4.417e+00,5.840e+00,5.503e+00,3.973e+00,4.950e+00,5.384e+00,4.051e+00,6.078e+00,4.077e+00,3.647e+00,2.844e+00,4.220e+00,5.076e+00,5.752e+00,4.218e+00,4.571e+00,5.642e+00,4.051e+00,3.034e+00,6.218e+00,3.721e+00,5.056e+00,4.332e+00,3.799e+00
1.414e-01,3.815e-01,8.263e-01,9.988e-01,2.291e+00,1.788e+00,2.792e+00,1.085e+00,1.506e+00,3.239e+00,2.785e+00,3.944e+00,3.476e+00,3.741e+00,4.064e+00,3.505e+00,3.297e+00,3.250e+00,4.614e+00,4.124e+00,3.863e+00,3.543e+00,2.613e+00,4.369e+00,4.124e+00,3.077e+00,3.674e+00,5.203e+00,3.422e+00,4.443e+00,3.965e+00,4.403e+00,5.194e+00,4.673e+00,5.722e+00,4.404e+00,4.127e+00,4.593e+00,4.020e+00,3.894e+00,5.459e+00,3.895e+00,2.533e+00,2.281e+00,4.110e+00,4.815e+00,4.680e+00,3.810e+00,4.607e+00,5.359e+00,4.310e+00,2.724e+00,5.128e+00,4.278e+00,4.163e+00,4.401e+00,4.511e+00
4.075e-01,8.162e-01,8.536e-01,1.309e+00,2.188e+00,1.783e+00,2.278e+00,1.269e+00,1.665e+00,3.314e+00,2.845e+00,3.514e+00,3.718e+00,3.280e+00,4.500e+00,4.057e+00,3.989e+00,3.901e+00,4.864e+00,5.078e+00,4.862e+00,4.537e+00,3.718e+00,4.506e+00,3.872e+00,4.226e+00,4.142e+00,5.712e+00,3.594e+00,5.518e+00,4.726e+00,4.728e+00,6.563e+00,4.779e+00,6.149e+00,5.067e+00,4.682e+00,5.222e+00,4.693e+00,4.591e+00,6.665e+00,4.379e+00,3.939e+00,2.773e+00,4.437e+00,5.116e+00,5.837e+00,3.822e+00,5.563e+00,5.960e+00,4.707e+00,4.159e+00,6.586e+00,4.301e+00,5.470e+00,4.880e+00,4.658e+00
2.567e-01,4.621e-01,3.838e-01,8.177e-01,1.037e+00,9.565e-01,1.020e+00,3.978e-01,4.363e-01,1.314e+00,1.468e+00,2.344e+00,2.112e+00,2.259e+00,2.462e+00,2.773e+00,2.600e+00,2.183e+00,3.230e+00,2.764e+00,2.890e+00,2.502e+00,2.185e+00,3.024e+00,2.985e+00,2.474e+00,2.340e+00,3.560e+00,3.199e+00,3.337e+00,3.032e+00,3.906e+00,3.492e+00,3.263e+00,3.251e+00,3.748e+00,3.066e+00,2.777e+00,2.647e+00,3.089e+00,4.163e+00,3.275e+00,2.834e+00,1.641e+00,2.827e+00,3.685e+00,3.790e+00,2.137e+00,3.575e+00,3.334e+00,3.186e+00,2.182e+00,4.340e+00,3.259e+00,3.707e+00,3.470e+00,3.324e+00
2.379e-01,5.409e-01,1.030e+00,1.603e+00,2.493e+00,1.735e+00,2.461e+00,1.082e+00,1.577e+00,2.498e+00,3.015e+00,3.435e+00,2.899e+00,3.137e+00,3.505e+00,2.777e+00,3.394e+00,3.503e+00,4.332e+00,4.447e+00,4.632e+00,3.422e+00,3.610e+00,4.517e+00,3.281e+00,3.115e+00,4.636e+00,5.324e+00,4.504e+00,4.535e+00,4.483e+00,4.062e+00,4.575e+00,4.752e+00,5.688e+00,4.756e+00,3.941e+00,4.627e+00,3.157e+00,4.454e+00,6.008e+00,3.589e+00,3.755e+00,2.110e+00,4.550e+00,5.176e+00,4.678e+00,3.331e+00,5.143e+00,5.992e+00,4.189e+00,3.271e+00,5.151e+00,4.269e+00,5.458e+00,5.156e+00,5.008e+00
1.557e-01,3.556e-01,2.768e-01,7.516e-01,1.121e+00,1.299e+00,1.595e+00,8.571e-01,8.807e-01,2.009e+00,1.922e+00,2.758e+00,2.712e+00,3.131e+00,4.761e+00,3.847e+00,4.058e+00,4.292e+00,5.557e+00,5.243e+00,5.079e+00,4.138e+00,3.377e+00,5.050e+00,4.862e+00,3.523e+00,4.438e+00,5.811e+00,4.789e+00,5.637e+00,5.265e+00,4.742e+00,7.150e+00,4.739e+00,6.471e+00,6.027e+00,4.560e+00,6.003e+00,5.825e+00,5.914e+00,5.929e+00,4.645e+00,4.060e+00,2.795e+00,3.993e+00,6.048e+00,6.002e+00,4.738e+00,5.975e+00,6.398e+00,5.147e+00,3.935e+00,7.154e+00,5.407e+00,5.952e+00,5.873e+00,5.872e+00
3.811e-01,7.713e-01,7.972e-01,1.344e+00,2.201e+00,1.753e+00,1.967e+00,8.046e-01,1.177e+00,2.533e+00,2.268e+00,2.564e+00,2.665e+00,2.301e+00,2.930e+00,2.592e+00,2.577e+00,3.061e+00,3.937e+00,4.577e+00,4.749e+00,3.756e+00,3.356e+00,3.698e+00,3.234e+00,3.567e+00,4.744e+00,5.275e+00,4.240e+00,4.341e+00,4.814e+00,3.979e+00,4.922e+00,3.987e+00,4.881e+00,4.446e+00,4.075e+00,4.788e+00,3.495e+00,3.806e+00,5.136e+00,3.741e+00,3.106e+00,2.725e+00,3.940e+00,4.542e+00,4.860e+00,3.666e+00,4.242e+00,5.168e+00,4.188e+00,3.388e+00,5.680e+00,4.535e+00,5.082e+00,4.249e+00,4.530e+00
5.402e-01,1.052e+00,1.042e+00,1.517e+00,1.768e+00,1.457e+00,2.176e+00,1.498e+00,1.663e+00,2.993e+00,2.597e+00,3.659e+00,2.590e+00,3.159e+00,4.294e+00,2.560e+00,3.679e+00,4.369e+00,4.768e+00,5.987e+00,5.445e+00,4.995e+00,4.159e+00,5.798e+00,3.456e+00,3.920e+00,5.062e+00,6.607e+00,5.412e+00,5.276e+00,6.394e+00,4.803e+00,7.595e+00,5.050e+00,6.898e+00,6.701e+00,4.581e+00,6.500e+00,4.905e+00,5.739e+00,5.256e+00,4.503e+00,5.045e+00,3.203e+00,4.545e+00,6.418e+00,6.886e+00,5.407e+00,5.936e+00,6.807e+00,5.002e+00,4.853e+00,7.684e+00,5.509e+00,6.603e+00,5.663e+00,6.293e+00
1.317e-01,3.221e-01,5.314e-01,7.642e-01,1.535e+00,1.475e+00,2.395e+00,1.627e+00,1.852e+00,3.316e+00,2.509e+00,4.141e+00,3.177e+00,3.921e+00,4.300e+00,3.559e+00,3.875e+00,4.223e+00,5.712e+00,5.371e+00,5.645e+00,5.119e+00,4.543e+00,5.265e+00,4.849e+00,4.687e+00,5.104e+00,7.434e+00,4.942e+00,5.338e+00,6.040e+00,4.898e+00,7.878e+00,5.203e+00,7.528e+00,6.387e+00,5.891e+00,6.864e+00,5.458e+00,6.327e+00,5.513e+00,5.446e+00,4.910e+00,3.656e+00,4.758e+00,6.226e+00,7.253e+00,5.621e+00,6.194e+00,6.794e+00,5.761e+00,4.661e+00,8.145e+00,5.873e+00,5.763e+00,6.133e+00,6.794e+00
5.477e-02,9.845e-02,8.839e-02,5.598e-01,1.024e+00,1.094e+00,1.145e+00,9.394e-01,1.101e+00,1.845e+00,2.013e+00,3.658e+00,3.429e+00,3.581e+00,3.779e+00,3.746e+00,3.923e+00,3.828e+00,4.715e+00,4.703e+00,4.920e+00,4.533e+00,3.599e+00,5.452e+00,5.473e+00,4.333e+00,5.228e+00,6.180e+00,6.035e+00,5.636e+00,5.608e+00,5.792e+00,6.911e+00,6.120e+00,6.695e+00,6.280e+00,5.674e+00,6.674e+00,6.031e+00,5.363e+00,5.693e+00,5.528e+00,5.166e+00,3.339e+00,4.813e+00,6.643e+00,7.032e+00,5.786e+00,5.359e+00,6.539e+00,5.744e+00,4.485e+00,8.204e+00,5.471e+00,5.965e+00,6.553e+00,5.808e+00
1.902e-01,3.391e-01,3.353e-01,4.517e-01,7.700e-01,7.903e-01,1.108e+00,6.925e-01,7.118e-01,1.643e+00,1.363e+00,2.317e+00,1.763e+00,2.181e+00,2.968e+00,2.554e+00,2.705e+00,2.692e+00,4.265e+00,3.703e+00,3.946e+00,4.022e+00,3.450e+00,4.560e+00,3.977e+00,3.690e+00,5.078e+00,5.100e+00,4.502e+00,4.785e+00,5.464e+00,5.195e+00,6.210e+00,4.944e+00,5.819e+00,6.123e+00,4.454e+00,5.407e+00,4.921e+00,5.453e+00,5.183e+00,4.889e+00,4.188e+00,3.169e+00,4.115e+00,6.344e+00,6.616e+00,5.561e+00,4.677e+00,5.761e+00,4.711e+00,4.339e+00,6.649e+00,4.634e+00,5.208e+00,5.485e+00,6.371e+00
1.164e-01,3.335e-01,8.458e-01,1.484e+00,2.326e+00,1.674e+00,2.734e+00,1.190e+00,1.709e+00,2.870e+00,2.990e+00,3.881e+00,3.055e+00,3.746e+00,4.285e+00,3.394e+00,4.806e+00,4.368e+00,5.433e+00,4.811e+00,6.032e+00,5.128e+00,4.916e+00,7.154e+00,5.909e+00,4.721e+00,6.220e+00,8.194e+00,6.742e+00,7.861e+00,6.862e+00,6.743e+00,8.626e+00,6.946e+00,8.750e+00,8.452e+00,7.301e+00,7.318e+00,5.871e+00,7.148e+00,7.078e+00,6.303e+00,6.373e+00,4.128e+00,6.429e+00,8.959e+00,8.482e+00,6.274e+00,7.788e+00,8.352e+00,7.483e+00,6.330e+00,8.948e+00,6.494e+00,8.203e+00,6.866e+00,8.160e+00
2.872e-01,5.263e-01,7.616e-01,9.504e-01,1.446e+00,1.260e+00,2.138e+00,1.216e+00,1.270e+00,2.656e+00,2.614e+00,3.603e+00,3.034e+00,3.802e+00,3.944e+00,3.124e+00,3.074e+00,3.688e+00,4.185e+00,4.590e+00,4.881e+00,4.179e+00,3.662e+00,5.175e+00,3.960e+00,4.693e+00,5.653e+00,7.337e+00,5.897e+00,5.690e+00,5.990e+00,5.333e+00,7.004e+00,5.921e+00,7.026e+00,6.252e+00,5.524e+00,6.857e+00,4.788e+00,6.602e+00,6.008e+00,4.911e+00,5.992e+00,3.954e+00,5.308e+00,7.072e+00,7.179e+00,6.522e+00,5.265e+00,7.039e+00,6.346e+00,5.021e+00,7.912e+00,4.742e+00,6.258e+00,5.970e+00,7.296e+00
2.647e-01,4.956e-01,6.872e-01,7.015e-01,1.251e+00,1.009e+00,1.790e+00,8.100e-01,8.872e-01,2.295e+00,2.126e+00,3.099e+00,3.080e+00,3.254e+00,4.083e+00,3.584e+00,3.457e+00,3.265e+00,3.906e+00,4.168e+00,4.650e+00,4.603e+00,3.514e+00,6.036e+00,5.276e+00,5.133e+00,6.365e+00,7.338e+00,6.768e+00,7.529e+00,5.952e+00,7.061e+00,9.139e+00,6.963e+00,8.043e+00,7.988e+00,7.371e+00,6.905e+00,5.906e+00,7.163e+00,6.992e+00,6.150e+00,6.667e+00,4.528e+00,6.777e+00,8.918e+00,8.022e+00,7.498e+00,6.258e+00,7.812e+00,7.161e+00,6.282e+00,8.209e+00,5.073e+00,6.797e+00,6.815e+00,8.342e+00
1.532e-01,3.333e-01,3.666e-01,1.079e+00,1.237e+00,1.231e+00,1.761e+00,1.072e+00,1.182e+00,2.022e+00,1.998e+00,2.592e+00,2.397e+00,3.207e+00,3.940e+00,2.732e+00,3.408e+00,2.903e+00,4.131e+00,3.857e+00,4.115e+00,3.666e+00,3.569e+00,5.670e+00,4.632e+00,4.099e+00,5.495e+00,7.567e+00,6.484e+00,6.254e+00,7.348e+00,6.572e+00,8.425e+00,6.714e+00,8.123e+00,6.719e+00,6.953e+00,7.251e+00,4.698e+00,7.141e+00,6.162e+00,5.562e+00,6.842e+00,4.036e+00,4.914e+00,8.059e+00,7.779e+00,6.833e+00,6.601e+00,7.604e+00,6.970e+00,6.686e+00,8.626e+00,6.224e+00,6.304e+00,6.737e+00,8.977e+00
2.000e-01,4.391e-01,4.616e-01,8.473e-01,1.561e+00,1.323e+00,1.443e+00,6.390e-01,9.309e-01,1.972e+00,2.199e+00,2.973e+00,2.853e+00,2.613e+00,2.985e+00,3.223e+00,3.100e+00,3.913e+00,4.521e+00,4.711e+00,5.193e+00,3.946e+00,3.235e+00,4.530e+00,4.365e+00,4.299e+00,6.478e+00,6.225e+00,7.354e+00,7.470e+00,6.569e+00,6.572e+00,8.947e+00,6.249e+00,8.463e+00,6.497e+00,5.115e+00,7.196e+00,6.504e+00,7.771e+00,6.894e+00,5.989e+00,6.509e+00,4.090e+00,5.653e+00,7.995e+00,7.658e+00,7.805e+00,6.130e+00,7.942e+00,6.306e+00,6.846e+00,8.346e+00,5.544e+00,7.746e+00,6.800e+00,7.126e+00
2.951e-01,6.131e-01,1.034e+00,9.992e-01,2.141e+00,1.588e+00,2.426e+00,1.240e+00,1.540e+00,3.013e+00,2.441e+00,3.716e+00,3.859e+00,3.414e+00,4.490e+00,3.691e+00,4.462e+00,4.601e+00,5.213e+00,5.901e+00,5.013e+00,4.849e+00,4.246e+00,5.670e+00,5.373e+00,5.539e+00,7.058e+00,8.017e+00,7.044e+00,8.799e+00,8.583e+00,7.383e+00,1.055e+01,8.655e+00,9.572e+00,8.591e+00,7.330e+00,8.977e+00,7.518e+00,8.576e+00,8.161e+00,6.921e+00,7.958e+00,6.256e+00,7.509e+00,9.783e+00,1.072e+01,8.364e+00,7.888e+00,9.310e+00,8.042e+00,8.155e+00,9.561e+00,5.923e+00,9.301e+00,7.389e+00,8.150e+00
2.713e-01,5.197e-01,5.285e-01,8.493e-01,1.248e+00,1.030e+00,1.331e+00,6.751e-01,8.761e-01,1.925e+00,2.121e+00,2.431e+00,2.837e+00,2.500e+00,3.531e+00,3.008e+00,2.949e+00,3.606e+00,3.357e+00,4.071e+00,3.619e+00,3.730e+00,2.579e+00,4.347e+00,4.298e+00,3.727e+00,4.840e+00,6.136e+00,5.842e+00,6.499e+00,6.707e+00,6.555e+00,8.225e+00,7.098e+00,7.804e+00,6.631e+00,6.843e+00,7.025e+00,5.985e+00,7.545e+00,6.686e+00,6.339e+00,6.796e+00,5.290e+00,6.443e+00,8.446e+00,7.616e+00,7.101e+00,5.612e+00,7.782e+00,6.822e+00,7.091e+00,7.354e+00,5.579e+00,6.114e+00,6.982e+00,7.634e+00
5.353e-01,9.613e-01,1.099e+00,1.715e+00,2.304e+00,1.839e+00,2.598e+00,1.041e+00,1.319e+00,3.272e+00,3.355e+00,4.415e+00,4.082e+00,4.407e+00,5.372e+00,4.473e+00,4.748e+00,5.555e+00,5.996e+00,6.162e+00,5.627e+00,5.335e+00,3.934e+00,6.046e+00,6.177e+00,4.976e+00,6.327e+00,8.245e+00,7.666e+00,8.890e+00,8.965e+00,7.561e+00,1.057e+01,9.632e+00,1.045e+01,9.290e+00,8.588e+00,9.851e+00,9.232e+00,9.392e+00,9.275e+00,8.891e+00,8.370e+00,7.070e+00,7.912e+00,1.075e+01,9.959e+00,8.749e+00,8.634e+00,1.015e+01,8.927e+00,8.964e+00,1.079e+01,8.585e+00,9.234e+00,8.567e+00,9.483e+00
5.015e-02,8.556e-02,5.087e-01,8.525e-01,1.119e+00,1.104e+00,2.074e+00,1.169e+00,1.081e+00,1.994e+00,2.362e+00,4.512e+00,3.097e+00,4.755e+00,4.544e+00,3.827e+00,4.123e+00,4.274e+00,4.734e+00,4.386e+00,5.495e+00,4.253e+00,3.704e+00,6.541e+00,5.789e+00,4.387e+00,6.326e+00,8.278e+00,7.474e+00,7.343e+00,7.196e+00,6.816e+00,1.060e+01,8.956e+00,9.918e+00,9.919e+00,8.803e+00,8.729e+00,7.402e+00,9.284e+00,7.906e+00,8.494e+00,8.661e+00,6.309e+00,7.941e+00,1.115e+01,9.121e+00,8.147e+00,8.096e+00,9.565e+00,9.040e+00,8.265e+00,9.467e+00,7.203e+00,8.626e+00,9.157e+00,1.067e+01
4.902e-01,8.682e-01,1.040e+00,1.860e+00,2.150e+00,1.901e+00,2.792e+00,1.685e+00,1.741e+00,3.330e+00,3.321e+00,4.774e+00,4.136e+00,5.190e+00,6.086e+00,4.515e+00,5.358e+00,4.764e+00,5.152e+00,5.842e+00,6.078e+00,5.369e+00,4.704e+00,7.241e+00,5.445e+00,5.495e+00,6.545e+00,8.855e+00,7.686e+00,9.626e+00,9.187e+00,8.943e+00,1.100e+01,1.022e+01,1.081e+01,1.126e+01,1.035e+01,1.166e+01,9.416e+00,1.090e+01,9.959e+00,9.839e+00,1.021e+01,9.027e+00,9.234e+00,1.353e+01,1.118e+01,9.127e+00,1.009e+01,1.120e+01,1.110e+01,1.021e+01,1.182e+01,8.898e+00,1.062e+01,1.021e+01,1.091e+01
2.887e-01,6.221e-01,5.557e-01,8.257e-01,1.747e+00,1.708e+00,2.212e+00,1.529e+00,1.774e+00,3.505e+00,2.788e+00,3.784e+00,4.326e+00,3.925e+00,4.797e+00,4.035e+00,3.863e+00,4.280e+00,5.547e+00,6.775e+00,6.194e+00,5.449e+00,4.228e+00,5.831e+00,5.370e+00,5.039e+00,7.012e+00,8.675e+00,7.154e+00,7.643e+00,8.310e+00,7.461e+00,1.083e+01,9.014e+00,9.385e+00,9.991e+00,8.172e+00,1.091e+01,8.779e+00,9.345e+00,8.616e+00,7.958e+00,7.794e+00,7.263e+00,8.070e+00,1.051e+01,9.924e+00,9.106e+00,8.527e+00,9.490e+00,9.441e+00,9.369e+00,1.081e+01,8.036e+00,9.253e+00,9.008e+00,9.141e+00
9.166e-02,1.571e-01,7.052e-01,1.167e+00,1.974e+00,1.803e+00,2.821e+00,1.537e+00,1.608e+00,2.941e+00,2.843e+00,4.405e+00,3.088e+00,4.647e+00,4.319e+00,3.852e+00,4.161e+00,3.991e+00,5.238e+00,4.324e+00,5.962e+00,5.177e+00,4.741e+00,6.394e+00,5.099e+00,5.638e+00,6.844e+00,8.413e+00,6.802e+00,7.600e+00,7.443e+00,7.781e+00,1.016e+01,8.310e+00,1.044e+01,9.803e+00,9.324e+00,1.013e+01,8.399e+00,1.151e+01,9.558e+00,9.346e+00,9.596e+00,7.697e+00,9.574e+00,1.132e+01,1.095e+01,9.846e+00,8.981e+00,1.099e+01,9.559e+00,1.016e+01,1.027e+01,7.616e+00,1.000e+01,1.048e+01,1.091e+01
3.914e-01,7.954e-01,1.144e+00,1.813e+00,2.246e+00,1.769e+00,2.759e+00,1.256e+00,1.469e+00,2.787e+00,3.379e+00,3.723e+00,3.517e+00,4.173e+00,5.479e+00,4.149e+00,4.771e+00,4.207e+00,5.575e+00,5.808e+00,5.652e+00,4.767e+00,4.976e+00,7.244e+00,5.527e+00,4.827e+00,6.653e+00,8.366e+00,7.521e+00,8.991e+00,8.233e+00,7.802e+00,1.048e+01,8.433e+00,1.036e+01,1.055e+01,9.123e+00,1.001e+01,8.669e+00,1.056e+01,1.018e+01,8.514e+00,9.841e+00,7.064e+00,9.075e+00,1.305e+01,9.722e+00,9.546e+00,1.050e+01,1.100e+01,9.607e+00,9.229e+00,1.023e+01,8.937e+00,1.029e+01,1.042e+01,1.174e+01
3.883e-01,7.678e-01,9.716e-01,1.183e+00,2.054e+00,1.599e+00,2.456e+00,9.216e-01,1.218e+00,3.070e+00,2.385e+00,3.433e+00,2.983e+00,3.163e+00,4.082e+00,3.447e+00,3.717e+00,4.098e+00,5.399e+00,5.022e+00,4.944e+00,4.501e+00,4.014e+00,5.660e+00,5.377e+00,5.067e+00,7.289e+00,7.298e+00,7.040e+00,9.082e+00,8.926e+00,7.941e+00,1.072e+01,9.646e+00,1.054e+01,1.073e+01,9.970e+00,1.260e+01,1.133e+01,1.229e+01,9.711e+00,1.087e+01,1.021e+01,9.594e+00,1.132e+01,1.393e+01,1.235e+01,1.153e+01,1.031e+01,1.234e+01,1.057e+01,1.159e+01,1.123e+01,1.001e+01,1.094e+01,1.045e+01,1.166e+01
1.766e-01,3.675e-01,8.750e-01,1.416e+00,2.132e+00,1.475e+00,2.077e+00,5.123e-01,8.876e-01,1.804e+00,3.078e+00,3.616e+00,3.768e+00,3.773e+00,4.199e+00,4.173e+00,4.613e+00,4.042e+00,5.143e+00,4.905e+00,4.853e+00,4.597e+00,4.248e+00,6.476e+00,6.366e+00,5.058e+00,6.143e+00,8.168e+00,7.811e+00,8.649e+00,7.442e+00,8.038e+00,9.416e+00,8.177e+00,9.706e+00,9.994e+00,7.980e+00,9.557e+00,9.680e+00,1.133e+01,1.009e+01,9.392e+00,9.308e+00,7.545e+00,9.987e+00,1.181e+01,1.076e+01,9.538e+00,1.013e+01,9.864e+00,1.008e+01,9.007e+00,1.102e+01,8.803e+00,1.166e+01,1.016e+01,1.083e+01
3.444e-01,6.227e-01,6.528e-01,1.056e+00,1.316e+00,1.291e+00,1.845e+00,1.195e+00,1.213e+00,2.528e+00,2.658e+00,3.624e+00,2.998e+00,3.629e+00,3.857e+00,3.610e+00,3.218e+00,4.081e+00,4.685e+00,4.872e+00,5.061e+00,4.405e+00,4.317e+00,5.685e+00,4.751e+00,4.877e+00,6.106e+00,7.492e+00,6.585e+00,7.118e+00,6.558e+00,6.497e+00,8.983e+00,7.448e+00,8.493e+00,8.314e+00,8.291e+00,8.652e+00,7.023e+00,1.006e+01,8.803e+00,8.675e+00,9.539e+00,6.471e+00,8.711e+00,9.847e+00,9.885e+00,9.017e+00,9.124e+00,1.013e+01,8.969e+00,8.437e+00,1.067e+01,7.108e+00,8.776e+00,9.522e+00,8.896e+00
4.280e-01,7.246e-01,1.086e+00,1.409e+00,1.675e+00,1.287e+00,2.347e+00,1.347e+00,1.368e+00,2.699e+00,2.653e+00,4.748e+00,3.394e+00,4.552e+00,5.295e+00,4.093e+00,4.838e+00,4.996e+00,5.180e+00,5.345e+00,6.151e+00,5.585e+00,4.274e+00,7.033e+00,5.145e+00,5.273e+00,6.744e+00,7.793e+00,7.136e+00,7.538e+00,7.417e+00,7.169e+00,1.013e+01,8.364e+00,1.112e+01,1.094e+01,8.892e+00,1.072e+01,1.044e+01,1.229e+01,1.134e+01,1.182e+01,1.018e+01,8.753e+00,1.073e+01,1.439e+01,1.190e+01,1.021e+01,1.045e+01,1.209e+01,1.014e+01,1.088e+01,1.223e+01,9.160e+00,1.193e+01,1.218e+01,1.194e+01
5.096e-01,8.971e-01,9.160e-01,1.476e+00,1.677e+00,1.514e+00,2.162e+00,1.604e+00,1.628e+00,3.008e+00,2.991e+00,4.677e+00,3.741e+00,4.574e+00,5.447e+00,4.243e+00,4.588e+00,4.240e+00,4.805e+00,5.406e+00,5.535e+00,5.285e+00,4.319e+00,7.066e+00,5.331e+00,5.552e+00,6.367e+00,7.864e+00,7.436e+00,8.769e+00,7.460e+00,7.845e+00,1.069e+01,8.233e+00,1.058e+01,1.038e+01,9.272e+00,1.108e+01,9.964e+00,1.107e+01,1.045e+01,1.166e+01,1.108e+01,8.275e+00,1.095e+01,1.409e+01,1.221e+01,1.085e+01,1.164e+01,1.205e+01,1.074e+01,1.115e+01,1.277e+01,9.475e+00,1.165e+01,1.190e+01,1.174e+01
1.397e-01,3.652e-01,8.355e-01,1.131e+00,2.223e+00,1.710e+00,2.578e+00,1.090e+00,1.431e+00,2.794e+00,3.119e+00,4.764e+00,3.813e+00,4.379e+00,4.039e+00,3.934e+00,4.389e+00,4.923e+00,5.450e+00,5.367e+00,6.348e+00,4.455e+00,3.854e+00,6.357e+00,5.802e+00,4.952e+00,6.962e+00,7.803e+00,9.124e+00,9.126e+00,7.632e+00,7.872e+00,1.057e+01,9.311e+00,1.137e+01,1.146e+01,9.537e+00,1.177e+01,1.135e+01,1.315e+01,1.110e+01,1.265e+01,1.205e+01,9.079e+00,1.219e+01,1.446e+01,1.298e+01,1.217e+01,1.242e+01,1.402e+01,1.124e+01,1.167e+01,1.319e+01,1.110e+01,1.256e+01,1.380e+01,1.268e+01
8.353e-02,2.015e-01,4.491e-01,8.463e-01,1.488e+00,1.417e+00,2.187e+00,9.738e-01,1.075e+00,2.387e+00,2.263e+00,3.716e+00,3.384e+00,4.214e+00,4.685e+00,3.878e+00,4.229e+00,4.212e+00,5.323e+00,4.922e+00,5.573e+00,4.405e+00,3.749e+00,6.026e+00,5.856e+00,4.919e+00,6.537e+00,8.453e+00,7.689e+00,8.250e+00,8.031e+00,7.589e+00,1.020e+01,8.652e+00,9.858e+00,9.533e+00,8.557e+00,1.030e+01,8.589e+00,1.152e+01,9.718e+00,1.097e+01,9.493e+00,8.404e+00,9.426e+00,1.357e+01,1.207e+01,1.049e+01,1.055e+01,1.185e+01,1.148e+01,1.079e+01,1.227e+01,9.415e+00,1.200e+01,1.086e+01,1.267e+01
5.049e-01,9.213e-01,7.909e-01,1.503e+00,1.514e+00,1.498e+00,1.999e+00,1.122e+00,1.050e+00,2.501e+00,2.289e+00,3.036e+00,2.327e+00,3.200e+00,3.967e+00,2.808e+00,2.885e+00,3.414e+00,3.586e+00,4.390e+00,4.378e+00,4.240e+00,3.208e+00,6.022e+00,4.258e+00,4.431e+00,5.409e+00,6.848e+00,6.329e+00,6.474e+00,7.274e+00,6.546e+00,9.515e+00,8.232e+00,7.911e+00,9.526e+00,9.132e+00,1.081e+01,9.297e+00,1.116e+01,1.002e+01,1.198e+01,1.191e+01,9.026e+00,1.234e+01,1.433e+01,1.288e+01,1.133e+01,1.213e+01,1.392e+01,1.211e+01,1.209e+01,1.274e+01,1.187e+01,1.152e+01,1.414e+01,1.332e+01
3.273e-01,6.206e-01,1.011e+00,1.248e+00,1.630e+00,9.505e-01,1.718e+00,5.772e-01,9.110e-01,1.870e+00,2.467e+00,2.924e+00,2.216e+00,2.305e+00,2.668e+00,2.478e+00,2.977e+00,4.239e+00,3.776e+00,4.459e+00,4.867e+00,4.587e+00,4.004e+00,5.650e+00,4.386e+00,4.771e+00,6.813e+00,7.098e+00,7.431e+00,7.577e+00,8.089e+00,6.901e+00,9.305e+00,7.689e+00,8.872e+00,8.746e+00,7.545e+00,9.808e+00,8.734e+00,1.188e+01,9.248e+00,1.007e+01,1.062e+01,8.575e+00,1.067e+01,1.367e+01,1.350e+01,1.206e+01,9.778e+00,1.427e+01,1.108e+01,1.134e+01,1.227e+01,1.112e+01,1.154e+01,1.307e+01,1.239e+01
2.581e-02,1.939e-01,1.896e-01,4.437e-01,1.219e+00,1.178e+00,1.299e+00,4.211e-01,5.958e-01,1.530e+00,1.474e+00,2.011e+00,2.559e+00,2.174e+00,2.543e+00,2.733e+00,2.533e+00,3.122e+00,3.661e+00,3.872e+00,4.211e+00,2.929e+00,2.496e+00,4.245e+00,4.166e+00,3.197e+00,4.491e+00,5.807e+00,5.746e+00,5.477e+00,5.490e+00,6.021e+00,7.278e+00,6.104e+00,7.691e+00,8.037e+00,7.103e+00,7.943e+00,7.447e+00,9.223e+00,7.341e+00,8.270e+00,8.323e+00,6.629e+00,9.262e+00,1.130e+01,1.122e+01,9.829e+00,9.507e+00,1.024e+01,9.071e+00,9.668e+00,9.115e+00,8.277e+00,9.017e+00,9.767e+00,1.069e+01
3.515e-01,6.266e-01,9.829e-01,1.183e+00,1.573e+00,9.290e-01,1.672e+00,1.148e+00,1.449e+00,2.223e+00,2.111e+00,3.929e+00,3.296e+00,3.228e+00,3.346e+00,3.105e+00,4.179e+00,3.462e+00,4.366e+00,4.842e+00,4.837e+00,4.775e+00,4.200e+00,5.109e+00,4.789e+00,5.370e+00,7.362e+00,7.642e+00,7.861e+00,7.250e+00,9.057e+00,8.174e+00,1.012e+01,8.409e+00,9.477e+00,9.723e+00,9.002e+00,1.013e+01,9.109e+00,1.159e+01,1.060e+01,1.123e+01,1.074e+01,9.473e+00,1.100e+01,1.459e+01,1.335e+01,1.158e+01,1.241e+01,1.292e+01,1.148e+01,1.308e+01,1.211e+01,1.037e+01,1.240e+01,1.230e+01,1.375e+01
9.514e-02,2.701e-01,6.728e-01,1.330e+00,2.277e+00,1.741e+00,2.094e+00,1.047e+00,1.535e+00,2.244e+00,2.634e+00,3.300e+00,3.266e+00,3.074e+00,3.420e+00,3.481e+00,4.138e+00,3.625e+00,5.313e+00,5.111e+00,5.522e+00,4.757e+00,4.838e+00,5.455e+00,5.975e+00,5.744e+00,7.425e+00,8.111e+00,8.038e+00,8.526e+00,8.640e+00,8.201e+00,1.074e+01,8.970e+00,1.066e+01,1.054e+01,9.183e+00,1.141e+01,1.006e+01,1.348e+01,1.199e+01,1.302e+01,1.182e+01,1.045e+01,1.249e+01,1.525e+01,1.518e+01,1.203e+01,1.515e+01,1.520e+01,1.447e+01,1.495e+01,1.511e+01,1.190e+01,1.372e+01,1.617e+01,1.461e+01
1.911e-01,4.176e-01,5.833e-01,1.316e+00,2.192e+00,1.859e+00,2.117e+00,1.170e+00,1.616e+00,2.797e+00,3.155e+00,3.893e+00,4.147e+00,3.788e+00,4.114e+00,4.448e+00,4.576e+00,4.363e+00,6.075e+00,6.053e+00,6.102e+00,5.407e+00,5.230e+00,5.858e+00,5.888e+00,5.089e+00,7.083e+00,8.337e+00,7.470e+00,8.323e+00,8.065e+00,8.389e+00,9.568e+00,8.336e+00,9.389e+00,9.175e+00,8.042e+00,1.017e+01,9.753e+00,1.164e+01,1.138e+01,1.121e+01,9.742e+00,8.603e+00,1.076e+01,1.342e+01,1.354e+01,1.049e+01,1.279e+01,1.290e+01,1.266e+01,1.341e+01,1.438e+01,1.104e+01,1.244e+01,1.396e+01,1.234e+01
1.631e-01,3.951e-01,5.732e-01,8.285e-01,1.368e+00,1.020e+00,1.791e+00,8.809e-01,1.235e+00,2.306e+00,2.018e+00,2.027e+00,2.393e+00,2.288e+00,4.012e+00,2.773e+00,3.723e+00,3.441e+00,4.701e+00,4.705e+00,4.897e+00,4.940e+00,4.255e+00,5.579e+00,4.914e+00,4.815e+00,6.280e+00,8.079e+00,6.570e+00,7.295e+00,8.040e+00,7.607e+00,9.643e+00,7.389e+00,9.255e+00,9.582e+00,8.334e+00,9.675e+00,8.118e+00,1.179e+01,9.510e+00,1.078e+01,9.617e+00,8.742e+00,1.048e+01,1.391e+01,1.303e+01,1.106e+01,1.320e+01,1.295e+01,1.289e+01,1.344e+01,1.438e+01,1.238e+01,1.289e+01,1.275e+01,1.562e+01
3.104e-01,6.333e-01,5.354e-01,1.448e+00,1.731e+00,1.649e+00,1.773e+00,8.893e-01,1.068e+00,2.074e+00,2.559e+00,2.665e+00,2.700e+00,3.016e+00,4.326e+00,3.501e+00,3.885e+00,4.163e+00,5.155e+00,5.413e+00,5.812e+00,4.994e+00,4.862e+00,6.539e+00,5.253e+00,5.062e+00,6.334e+00,8.439e+00,7.723e+00,8.701e+00,8.752e+00,7.755e+00,1.079e+01,8.115e+00,1.061e+01,1.018e+01,8.713e+00,1.039e+01,9.308e+00,1.141e+01,8.947e+00,9.365e+00,1.022e+01,7.987e+00,9.484e+00,1.388e+01,1.297e+01,1.173e+01,1.230e+01,1.276e+01,1.204e+01,1.321e+01,1.394e+01,1.221e+01,1.242e+01,1.250e+01,1.541e+01
5.024e-01,9.610e-01,9.460e-01,1.643e+00,2.257e+00,1.722e+00,2.003e+00,7.613e-01,1.173e+00,2.698e+00,3.354e+00,3.406e+00,3.869e+00,3.344e+00,3.900e+00,4.102e+00,3.807e+00,3.629e+00,5.041e+00,5.412e+00,5.308e+00,5.174e+00,5.008e+00,6.499e+00,5.521e+00,5.806e+00,6.668e+00,8.510e+00,7.728e+00,9.365e+00,8.733e+00,8.834e+00,1.002e+01,9.450e+00,9.472e+00,1.096e+01,8.976e+00,1.065e+01,9.500e+00,1.220e+01,1.100e+01,1.107e+01,1.075e+01,9.169e+00,1.081e+01,1.404e+01,1.406e+01,1.197e+01,1.321e+01,1.305e+01,1.404e+01,1.373e+01,1.509e+01,1.168e+01,1.433e+01,1.289e+01,1.522e+01
2.092e-01,5.118e-01,4.510e-01,1.294e+00,2.246e+00,2.248e+00,2.349e+00,1.271e+00,1.545e+00,2.973e+00,2.666e+00,3.454e+00,3.585e+00,3.625e+00,3.858e+00,3.631e+00,3.897e+00,3.886e+00,6.235e+00,5.948e+00,4.998e+00,4.089e+00,4.603e+00,5.307e+00,5.616e+00,4.834e+00,7.197e+00,8.270e+00,8.438e+00,8.900e+00,9.204e+00,8.831e+00,1.073e+01,8.948e+00,1.039e+01,9.208e+00,8.782e+00,1.190e+01,9.375e+00,1.139e+01,1.018e+01,1.114e+01,1.210e+01,8.482e+00,1.099e+01,1.451e+01,1.560e+01,1.382e+01,1.461e+01,1.516e+01,1.347e+01,1.487e+01,1.522e+01,1.321e+01,1.466e+01,1.481e+01,1.606e+01
9.962e-02,2.298e-01,5.351e-01,4.622e-01,1.137e+00,9.906e-01,1.885e+00,9.710e-01,1.016e+00,2.154e+00,1.317e+00,2.685e+00,2.417e+00,2.954e+00,3.740e+00,2.778e+00,3.622e+00,3.082e+00,4.024e+00,3.869e+00,4.647e+00,3.957e+00,3.514e+00,5.447e+00,4.936e+00,4.702e+00,5.515e+00,6.692e+00,6.102e+00,8.124e+00,7.155e+00,6.351e+00,1.049e+01,7.980e+00,1.045e+01,1.114e+01,9.278e+00,1.117e+01,1.100e+01,1.291e+01,1.003e+01,1.277e+01,1.106e+01,1.066e+01,1.117e+01,1.584e+01,1.482e+01,1.275e+01,1.400e+01,1.422e+01,1.421e+01,1.569e+01,1.516e+01,1.196e+01,1.392e+01,1.475e+01,1.670e+01
5.381e-01,9.831e-01,9.201e-01,1.676e+00,1.904e+00,1.789e+00,2.235e+00,1.600e+00,1.658e+00,3.075e+00,2.940e+00,4.468e+00,3.894e+00,4.341e+00,4.868e+00,4.432e+00,4.525e+00,4.998e+00,5.799e+00,6.363e+00,6.213e+00,4.878e+00,4.945e+00,5.819e+00,5.618e+00,5.974e+00,7.201e+00,9.186e+00,8.454e+00,9.592e+00,9.645e+00,8.138e+00,1.241e+01,9.787e+00,1.103e+01,9.963e+00,1.002e+01,1.188e+01,1.029e+01,1.332e+01,1.157e+01,1.265e+01,1.356e+01,9.970e+00,1.235e+01,1.607e+01,1.523e+01,1.253e+01,1.565e+01,1.546e+01,1.529e+01,1.654e+01,1.623e+01,1.342e+01,1.592e+01,1.590e+01,1.659e+01
1.856e-01,3.099e-01,6.629e-01,7.514e-01,1.269e+00,1.005e+00,1.553e+00,4.189e-01,4.313e-01,1.398e+00,1.344e+00,2.178e+00,1.512e+00,2.091e+00,2.966e+00,2.530e+00,2.950e+00,3.260e+00,3.937e+00,3.533e+00,4.342e+00,4.245e+00,3.910e+00,5.354e+00,4.794e+00,5.163e+00,7.856e+00,6.817e+00,7.311e+00,8.294e+00,8.120e+00,8.062e+00,1.024e+01,8.189e+00,9.405e+00,9.525e+00,9.197e+00,1.035e+01,9.884e+00,1.189e+01,9.451e+00,1.093e+01,1.084e+01,9.112e+00,1.201e+01,1.538e+01,1.350e+01,1.311e+01,1.206e+01,1.363e+01,1.290e+01,1.470e+01,1.327e+01,1.184e+01,1.440e+01,1.411e+01,1.788e+01
