7.023e-01,1.957e-01,4.659e-01,7.589e-01,5.207e-01,3.903e-01,9.611e-01,6.631e-01,4.151e-01,8.934e-01,9.477e-01,2.430e-01,1.093e-02,5.106e-01,4.001e-01,9.400e-01,5.512e-01,3.487e-01,9.924e-01,6.024e-01,4.125e-01,9.260e-01,4.565e-01,2.275e-02,6.993e-01,2.194e-01,2.182e-01,3.469e-01,9.182e-01,6.228e-01,7.394e-01,1.002e-01,4.078e-01,7.368e-03,1.868e-02,4.927e-01,3.237e-01,1.741e-01,7.942e-02,5.914e-01,5.837e-01,2.576e-01,5.467e-02,9.514e-02,5.869e-01,9.859e-01,2.147e-01,9.334e-01,6.703e-01,8.070e-01,1.666e-01,6.658e-02,6.928e-01,1.111e-01,4.511e-01
6.603e-01,5.512e-01,9.750e-01,7.948e-01,9.435e-01,1.224e+00,1.273e+00,1.324e+00,4.412e-01,9.369e-01,1.225e+00,5.062e-01,7.752e-01,1.092e+00,9.963e-01,1.078e+00,1.424e+00,5.593e-01,1.503e+00,1.268e+00,7.170e-01,1.436e+00,1.221e+00,8.377e-01,7.623e-01,1.170e+00,1.091e+00,8.278e-01,1.095e+00,1.044e+00,7.064e-01,1.722e-01,7.830e-01,7.746e-01,9.600e-01,1.340e+00,3.796e-01,6.067e-01,5.715e-01,6.895e-01,1.032e+00,4.204e-01,8.586e-01,5.948e-01,5.713e-01,1.903e+00,6.600e-01,1.214e+00,1.127e+00,1.360e+00,7.326e-01,8.842e-01,1.501e+00,7.660e-01,1.307e+00
5.849e-01,2.063e-01,1.432e+00,9.267e-01,1.251e+00,4.995e-01,1.203e+00,1.359e+00,1.112e+00,8.152e-01,1.664e+00,6.201e-01,2.443e-01,1.388e+00,8.135e-01,1.611e+00,1.081e+00,3.585e-01,1.486e+00,1.328e+00,1.193e+00,1.552e+00,5.388e-01,8.645e-01,7.861e-01,1.098e+00,4.944e-01,7.950e-01,1.113e+00,9.368e-01,1.226e+00,4.008e-01,5.652e-01,4.759e-01,2.389e-01,8.574e-01,9.424e-01,9.892e-01,7.369e-01,1.192e+00,8.190e-01,6.717e-01,1.574e-01,6.007e-01,1.270e+00,1.747e+00,1.163e+00,9.476e-01,9.366e-01,1.106e+00,9.133e-01,8.338e-01,9.610e-01,7.577e-01,9.716e-01
5.586e-01,1.931e-01,4.955e-01,1.013e+00,1.275e+00,4.294e-01,8.829e-01,8.324e-01,9.483e-01,8.026e-01,1.017e+00,1.102e+00,9.402e-01,1.126e+00,1.102e+00,9.216e-01,7.138e-01,1.100e+00,1.513e+00,1.541e+00,6.041e-01,1.542e+00,1.017e+00,1.090e+00,1.536e+00,1.012e+00,3.244e-01,4.255e-01,1.031e+00,1.199e+00,1.128e+00,2.745e-01,8.378e-01,2.636e-01,1.874e-01,1.030e+00,4.330e-01,1.138e+00,9.420e-01,1.189e+00,6.788e-01,2.604e-01,1.024e+00,1.070e+00,8.848e-01,1.886e+00,9.813e-01,9.994e-01,1.548e+00,1.051e+00,5.653e-01,6.207e-01,8.379e-01,4.269e-01,1.142e+00
3.250e-02,2.375e-01,1.075e+00,4.355e-01,1.634e+00,1.461e+00,7.719e-01,1.386e+00,8.809e-01,3.674e-01,1.860e+00,9.088e-01,1.486e+00,2.117e+00,1.856e+00,1.257e+00,1.533e+00,1.443e+00,1.454e+00,2.218e+00,1.465e+00,1.284e+00,1.239e+00,1.555e+00,7.457e-01,1.946e+00,1.439e+00,7.612e-01,6.106e-01,1.301e+00,1.287e+00,6.939e-01,1.060e+00,1.492e+00,1.383e+00,1.721e+00,1.552e+00,1.323e+00,1.956e+00,1.798e+00,6.855e-01,1.111e+00,9.984e-01,1.729e+00,1.356e+00,2.170e+00,1.574e+00,1.182e+00,1.132e+00,1.575e+00,1.416e+00,1.504e+00,1.440e+00,1.235e+00,1.369e+00
5.866e-01,3.853e-01,1.575e+00,1.048e+00,1.819e+00,2.241e+00,2.353e+00,2.143e+00,1.314e+00,1.604e+00,2.314e+00,1.800e+00,1.915e+00,3.031e+00,1.715e+00,2.658e+00,1.959e+00,1.672e+00,3.034e+00,2.536e+00,2.555e+00,2.362e+00,2.263e+00,2.422e+00,1.348e+00,2.210e+00,1.959e+00,2.019e+00,2.265e+00,2.385e+00,1.714e+00,1.398e+00,1.594e+00,1.513e+00,1.310e+00,2.467e+00,2.259e+00,2.301e+00,2.388e+00,2.046e+00,1.976e+00,1.677e+00,9.290e-01,1.421e+00,1.991e+00,3.626e+00,2.510e+00,2.089e+00,1.668e+00,1.858e+00,1.595e+00,2.259e+00,1.910e+00,1.965e+00,1.806e+00
4.603e-02,3.056e-01,5.239e-01,3.718e-01,1.303e+00,1.779e+00,1.113e+00,1.658e+00,9.715e-01,9.252e-01,2.129e+00,1.709e+00,2.246e+00,2.622e+00,1.747e+00,1.434e+00,2.227e+00,2.636e+00,2.362e+00,2.532e+00,2.191e+00,2.162e+00,2.511e+00,1.783e+00,1.210e+00,1.895e+00,1.656e+00,1.853e+00,1.636e+00,1.650e+00,1.313e+00,1.512e+00,2.070e+00,1.883e+00,1.925e+00,2.585e+00,1.797e+00,2.139e+00,2.335e+00,1.776e+00,1.143e+00,1.714e+00,1.970e+00,1.773e+00,1.473e+00,2.772e+00,1.976e+00,1.475e+00,2.051e+00,1.879e+00,2.036e+00,2.315e+00,2.377e+00,1.662e+00,1.503e+00
1.437e-01,2.593e-01,8.954e-01,5.288e-01,1.353e+00,1.115e+00,8.055e-01,1.868e+00,1.527e+00,8.999e-01,1.681e+00,1.850e+00,1.986e+00,2.293e+00,1.514e+00,1.938e+00,2.033e+00,1.412e+00,2.358e+00,2.575e+00,1.243e+00,1.532e+00,1.527e+00,1.554e+00,1.698e+00,2.112e+00,1.834e+00,9.441e-01,1.432e+00,1.825e+00,1.311e+00,6.217e-01,1.372e+00,1.433e+00,1.937e+00,2.223e+00,1.249e+00,1.750e+00,2.328e+00,1.948e+00,8.514e-01,1.167e+00,1.646e+00,1.791e+00,1.817e+00,2.300e+00,2.385e+00,1.916e+00,2.148e+00,2.156e+00,1.244e+00,1.697e+00,1.474e+00,1.203e+00,2.015e+00
4.572e-01,4.165e-01,1.452e+00,9.788e-01,2.091e+00,2.207e+00,1.951e+00,2.685e+00,2.277e+00,1.903e+00,3.322e+00,2.467e+00,3.058e+00,4.451e+00,2.363e+00,3.346e+00,3.279e+00,3.068e+00,4.111e+00,3.740e+00,3.073e+00,3.321e+00,3.254e+00,3.067e+00,2.941e+00,3.190e+00,2.732e+00,2.546e+00,3.055e+00,2.635e+00,2.794e+00,1.960e+00,2.677e+00,2.444e+00,2.697e+00,3.418e+00,2.633e+00,2.983e+00,3.583e+00,3.316e+00,2.667e+00,3.095e+00,2.728e+00,3.253e+00,3.495e+00,3.992e+00,3.662e+00,2.845e+00,3.364e+00,3.251e+00,2.978e+00,3.389e+00,3.166e+00,2.839e+00,3.286e+00
9.728e-02,5.447e-02,7.220e-01,6.626e-01,1.749e+00,1.466e+00,1.243e+00,1.866e+00,2.130e+00,1.573e+00,3.339e+00,2.889e+00,3.135e+00,4.836e+00,2.225e+00,3.036e+00,2.531e+00,3.767e+00,4.341e+00,3.883e+00,3.027e+00,2.881e+00,3.465e+00,2.864e+00,2.970e+00,2.775e+00,2.439e+00,2.915e+00,2.757e+00,2.467e+00,3.314e+00,2.580e+00,3.220e+00,2.537e+00,2.252e+00,3.644e+00,3.428e+00,3.829e+00,3.635e+00,4.045e+00,2.941e+00,3.199e+00,3.291e+00,3.611e+00,4.010e+00,3.980e+00,3.517e+00,3.114e+00,3.076e+00,3.281e+00,2.691e+00,3.367e+00,2.503e+00,3.191e+00,3.434e+00
3.154e-01,1.224e-01,9.963e-01,8.593e-01,1.840e+00,1.371e+00,1.441e+00,2.523e+00,2.364e+00,1.745e+00,4.470e+00,3.461e+00,3.516e+00,4.586e+00,2.214e+00,3.760e+00,3.281e+00,4.025e+00,4.411e+00,4.172e+00,3.314e+00,3.059e+00,3.454e+00,2.135e+00,3.385e+00,3.087e+00,2.435e+00,3.227e+00,3.762e+00,3.151e+00,3.642e+00,2.312e+00,3.379e+00,2.861e+00,2.804e+00,4.180e+00,3.866e+00,4.285e+00,3.905e+00,4.060e+00,2.782e+00,2.840e+00,3.459e+00,2.790e+00,3.987e+00,4.634e+00,4.011e+00,3.793e+00,3.896e+00,4.333e+00,2.788e+00,3.466e+00,3.239e+00,2.664e+00,3.517e+00
1.823e-01,1.270e-01,1.009e+00,4.432e-01,1.230e+00,1.787e+00,1.540e+00,1.983e+00,1.733e+00,1.613e+00,2.880e+00,2.450e+00,3.210e+00,4.709e+00,2.277e+00,4.157e+00,3.123e+00,3.094e+00,3.630e+00,3.856e+00,3.613e+00,2.357e+00,3.572e+00,2.896e+00,2.451e+00,2.742e+00,2.796e+00,3.228e+00,3.204e+00,2.652e+00,2.769e+00,2.317e+00,3.130e+00,3.188e+00,2.863e+00,3.102e+00,3.681e+00,3.277e+00,3.941e+00,3.467e+00,2.673e+00,3.174e+00,2.491e+00,2.547e+00,4.089e+00,3.945e+00,4.046e+00,3.905e+00,3.066e+00,3.538e+00,2.782e+00,3.789e+00,2.636e+00,3.056e+00,2.884e+00
6.726e-01,3.758e-01,9.530e-01,1.046e+00,1.402e+00,1.469e+00,1.892e+00,2.603e+00,2.122e+00,2.165e+00,3.666e+00,3.300e+00,4.261e+00,4.577e+00,2.868e+00,5.039e+00,3.773e+00,4.534e+00,5.148e+00,4.541e+00,3.712e+00,3.965e+00,4.580e+00,3.069e+00,4.303e+00,3.235e+00,2.700e+00,4.292e+00,4.634e+00,3.287e+00,3.146e+00,2.877e+00,3.883e+00,2.888e+00,3.256e+00,4.006e+00,4.094e+00,4.043e+00,4.458e+00,4.004e+00,3.852e+00,2.608e+00,3.527e+00,2.363e+00,4.396e+00,5.494e+00,4.327e+00,4.078e+00,4.834e+00,4.915e+00,3.553e+00,4.420e+00,3.594e+00,2.833e+00,4.251e+00
1.658e-01,2.743e-01,1.064e+00,6.301e-01,1.335e+00,1.058e+00,1.144e+00,2.034e+00,1.861e+00,1.205e+00,1.971e+00,2.262e+00,2.531e+00,3.450e+00,2.208e+00,3.303e+00,2.714e+00,2.231e+00,3.783e+00,2.952e+00,2.764e+00,3.504e+00,2.564e+00,3.374e+00,3.242e+00,2.681e+00,2.383e+00,3.186e+00,3.126e+00,2.210e+00,2.562e+00,2.418e+00,2.873e+00,2.328e+00,2.942e+00,2.844e+00,1.914e+00,3.308e+00,3.100e+00,2.758e+00,2.604e+00,2.155e+00,2.365e+00,2.437e+00,2.974e+00,3.134e+00,3.883e+00,2.243e+00,3.539e+00,2.600e+00,2.782e+00,3.010e+00,2.595e+00,2.976e+00,2.954e+00
6.331e-01,3.023e-01,8.264e-01,8.171e-01,1.139e+00,2.060e+00,2.122e+00,2.074e+00,1.348e+00,2.003e+00,2.359e+00,2.168e+00,3.123e+00,3.626e+00,3.333e+00,4.392e+00,3.483e+00,3.384e+00,4.496e+00,3.965e+00,3.475e+00,3.291e+00,3.435e+00,3.359e+00,3.028e+00,3.281e+00,2.763e+00,3.871e+00,3.639e+00,3.589e+00,2.256e+00,3.076e+00,2.794e+00,2.088e+00,3.395e+00,3.797e+00,4.233e+00,3.003e+00,4.454e+00,3.748e+00,3.168e+00,2.772e+00,2.468e+00,2.074e+00,4.105e+00,4.315e+00,3.540e+00,3.508e+00,3.506e+00,3.869e+00,2.604e+00,3.234e+00,3.338e+00,3.097e+00,3.439e+00
4.034e-01,2.636e-01,1.206e+00,6.828e-01,1.138e+00,9.003e-01,1.151e+00,1.573e+00,1.278e+00,1.045e+00,2.766e+00,1.710e+00,2.338e+00,3.343e+00,2.598e+00,4.403e+00,3.480e+00,3.422e+00,3.751e+00,4.320e+00,3.686e+00,3.322e+00,3.096e+00,2.886e+00,2.926e+00,3.525e+00,2.216e+00,4.103e+00,4.039e+00,3.519e+00,3.218e+00,2.790e+00,3.405e+00,3.002e+00,3.907e+00,3.009e+00,3.684e+00,4.213e+00,3.461e+00,3.911e+00,3.146e+00,3.430e+00,3.905e+00,2.674e+00,4.043e+00,3.772e+00,3.451e+00,3.921e+00,4.295e+00,4.556e+00,3.372e+00,3.145e+00,3.913e+00,3.248e+00,3.749e+00
9.500e-02,1.076e-01,8.457e-01,3.762e-01,1.194e+00,1.637e+00,1.365e+00,1.672e+00,1.490e+00,1.417e+00,3.699e+00,2.371e+00,3.779e+00,4.923e+00,3.613e+00,5.439e+00,4.758e+00,5.809e+00,5.806e+00,5.452e+00,5.171e+00,4.361e+00,4.516e+00,4.437e+00,4.660e+00,5.066e+00,4.188e+00,6.398e+00,5.281e+00,4.589e+00,4.835e+00,5.762e+00,4.940e+00,3.440e+00,5.654e+00,4.955e+00,6.228e+00,5.791e+00,5.724e+00,5.894e+00,5.567e+00,4.909e+00,5.152e+00,4.590e+00,6.236e+00,5.635e+00,5.163e+00,4.771e+00,4.921e+00,6.189e+00,5.546e+00,4.600e+00,5.401e+00,5.572e+00,5.422e+00
4.465e-01,2.827e-01,6.445e-01,7.885e-01,1.335e+00,1.437e+00,1.447e+00,2.249e+00,2.123e+00,2.001e+00,3.308e+00,3.074e+00,3.938e+00,5.272e+00,3.701e+00,5.650e+00,5.297e+00,6.055e+00,6.074e+00,6.610e+00,5.618e+00,5.331e+00,5.153e+00,5.250e+00,5.371e+00,4.734e+00,4.639e+00,6.647e+00,5.568e+00,4.636e+00,4.805e+00,4.953e+00,6.419e+00,4.430e+00,6.677e+00,5.496e+00,5.578e+00,6.112e+00,6.239e+00,5.745e+00,5.032e+00,4.800e+00,6.473e+00,4.562e+00,6.562e+00,5.925e+00,5.729e+00,6.138e+00,6.973e+00,6.446e+00,5.927e+00,4.675e+00,6.173e+00,5.406e+00,5.930e+00
6.929e-01,2.877e-01,9.794e-01,9.761e-01,1.200e+00,7.906e-01,1.251e+00,1.590e+00,1.266e+00,1.325e+00,2.749e+00,1.853e+00,2.311e+00,3.204e+00,2.869e+00,4.031e+00,3.214e+00,3.147e+00,4.292e+00,4.302e+00,4.331e+00,4.285e+00,2.920e+00,3.311e+00,4.211e+00,3.667e+00,2.728e+00,4.186e+00,3.904e+00,3.615e+00,3.488e+00,3.165e+00,3.833e+00,3.611e+00,4.485e+00,3.677e+00,3.990e+00,3.935e+00,3.683e+00,3.956e+00,3.445e+00,2.985e+00,3.946e+00,2.864e+00,4.911e+00,4.485e+00,3.471e+00,4.496e+00,4.464e+00,5.299e+00,3.359e+00,3.631e+00,3.783e+00,3.216e+00,4.259e+00
4.575e-01,4.859e-01,1.717e+00,1.201e+00,2.308e+00,1.941e+00,2.056e+00,2.729e+00,2.132e+00,1.644e+00,3.402e+00,3.143e+00,3.886e+00,4.730e+00,3.907e+00,4.488e+00,5.222e+00,4.385e+00,5.529e+00,6.682e+00,5.802e+00,5.846e+00,5.064e+00,5.443e+00,5.119e+00,6.156e+00,4.054e+00,6.095e+00,5.511e+00,5.743e+00,4.522e+00,5.126e+00,5.017e+00,4.621e+00,6.422e+00,6.017e+00,5.731e+00,6.258e+00,5.960e+00,5.101e+00,4.877e+00,4.204e+00,5.927e+00,4.883e+00,5.958e+00,6.925e+00,5.715e+00,5.488e+00,5.633e+00,6.007e+00,5.692e+00,5.562e+00,6.247e+00,4.983e+00,5.545e+00
6.779e-01,2.268e-01,1.287e+00,1.227e+00,1.803e+00,9.316e-01,1.667e+00,2.474e+00,2.519e+00,1.952e+00,3.617e+00,2.760e+00,3.093e+00,4.533e+00,2.872e+00,5.217e+00,4.560e+00,5.105e+00,5.908e+00,5.850e+00,5.184e+00,6.265e+00,4.381e+00,4.061e+00,5.492e+00,4.713e+00,3.575e+00,5.540e+00,5.115e+00,4.530e+00,4.745e+00,4.845e+00,5.595e+00,3.877e+00,5.299e+00,4.860e+00,5.262e+00,5.218e+00,5.259e+00,5.499e+00,5.222e+00,4.604e+00,5.212e+00,4.780e+00,6.584e+00,6.349e+00,5.821e+00,4.888e+00,5.765e+00,6.785e+00,6.387e+00,5.173e+00,5.098e+00,4.854e+00,5.533e+00
2.377e-02,1.241e-01,8.072e-01,4.612e-01,1.115e+00,1.048e+00,1.124e+00,1.788e+00,1.959e+00,1.350e+00,2.166e+00,2.797e+00,3.720e+00,4.648e+00,3.013e+00,5.471e+00,4.022e+00,5.051e+00,5.645e+00,6.260e+00,5.814e+00,6.472e+00,5.228e+00,6.801e+00,6.399e+00,5.818e+00,5.148e+00,7.011e+00,6.322e+00,5.389e+00,5.106e+00,6.458e+00,6.915e+00,5.262e+00,7.853e+00,6.205e+00,6.756e+00,6.625e+00,7.314e+00,5.738e+00,6.710e+00,5.354e+00,7.099e+00,5.831e+00,7.277e+00,6.807e+00,7.047e+00,6.240e+00,6.896e+00,6.291e+00,7.163e+00,6.006e+00,6.304e+00,5.789e+00,6.769e+00
3.282e-01,4.454e-01,1.297e+00,6.814e-01,1.387e+00,1.455e+00,1.445e+00,2.398e+00,1.980e+00,1.660e+00,4.104e+00,2.895e+00,4.192e+00,5.621e+00,3.804e+00,5.497e+00,5.760e+00,5.409e+00,6.106e+00,6.711e+00,6.804e+00,6.831e+00,6.599e+00,6.398e+00,7.116e+00,6.619e+00,4.970e+00,8.292e+00,6.954e+00,6.162e+00,6.006e+00,6.526e+00,7.371e+00,7.237e+00,9.113e+00,7.421e+00,6.798e+00,7.282e+00,6.979e+00,6.168e+00,7.466e+00,6.074e+00,8.193e+00,6.617e+00,8.396e+00,8.083e+00,7.129e+00,6.807e+00,7.271e+00,8.412e+00,8.203e+00,7.351e+00,8.384e+00,7.367e+00,7.757e+00
1.025e-01,3.843e-01,1.323e+00,4.965e-01,1.387e+00,1.219e+00,9.072e-01,1.984e+00,1.623e+00,1.032e+00,2.794e+00,2.221e+00,2.882e+00,3.947e+00,2.561e+00,3.995e+00,3.738e+00,3.845e+00,5.346e+00,5.331e+00,4.499e+00,5.145e+00,4.201e+00,5.003e+00,5.992e+00,6.046e+00,4.771e+00,5.915e+00,4.407e+00,5.652e+00,4.771e+00,4.830e+00,5.620e+00,5.664e+00,6.971e+00,6.137e+00,5.437e+00,5.763e+00,5.232e+00,5.950e+00,6.103e+00,5.378e+00,7.247e+00,6.020e+00,6.949e+00,7.034e+00,5.534e+00,5.574e+00,6.064e+00,7.899e+00,6.594e+00,5.715e+00,5.789e+00,5.672e+00,7.053e+00
4.941e-01,3.401e-01,9.674e-01,7.576e-01,1.147e+00,1.273e+00,1.376e+00,1.632e+00,1.418e+00,1.432e+00,2.561e+00,1.781e+00,2.463e+00,3.507e+00,2.541e+00,3.680e+00,3.869e+00,3.213e+00,4.375e+00,4.113e+00,4.894e+00,5.538e+00,3.988e+00,5.760e+00,7.120e+00,5.963e+00,5.476e+00,6.178e+00,6.276e+00,5.928e+00,5.178e+00,5.829e+00,6.237e+00,5.928e+00,7.608e+00,6.478e+00,5.758e+00,5.964e+00,6.169e+00,5.308e+00,6.157e+00,4.983e+00,7.241e+00,5.980e+00,7.700e+00,7.375e+00,6.263e+00,5.875e+00,6.634e+00,6.811e+00,7.170e+00,5.369e+00,7.118e+00,6.871e+00,6.761e+00
5.904e-01,4.960e-01,1.145e+00,9.761e-01,1.795e+00,2.000e+00,1.768e+00,2.549e+00,1.675e+00,1.694e+00,2.978e+00,2.174e+00,3.278e+00,3.883e+00,3.531e+00,4.613e+00,4.086e+00,4.770e+00,5.651e+00,5.794e+00,5.517e+00,6.921e+00,5.015e+00,5.887e+00,7.012e+00,7.153e+00,6.396e+00,6.804e+00,6.897e+00,6.509e+00,5.379e+00,7.069e+00,7.077e+00,6.647e+00,8.523e+00,7.742e+00,7.005e+00,5.751e+00,7.510e+00,6.238e+00,6.490e+00,5.576e+00,7.840e+00,6.426e+00,8.626e+00,8.659e+00,6.866e+00,5.978e+00,7.572e+00,8.344e+00,8.600e+00,6.541e+00,7.488e+00,6.893e+00,7.943e+00
8.903e-02,1.212e-01,3.814e-01,4.796e-01,1.417e+00,1.371e+00,8.756e-01,1.791e+00,1.716e+00,1.331e+00,3.670e+00,3.103e+00,4.548e+00,5.240e+00,3.938e+00,5.130e+00,4.643e+00,5.509e+00,5.347e+00,6.059e+00,5.468e+00,5.469e+00,5.714e+00,5.301e+00,7.180e+00,6.620e+00,6.005e+00,7.678e+00,7.803e+00,6.387e+00,7.230e+00,8.165e+00,7.677e+00,7.563e+00,8.676e+00,7.319e+00,7.403e+00,7.624e+00,8.201e+00,7.542e+00,6.231e+00,5.623e+00,8.194e+00,6.637e+00,9.168e+00,9.138e+00,8.023e+00,7.017e+00,7.545e+00,8.595e+00,7.672e+00,7.453e+00,7.760e+00,7.531e+00,7.928e+00
9.802e-02,1.075e-01,7.631e-01,2.990e-01,8.874e-01,9.587e-01,9.203e-01,1.856e+00,1.498e+00,1.111e+00,2.928e+00,2.206e+00,3.089e+00,3.959e+00,2.905e+00,4.783e+00,3.900e+00,4.437e+00,4.486e+00,5.180e+00,5.432e+00,5.070e+00,4.531e+00,4.860e+00,5.909e+00,5.539e+00,5.040e+00,7.562e+00,7.073e+00,6.418e+00,5.717e+00,6.918e+00,6.960e+00,7.325e+00,8.276e+00,6.194e+00,6.993e+00,7.426e+00,7.638e+00,6.363e+00,5.637e+00,5.956e+00,7.131e+00,5.549e+00,8.233e+00,7.669e+00,6.736e+00,6.060e+00,7.168e+00,7.597e+00,7.657e+00,6.845e+00,7.606e+00,7.129e+00,6.848e+00
2.251e-01,1.570e-01,8.046e-01,7.901e-01,1.546e+00,1.540e+00,1.699e+00,1.996e+00,1.896e+00,1.588e+00,2.940e+00,3.146e+00,3.705e+00,4.006e+00,2.707e+00,4.434e+00,4.066e+00,4.840e+00,5.175e+00,5.515e+00,4.856e+00,5.026e+00,5.017e+00,5.025e+00,5.984e+00,6.626e+00,4.862e+00,7.268e+00,8.126e+00,7.102e+00,6.656e+00,7.390e+00,6.679e+00,5.855e+00,7.404e+00,7.519e+00,6.787e+00,7.280e+00,7.635e+00,6.534e+00,6.763e+00,6.672e+00,8.168e+00,6.140e+00,8.085e+00,8.647e+00,7.728e+00,5.541e+00,7.497e+00,7.239e+00,7.666e+00,6.483e+00,8.089e+00,6.881e+00,7.270e+00
3.773e-01,1.631e-01,1.244e+00,9.757e-01,2.074e+00,1.874e+00,1.884e+00,2.459e+00,2.248e+00,1.909e+00,4.279e+00,3.479e+00,4.467e+00,6.121e+00,4.715e+00,6.087e+00,4.872e+00,6.172e+00,6.568e+00,7.370e+00,7.023e+00,6.879e+00,5.958e+00,7.251e+00,7.376e+00,7.735e+00,6.544e+00,8.638e+00,8.407e+00,8.441e+00,7.651e+00,9.023e+00,9.405e+00,9.179e+00,9.357e+00,9.617e+00,1.026e+01,9.369e+00,1.057e+01,9.147e+00,8.230e+00,7.758e+00,1.013e+01,8.277e+00,1.110e+01,1.131e+01,8.536e+00,8.968e+00,9.847e+00,9.756e+00,9.035e+00,8.491e+00,9.113e+00,8.811e+00,9.903e+00
4.153e-01,2.307e-01,8.998e-01,9.316e-01,1.716e+00,1.747e+00,1.860e+00,2.376e+00,2.245e+00,1.983e+00,3.308e+00,3.220e+00,4.387e+00,5.206e+00,3.812e+00,5.180e+00,4.528e+00,5.436e+00,5.747e+00,6.636e+00,6.619e+00,6.997e+00,6.169e+00,6.515e+00,7.008e+00,6.825e+00,5.033e+00,7.781e+00,7.696e+00,7.068e+00,7.254e+00,7.917e+00,8.024e+00,8.249e+00,9.450e+00,8.418e+00,8.004e+00,7.583e+00,9.527e+00,7.818e+00,8.373e+00,7.623e+00,8.636e+00,7.089e+00,1.024e+01,1.002e+01,8.884e+00,6.777e+00,8.652e+00,9.116e+00,9.504e+00,9.116e+00,8.499e+00,7.860e+00,8.428e+00
1.293e-01,3.130e-01,5.360e-01,3.896e-01,1.220e+00,2.119e+00,1.448e+00,2.064e+00,1.431e+00,1.671e+00,3.333e+00,2.917e+00,4.386e+00,4.943e+00,3.796e+00,4.791e+00,4.834e+00,5.942e+00,6.287e+00,6.887e+00,5.903e+00,5.502e+00,5.894e+00,5.424e+00,6.565e+00,7.042e+00,6.174e+00,8.233e+00,7.590e+00,7.751e+00,7.329e+00,9.030e+00,8.981e+00,8.707e+00,1.012e+01,9.025e+00,9.074e+00,9.390e+00,9.745e+00,9.600e+00,8.481e+00,8.274e+00,1.030e+01,7.712e+00,1.011e+01,1.066e+01,7.993e+00,7.960e+00,9.428e+00,1.054e+01,9.625e+00,8.503e+00,9.038e+00,8.789e+00,9.092e+00
2.900e-01,2.558e-01,6.025e-01,7.032e-01,1.163e+00,1.470e+00,1.642e+00,1.861e+00,1.730e+00,1.720e+00,2.576e+00,2.858e+00,3.754e+00,4.062e+00,2.512e+00,4.111e+00,3.396e+00,4.606e+00,4.911e+00,4.526e+00,4.183e+00,4.483e+00,5.122e+00,4.870e+00,5.184e+00,4.937e+00,3.757e+00,5.813e+00,6.253e+00,5.253e+00,5.022e+00,6.101e+00,6.695e+00,5.970e+00,6.850e+00,7.316e+00,5.870e+00,6.539e+00,7.926e+00,6.215e+00,6.829e+00,5.454e+00,7.086e+00,5.402e+00,7.524e+00,8.613e+00,6.379e+00,4.738e+00,6.913e+00,7.391e+00,7.056e+00,6.933e+00,6.633e+00,6.098e+00,7.577e+00
6.110e-01,3.082e-01,1.084e+00,1.144e+00,1.897e+00,1.592e+00,1.709e+00,1.872e+00,1.771e+00,1.633e+00,2.925e+00,2.238e+00,2.842e+00,4.071e+00,3.178e+00,3.815e+00,4.053e+00,3.758e+00,4.414e+00,4.683e+00,4.471e+00,4.785e+00,4.132e+00,5.316e+00,6.296e+00,5.733e+00,5.115e+00,6.571e+00,6.975e+00,6.330e+00,7.380e+00,7.270e+00,7.673e+00,8.146e+00,8.932e+00,8.141e+00,6.644e+00,8.718e+00,9.003e+00,8.766e+00,7.714e+00,7.220e+00,8.447e+00,7.056e+00,9.828e+00,1.013e+01,8.974e+00,6.927e+00,8.370e+00,9.138e+00,8.635e+00,7.445e+00,9.385e+00,9.019e+00,8.127e+00
2.866e-01,3.097e-01,1.393e+00,9.645e-01,2.045e+00,1.582e+00,1.657e+00,2.188e+00,2.123e+00,1.514e+00,3.785e+00,3.080e+00,4.642e+00,5.750e+00,4.190e+00,5.633e+00,4.384e+00,5.692e+00,5.921e+00,6.499e+00,6.269e+00,6.615e+00,5.986e+00,6.519e+00,6.700e+00,6.853e+00,4.873e+00,8.342e+00,7.761e+00,6.625e+00,7.847e+00,8.431e+00,8.275e+00,8.950e+00,9.588e+00,8.941e+00,8.528e+00,1.016e+01,9.901e+00,9.823e+00,9.600e+00,8.198e+00,9.943e+00,8.093e+00,1.032e+01,1.111e+01,9.983e+00,7.202e+00,9.973e+00,1.058e+01,9.599e+00,1.014e+01,9.065e+00,9.254e+00,1.010e+01
2.065e-01,9.426e-02,2.663e-01,6.175e-01,1.114e+00,1.400e+00,1.492e+00,1.491e+00,1.416e+00,1.590e+00,3.181e+00,3.251e+00,4.405e+00,4.749e+00,3.010e+00,4.812e+00,3.941e+00,6.191e+00,5.309e+00,5.821e+00,5.919e+00,5.395e+00,6.118e+00,6.268e+00,7.558e+00,6.183e+00,6.093e+00,8.939e+00,8.369e+00,7.706e+00,7.572e+00,9.044e+00,9.730e+00,9.574e+00,1.055e+01,1.096e+01,1.020e+01,1.265e+01,1.214e+01,1.119e+01,1.155e+01,8.513e+00,1.154e+01,8.876e+00,1.183e+01,1.292e+01,1.104e+01,9.513e+00,1.147e+01,1.139e+01,1.176e+01,1.019e+01,1.078e+01,1.088e+01,9.962e+00
4.556e-01,3.497e-01,1.587e+00,8.495e-01,1.536e+00,1.627e+00,1.846e+00,2.603e+00,1.961e+00,1.748e+00,3.484e+00,2.908e+00,3.799e+00,4.999e+00,3.324e+00,6.363e+00,4.571e+00,4.673e+00,6.333e+00,6.292e+00,6.061e+00,6.265e+00,5.562e+00,6.060e+00,7.557e+00,7.025e+00,6.392e+00,8.127e+00,8.906e+00,8.413e+00,7.882e+00,9.107e+00,9.654e+00,1.041e+01,1.102e+01,1.009e+01,9.340e+00,1.151e+01,1.128e+01,1.131e+01,1.104e+01,9.945e+00,1.041e+01,9.567e+00,1.264e+01,1.341e+01,1.114e+01,9.624e+00,1.108e+01,1.223e+01,1.043e+01,1.063e+01,1.117e+01,1.054e+01,1.031e+01
2.569e-01,4.336e-01,1.141e+00,5.765e-01,1.570e+00,2.613e+00,1.966e+00,2.440e+00,1.442e+00,1.743e+00,3.357e+00,2.679e+00,3.887e+00,4.895e+00,3.830e+00,4.591e+00,4.315e+00,4.435e+00,5.689e+00,5.734e+00,5.689e+00,6.103e+00,5.429e+00,6.138e+00,5.689e+00,6.705e+00,5.884e+00,7.921e+00,7.412e+00,7.113e+00,7.546e+00,8.561e+00,8.547e+00,9.816e+00,1.091e+01,1.132e+01,9.187e+00,9.987e+00,1.255e+01,1.108e+01,1.181e+01,1.036e+01,9.997e+00,9.121e+00,1.238e+01,1.225e+01,1.052e+01,8.994e+00,9.946e+00,1.095e+01,1.048e+01,1.049e+01,1.115e+01,1.019e+01,1.065e+01
2.802e-01,3.652e-01,1.228e+00,7.177e-01,1.858e+00,2.427e+00,1.957e+00,2.918e+00,2.316e+00,2.102e+00,4.153e+00,3.510e+00,4.616e+00,6.111e+00,4.190e+00,5.975e+00,5.575e+00,6.249e+00,6.423e+00,7.529e+00,6.583e+00,6.133e+00,6.447e+00,6.880e+00,6.998e+00,7.167e+00,6.389e+00,8.603e+00,7.990e+00,8.349e+00,7.232e+00,7.800e+00,9.731e+00,9.447e+00,1.108e+01,1.072e+01,9.520e+00,1.138e+01,1.218e+01,1.172e+01,1.062e+01,1.016e+01,1.198e+01,1.026e+01,1.248e+01,1.267e+01,1.095e+01,1.004e+01,1.293e+01,1.138e+01,1.186e+01,1.030e+01,1.098e+01,1.130e+01,1.049e+01
2.078e-01,3.668e-01,8.640e-01,6.353e-01,1.297e+00,1.622e+00,1.539e+00,1.906e+00,1.686e+00,1.506e+00,2.926e+00,2.752e+00,4.166e+00,4.366e+00,2.798e+00,4.209e+00,4.167e+00,4.759e+00,4.866e+00,4.934e+00,4.954e+00,5.059e+00,5.519e+00,5.950e+00,7.011e+00,6.666e+00,5.436e+00,7.674e+00,7.686e+00,6.933e+00,6.385e+00,7.527e+00,7.864e+00,8.197e+00,9.490e+00,9.619e+00,7.884e+00,1.059e+01,1.041e+01,1.066e+01,1.113e+01,9.195e+00,1.111e+01,9.696e+00,1.179e+01,1.267e+01,1.096e+01,7.436e+00,1.168e+01,1.110e+01,1.147e+01,1.026e+01,1.094e+01,1.126e+01,1.018e+01
1.852e-01,1.068e-01,4.021e-01,3.485e-01,9.670e-01,1.690e+00,1.243e+00,1.621e+00,1.282e+00,1.543e+00,3.066e+00,2.575e+00,3.600e+00,4.544e+00,3.059e+00,4.434e+00,3.680e+00,4.762e+00,4.878e+00,5.100e+00,5.060e+00,4.024e+00,4.195e+00,4.684e+00,4.989e+00,4.646e+00,5.016e+00,6.236e+00,5.057e+00,5.377e+00,5.232e+00,6.065e+00,7.696e+00,7.515e+00,8.121e+00,8.191e+00,7.966e+00,8.824e+00,9.732e+00,1.014e+01,9.812e+00,8.364e+00,9.552e+00,8.091e+00,1.088e+01,1.141e+01,9.435e+00,9.060e+00,9.980e+00,1.082e+01,9.215e+00,8.546e+00,8.406e+00,1.003e+01,9.367e+00
1.672e-01,4.028e-01,1.542e+00,8.768e-01,2.301e+00,1.632e+00,1.190e+00,2.220e+00,1.800e+00,8.981e-01,3.058e+00,2.551e+00,3.518e+00,4.243e+00,3.184e+00,3.800e+00,3.903e+00,4.332e+00,4.309e+00,6.671e+00,5.291e+00,5.284e+00,5.149e+00,5.476e+00,5.770e+00,6.593e+00,4.931e+00,6.226e+00,6.619e+00,7.205e+00,6.598e+00,6.485e+00,8.470e+00,9.600e+00,1.006e+01,9.374e+00,7.882e+00,9.724e+00,1.022e+01,9.871e+00,9.736e+00,8.442e+00,1.184e+01,1.054e+01,1.222e+01,1.370e+01,1.050e+01,8.503e+00,1.055e+01,1.156e+01,1.159e+01,1.131e+01,1.072e+01,1.017e+01,1.112e+01
1.211e-01,2.049e-01,1.178e+00,6.229e-01,1.860e+00,2.233e+00,1.748e+00,2.303e+00,1.877e+00,1.635e+00,3.693e+00,3.128e+00,4.607e+00,5.943e+00,4.704e+00,5.676e+00,5.314e+00,5.752e+00,5.909e+00,7.225e+00,6.513e+00,5.983e+00,6.333e+00,7.455e+00,7.248e+00,7.658e+00,6.906e+00,9.173e+00,7.611e+00,7.888e+00,7.837e+00,9.575e+00,9.252e+00,9.295e+00,1.085e+01,1.052e+01,1.032e+01,1.126e+01,1.175e+01,1.209e+01,1.199e+01,9.259e+00,1.276e+01,1.118e+01,1.358e+01,1.508e+01,1.300e+01,1.094e+01,1.274e+01,1.264e+01,1.315e+01,1.108e+01,1.236e+01,1.253e+01,1.199e+01
6.065e-01,4.942e-01,1.118e+00,1.167e+00,1.988e+00,2.387e+00,2.294e+00,2.409e+00,1.990e+00,2.184e+00,3.251e+00,3.094e+00,4.010e+00,5.143e+00,3.126e+00,4.902e+00,4.549e+00,5.012e+00,6.083e+00,5.932e+00,5.519e+00,6.375e+00,5.576e+00,5.426e+00,6.184e+00,6.108e+00,5.244e+00,6.789e+00,7.097e+00,6.479e+00,7.183e+00,7.307e+00,7.650e+00,7.854e+00,9.232e+00,9.457e+00,7.093e+00,9.936e+00,9.880e+00,1.109e+01,1.202e+01,9.714e+00,1.099e+01,1.069e+01,1.312e+01,1.372e+01,1.252e+01,9.787e+00,1.137e+01,1.232e+01,1.288e+01,1.146e+01,1.124e+01,1.106e+01,1.141e+01
3.723e-01,2.477e-01,1.011e+00,7.034e-01,1.109e+00,1.219e+00,1.519e+00,1.723e+00,1.354e+00,1.392e+00,2.958e+00,2.337e+00,2.723e+00,3.665e+00,2.679e+00,4.019e+00,4.232e+00,3.618e+00,4.777e+00,4.232e+00,5.043e+00,5.570e+00,4.193e+00,5.413e+00,6.112e+00,6.613e+00,5.593e+00,7.872e+00,8.001e+00,7.168e+00,7.650e+00,8.621e+00,8.228e+00,8.655e+00,1.047e+01,9.877e+00,7.954e+00,9.680e+00,1.018e+01,9.535e+00,1.091e+01,9.214e+00,1.145e+01,9.343e+00,1.377e+01,1.375e+01,1.249e+01,8.414e+00,1.034e+01,1.220e+01,1.291e+01,1.110e+01,1.277e+01,1.301e+01,1.256e+01
2.580e-01,2.913e-01,1.024e+00,4.880e-01,1.078e+00,1.313e+00,1.124e+00,1.849e+00,1.607e+00,1.390e+00,2.589e+00,2.010e+00,3.025e+00,4.110e+00,3.058e+00,4.823e+00,4.192e+00,3.925e+00,5.525e+00,5.008e+00,4.462e+00,5.079e+00,3.806e+00,5.189e+00,6.415e+00,6.489e+00,6.112e+00,6.400e+00,6.806e+00,6.233e+00,6.833e+00,7.875e+00,7.394e+00,6.961e+00,9.376e+00,8.747e+00,7.596e+00,9.273e+00,9.928e+00,1.129e+01,1.065e+01,9.406e+00,1.085e+01,1.050e+01,1.313e+01,1.223e+01,1.129e+01,9.503e+00,1.198e+01,1.205e+01,1.243e+01,1.044e+01,1.068e+01,1.096e+01,1.144e+01
6.078e-01,3.080e-01,1.516e+00,1.092e+00,2.017e+00,1.801e+00,1.938e+00,2.641e+00,2.266e+00,1.931e+00,3.966e+00,2.694e+00,3.690e+00,5.356e+00,3.949e+00,5.472e+00,5.081e+00,4.643e+00,5.510e+00,5.942e+00,6.080e+00,6.098e+00,4.835e+00,5.586e+00,6.151e+00,6.734e+00,5.824e+00,7.225e+00,7.551e+00,6.345e+00,7.636e+00,8.724e+00,8.098e+00,8.852e+00,1.005e+01,9.290e+00,8.192e+00,9.207e+00,1.008e+01,1.052e+01,9.868e+00,8.451e+00,1.090e+01,1.018e+01,1.370e+01,1.385e+01,1.325e+01,1.042e+01,1.168e+01,1.370e+01,1.322e+01,1.183e+01,1.227e+01,1.245e+01,1.318e+01
2.903e-01,2.449e-01,1.277e+00,7.201e-01,1.682e+00,1.659e+00,1.553e+00,2.366e+00,2.018e+00,1.611e+00,3.719e+00,2.703e+00,3.342e+00,4.771e+00,2.864e+00,4.108e+00,3.916e+00,4.274e+00,4.710e+00,5.138e+00,5.073e+00,4.436e+00,4.059e+00,4.516e+00,4.701e+00,4.981e+00,4.425e+00,5.374e+00,5.346e+00,4.872e+00,5.067e+00,5.180e+00,6.934e+00,7.018e+00,7.090e+00,8.574e+00,7.460e+00,8.467e+00,8.747e+00,9.035e+00,8.289e+00,7.740e+00,9.129e+00,7.571e+00,1.058e+01,1.069e+01,9.486e+00,8.095e+00,1.007e+01,1.061e+01,1.030e+01,9.557e+00,1.014e+01,9.662e+00,1.089e+01
4.534e-02,1.402e-01,5.475e-01,5.050e-01,1.183e+00,1.178e+00,1.135e+00,1.817e+00,1.717e+00,1.258e+00,2.554e+00,3.213e+00,4.344e+00,4.336e+00,3.567e+00,5.443e+00,4.457e+00,5.131e+00,5.400e+00,5.975e+00,5.540e+00,6.012e+00,5.157e+00,5.718e+00,7.036e+00,6.777e+00,5.564e+00,7.770e+00,8.486e+00,7.154e+00,7.334e+00,8.718e+00,9.502e+00,9.073e+00,9.788e+00,1.048e+01,8.892e+00,1.060e+01,1.213e+01,1.178e+01,1.177e+01,9.986e+00,1.235e+01,1.034e+01,1.434e+01,1.422e+01,1.324e+01,1.091e+01,1.458e+01,1.327e+01,1.574e+01,1.351e+01,1.314e+01,1.184e+01,1.424e+01
4.516e-01,2.383e-01,1.438e+00,1.031e+00,1.745e+00,8.416e-01,1.348e+00,2.127e+00,2.330e+00,1.551e+00,3.045e+00,2.503e+00,2.969e+00,4.441e+00,3.011e+00,4.727e+00,4.369e+00,4.350e+00,5.566e+00,6.156e+00,4.813e+00,5.272e+00,4.399e+00,5.128e+00,6.369e+00,6.545e+00,5.009e+00,6.874e+00,6.935e+00,6.367e+00,6.852e+00,7.034e+00,7.252e+00,6.471e+00,7.515e+00,8.304e+00,7.418e+00,8.440e+00,9.150e+00,1.044e+01,9.943e+00,9.015e+00,1.039e+01,9.664e+00,1.251e+01,1.179e+01,1.092e+01,9.592e+00,1.113e+01,1.221e+01,1.329e+01,1.085e+01,1.165e+01,1.114e+01,1.178e+01
1.417e-01,3.457e-01,5.612e-01,4.045e-01,9.234e-01,1.088e+00,8.484e-01,1.830e+00,1.416e+00,1.149e+00,2.060e+00,2.293e+00,3.046e+00,3.371e+00,2.355e+00,3.075e+00,3.886e+00,3.348e+00,3.562e+00,4.554e+00,3.545e+00,4.228e+00,4.599e+00,3.889e+00,4.944e+00,4.715e+00,4.061e+00,5.905e+00,5.831e+00,6.007e+00,5.796e+00,6.562e+00,8.419e+00,9.235e+00,9.404e+00,9.007e+00,6.492e+00,8.910e+00,9.504e+00,9.312e+00,1.006e+01,8.090e+00,1.157e+01,9.829e+00,1.223e+01,1.356e+01,1.212e+01,9.593e+00,1.171e+01,1.372e+01,1.526e+01,1.372e+01,1.340e+01,1.361e+01,1.356e+01
6.153e-01,2.624e-01,8.168e-01,9.528e-01,1.213e+00,9.740e-01,1.367e+00,1.305e+00,1.232e+00,1.428e+00,2.345e+00,1.786e+00,2.563e+00,3.633e+00,2.781e+00,4.518e+00,3.170e+00,4.298e+00,5.239e+00,5.251e+00,4.660e+00,5.191e+00,4.682e+00,4.682e+00,6.394e+00,5.786e+00,4.756e+00,6.961e+00,7.038e+00,7.203e+00,7.216e+00,8.215e+00,8.678e+00,9.168e+00,9.155e+00,8.648e+00,7.732e+00,9.940e+00,1.019e+01,1.154e+01,1.209e+01,1.024e+01,1.205e+01,1.113e+01,1.428e+01,1.451e+01,1.147e+01,1.093e+01,1.255e+01,1.522e+01,1.528e+01,1.408e+01,1.377e+01,1.473e+01,1.450e+01
2.700e-01,3.932e-01,1.544e+00,6.888e-01,1.628e+00,1.666e+00,1.502e+00,2.159e+00,1.770e+00,1.323e+00,2.829e+00,1.949e+00,3.155e+00,4.563e+00,3.047e+00,4.611e+00,4.192e+00,3.900e+00,4.682e+00,5.413e+00,5.116e+00,5.859e+00,4.760e+00,5.713e+00,5.922e+00,6.509e+00,5.863e+00,7.118e+00,7.040e+00,5.981e+00,7.161e+00,8.070e+00,7.511e+00,7.699e+00,9.028e+00,8.273e+00,7.402e+00,8.479e+00,9.321e+00,9.410e+00,1.081e+01,7.658e+00,1.055e+01,9.663e+00,1.215e+01,1.243e+01,1.205e+01,9.404e+00,1.115e+01,1.174e+01,1.506e+01,1.316e+01,1.285e+01,1.419e+01,1.356e+01
2.232e-02,2.269e-01,9.022e-01,2.896e-01,1.226e+00,1.802e+00,1.274e+00,1.911e+00,1.532e+00,1.400e+00,3.394e+00,2.374e+00,3.793e+00,5.075e+00,2.972e+00,4.404e+00,3.681e+00,4.940e+00,5.105e+00,5.550e+00,5.194e+00,4.606e+00,5.519e+00,4.926e+00,5.149e+00,5.813e+00,5.128e+00,7.086e+00,6.317e+00,5.491e+00,6.152e+00,7.569e+00,7.371e+00,7.791e+00,8.530e+00,8.724e+00,7.956e+00,8.670e+00,9.272e+00,1.029e+01,1.091e+01,8.467e+00,1.128e+01,1.060e+01,1.325e+01,1.336e+01,1.097e+01,1.003e+01,1.156e+01,1.238e+01,1.431e+01,1.285e+01,1.156e+01,1.288e+01,1.403e+01
8.099e-02,7.937e-02,8.977e-01,5.500e-01,1.552e+00,1.668e+00,1.392e+00,1.815e+00,1.919e+00,1.458e+00,3.018e+00,2.753e+00,3.565e+00,4.902e+00,2.898e+00,4.607e+00,4.010e+00,4.604e+00,4.945e+00,5.232e+00,5.737e+00,5.259e+00,4.673e+00,6.091e+00,6.384e+00,5.951e+00,5.578e+00,7.055e+00,6.625e+00,6.578e+00,6.798e+00,7.465e+00,8.356e+00,9.088e+00,1.034e+01,9.086e+00,7.970e+00,1.072e+01,1.071e+01,1.090e+01,1.112e+01,9.591e+00,1.139e+01,1.075e+01,1.319e+01,1.294e+01,1.266e+01,9.767e+00,1.238e+01,1.365e+01,1.430e+01,1.300e+01,1.237e+01,1.600e+01,1.385e+01
