5.020e-02,1.776e-02,7.400e-01,1.962e-01,2.971e-01,2.211e-01,1.130e-01,3.048e-01,5.844e-01,2.136e-01,5.357e-01,7.602e-01,5.943e-01,2.427e-01,7.667e-01,7.883e-01,9.993e-01,8.373e-01,4.329e-01,5.068e-02,6.669e-01,4.198e-01,5.131e-01,9.160e-01,1.657e-01,2.469e-01,2.750e-01,6.932e-01,4.738e-01,3.705e-01,2.416e-01,7.873e-01,2.116e-01,6.421e-01,3.168e-01,1.938e-01,1.614e-01,5.860e-01,2.415e-01,1.406e-01,2.078e-01,9.555e-01,1.939e-02,7.942e-01,4.666e-01,1.303e-01,7.760e-01,9.785e-02,6.855e-01,8.961e-01,5.471e-01,3.555e-01,3.599e-01,8.754e-01,8.992e-01,1.535e-01
3.424e-02,6.274e-01,1.300e+00,4.096e-01,7.058e-01,9.007e-01,4.419e-01,1.030e+00,7.218e-01,1.771e-01,9.005e-01,1.329e+00,9.638e-01,3.769e-01,1.502e+00,1.513e+00,1.027e+00,6.028e-01,9.437e-01,9.807e-02,6.169e-01,3.779e-01,1.200e+00,1.622e+00,1.070e+00,4.044e-01,6.755e-01,1.143e+00,1.223e+00,4.030e-01,3.645e-01,8.630e-01,5.952e-01,1.241e+00,6.979e-01,8.830e-01,1.004e+00,7.871e-01,6.123e-01,1.090e+00,2.380e-01,9.254e-01,7.040e-01,1.146e+00,6.991e-01,3.105e-01,1.414e+00,9.902e-01,1.121e+00,1.007e+00,6.337e-01,9.596e-01,3.132e-01,1.216e+00,7.778e-01,1.031e+00
3.785e-02,3.526e-01,1.467e+00,5.686e-01,8.956e-01,1.499e+00,1.066e+00,1.055e+00,1.185e+00,1.057e+00,1.106e+00,1.587e+00,1.162e+00,1.132e+00,1.487e+00,1.542e+00,1.696e+00,1.306e+00,1.008e+00,6.042e-01,7.140e-01,9.088e-01,1.814e+00,2.170e+00,1.273e+00,3.676e-01,1.154e+00,1.404e+00,8.577e-01,1.338e+00,8.465e-01,1.094e+00,5.933e-01,1.793e+00,7.530e-01,8.042e-01,7.258e-01,1.273e+00,9.723e-01,1.039e+00,7.205e-01,9.301e-01,9.674e-01,9.928e-01,1.020e+00,9.048e-01,1.256e+00,7.765e-01,1.676e+00,1.600e+00,1.369e+00,1.477e+00,7.424e-01,1.793e+00,7.794e-01,1.235e+00
2.743e-02,2.972e-01,1.144e+00,7.409e-01,9.070e-01,1.935e+00,1.542e+00,1.669e+00,1.097e+00,1.550e+00,1.716e+00,1.457e+00,9.685e-01,1.420e+00,2.023e+00,1.629e+00,2.178e+00,1.854e+00,9.889e-01,8.355e-01,1.445e+00,1.686e+00,2.067e+00,2.500e+00,1.823e+00,5.331e-01,1.899e+00,1.120e+00,1.297e+00,1.590e+00,1.498e+00,1.672e+00,6.558e-01,1.719e+00,6.659e-01,9.143e-01,1.547e+00,1.906e+00,1.027e+00,1.763e+00,9.209e-01,1.645e+00,1.265e+00,1.507e+00,1.682e+00,1.014e+00,1.751e+00,9.538e-01,1.744e+00,2.192e+00,1.700e+00,1.511e+00,9.048e-01,1.953e+00,1.378e+00,1.120e+00
3.070e-02,4.459e-01,1.149e+00,4.719e-01,1.497e+00,1.340e+00,1.044e+00,1.766e+00,1.523e+00,7.525e-01,2.027e+00,1.277e+00,8.996e-01,8.639e-01,1.758e+00,2.098e+00,1.714e+00,1.481e+00,1.037e+00,8.085e-01,1.788e+00,1.592e+00,2.158e+00,2.615e+00,1.566e+00,6.068e-01,1.494e+00,1.982e+00,2.085e+00,1.603e+00,7.571e-01,1.911e+00,9.651e-01,2.166e+00,1.309e+00,1.112e+00,1.969e+00,1.354e+00,6.917e-01,2.114e+00,4.983e-01,1.707e+00,1.120e+00,1.728e+00,1.052e+00,5.721e-01,2.320e+00,1.698e+00,1.426e+00,2.031e+00,1.206e+00,1.060e+00,8.361e-01,1.516e+00,1.005e+00,1.464e+00
1.208e-02,8.452e-02,5.942e-01,3.928e-01,6.938e-01,2.099e+00,1.653e+00,1.175e+00,8.898e-01,1.914e+00,1.856e+00,8.492e-01,1.147e+00,1.897e+00,1.846e+00,1.867e+00,2.086e+00,1.472e+00,1.406e+00,1.159e+00,1.005e+00,1.808e+00,2.305e+00,2.165e+00,1.322e+00,6.378e-01,1.929e+00,1.779e+00,7.973e-01,1.862e+00,1.222e+00,1.570e+00,9.979e-01,1.437e+00,1.373e+00,1.313e+00,1.518e+00,1.546e+00,1.499e+00,1.490e+00,9.054e-01,1.685e+00,1.638e+00,9.975e-01,1.643e+00,1.055e+00,1.147e+00,1.341e+00,1.470e+00,1.602e+00,1.903e+00,1.660e+00,1.003e+00,1.848e+00,1.403e+00,8.286e-01
3.857e-02,4.300e-01,1.369e+00,7.550e-01,1.662e+00,2.667e+00,2.565e+00,2.667e+00,1.980e+00,2.397e+00,3.978e+00,1.947e+00,1.848e+00,3.023e+00,3.307e+00,3.709e+00,3.280e+00,2.651e+00,2.455e+00,1.657e+00,2.596e+00,3.118e+00,3.642e+00,4.417e+00,3.075e+00,1.018e+00,2.834e+00,2.783e+00,2.886e+00,3.318e+00,2.220e+00,3.061e+00,2.293e+00,3.230e+00,2.889e+00,2.363e+00,2.923e+00,2.927e+00,2.147e+00,3.869e+00,1.147e+00,3.086e+00,2.493e+00,2.529e+00,2.678e+00,1.842e+00,3.848e+00,3.086e+00,2.797e+00,3.169e+00,3.198e+00,3.037e+00,1.670e+00,3.092e+00,2.778e+00,2.488e+00
4.911e-03,2.373e-01,6.834e-01,5.498e-01,7.211e-01,2.001e+00,1.785e+00,1.864e+00,9.660e-01,1.865e+00,2.309e+00,1.709e+00,1.964e+00,2.591e+00,2.846e+00,2.486e+00,2.592e+00,2.020e+00,2.084e+00,1.380e+00,2.006e+00,2.690e+00,2.863e+00,2.680e+00,2.861e+00,1.460e+00,2.740e+00,2.153e+00,1.510e+00,2.640e+00,1.955e+00,2.034e+00,1.557e+00,1.755e+00,1.575e+00,2.241e+00,2.293e+00,1.977e+00,2.406e+00,2.102e+00,1.316e+00,2.253e+00,2.084e+00,1.808e+00,2.469e+00,1.773e+00,2.103e+00,1.751e+00,2.101e+00,2.359e+00,2.112e+00,2.855e+00,1.270e+00,2.222e+00,2.063e+00,1.521e+00
3.856e-02,1.521e-01,1.192e+00,4.788e-01,1.216e+00,1.550e+00,1.676e+00,1.756e+00,1.932e+00,2.481e+00,3.061e+00,2.583e+00,2.835e+00,3.538e+00,2.692e+00,3.119e+00,3.233e+00,2.473e+00,3.297e+00,1.988e+00,2.644e+00,3.616e+00,3.976e+00,4.150e+00,3.199e+00,1.468e+00,3.056e+00,3.276e+00,2.547e+00,3.406e+00,1.984e+00,2.667e+00,2.141e+00,3.096e+00,2.980e+00,3.112e+00,2.058e+00,2.023e+00,2.776e+00,2.370e+00,1.288e+00,2.743e+00,2.463e+00,2.094e+00,2.679e+00,2.339e+00,3.688e+00,2.282e+00,2.944e+00,3.671e+00,2.798e+00,3.297e+00,1.939e+00,3.446e+00,3.058e+00,2.790e+00
2.970e-02,4.527e-01,1.017e+00,5.286e-01,7.592e-01,1.689e+00,1.404e+00,1.750e+00,1.066e+00,2.511e+00,3.190e+00,1.982e+00,2.258e+00,3.345e+00,3.249e+00,3.268e+00,3.191e+00,2.067e+00,3.179e+00,1.522e+00,2.933e+00,3.566e+00,3.691e+00,3.520e+00,3.129e+00,1.133e+00,2.705e+00,2.435e+00,2.925e+00,2.032e+00,2.483e+00,2.398e+00,2.408e+00,2.732e+00,2.596e+00,2.676e+00,2.372e+00,2.127e+00,2.606e+00,2.369e+00,1.440e+00,2.654e+00,2.832e+00,2.385e+00,3.379e+00,1.822e+00,3.745e+00,2.231e+00,2.273e+00,3.261e+00,3.079e+00,2.654e+00,1.426e+00,3.442e+00,3.683e+00,2.545e+00
4.870e-02,5.329e-01,1.634e+00,6.059e-01,1.171e+00,2.109e+00,1.815e+00,2.099e+00,1.768e+00,2.863e+00,4.778e+00,3.357e+00,3.839e+00,4.996e+00,4.868e+00,4.823e+00,4.595e+00,2.741e+00,4.702e+00,2.493e+00,3.989e+00,4.607e+00,5.429e+00,4.752e+00,4.851e+00,2.707e+00,3.539e+00,3.957e+00,4.163e+00,4.177e+00,3.023e+00,3.755e+00,3.835e+00,3.964e+00,3.636e+00,4.470e+00,3.020e+00,2.790e+00,3.818e+00,3.379e+00,2.170e+00,3.826e+00,3.988e+00,3.292e+00,3.912e+00,3.590e+00,4.777e+00,3.579e+00,3.556e+00,4.723e+00,4.253e+00,4.958e+00,2.014e+00,4.397e+00,4.683e+00,4.263e+00
3.314e-02,2.078e-01,1.185e+00,7.165e-01,1.213e+00,2.614e+00,2.476e+00,2.103e+00,1.675e+00,3.196e+00,4.674e+00,2.657e+00,2.418e+00,4.834e+00,4.653e+00,4.536e+00,5.149e+00,3.590e+00,4.003e+00,3.211e+00,3.824e+00,4.327e+00,5.299e+00,5.069e+00,4.135e+00,2.128e+00,3.956e+00,3.684e+00,3.917e+00,4.249e+00,3.266e+00,3.963e+00,3.775e+00,4.566e+00,3.248e+00,2.963e+00,2.857e+00,3.761e+00,3.069e+00,4.559e+00,2.968e+00,3.128e+00,4.349e+00,2.954e+00,4.318e+00,3.874e+00,4.343e+00,3.241e+00,3.731e+00,4.567e+00,5.355e+00,4.905e+00,2.466e+00,4.096e+00,4.283e+00,3.813e+00
4.167e-02,4.058e-01,1.404e+00,6.982e-01,1.051e+00,2.462e+00,1.825e+00,2.034e+00,1.490e+00,2.870e+00,3.808e+00,3.144e+00,3.874e+00,4.307e+00,5.572e+00,4.613e+00,5.832e+00,3.755e+00,4.443e+00,3.247e+00,4.233e+00,4.754e+00,6.404e+00,5.725e+00,4.418e+00,3.352e+00,4.384e+00,4.921e+00,3.765e+00,3.625e+00,2.884e+00,4.118e+00,3.270e+00,4.245e+00,3.419e+00,4.082e+00,3.429e+00,3.600e+00,3.920e+00,3.985e+00,3.287e+00,3.872e+00,4.683e+00,3.196e+00,5.167e+00,3.536e+00,4.047e+00,3.530e+00,3.615e+00,5.636e+00,5.146e+00,4.932e+00,2.961e+00,4.362e+00,4.389e+00,3.794e+00
1.991e-02,5.192e-01,1.315e+00,7.398e-01,1.427e+00,2.939e+00,2.443e+00,2.668e+00,1.826e+00,3.585e+00,4.594e+00,2.972e+00,3.556e+00,5.717e+00,5.836e+00,5.107e+00,5.960e+00,4.132e+00,5.286e+00,3.191e+00,4.590e+00,5.936e+00,6.749e+00,5.888e+00,5.438e+00,3.118e+00,5.311e+00,4.835e+00,4.916e+00,4.944e+00,3.530e+00,3.930e+00,3.942e+00,4.310e+00,4.130e+00,4.885e+00,4.572e+00,3.961e+00,4.146e+00,4.292e+00,2.725e+00,4.155e+00,4.798e+00,3.561e+00,5.143e+00,3.680e+00,5.261e+00,4.223e+00,3.630e+00,5.422e+00,5.259e+00,5.513e+00,2.999e+00,5.401e+00,4.774e+00,4.087e+00
1.928e-02,9.311e-02,7.363e-01,4.859e-01,7.243e-01,1.657e+00,1.790e+00,1.519e+00,1.274e+00,2.871e+00,3.919e+00,2.686e+00,3.299e+00,5.405e+00,5.645e+00,4.382e+00,6.598e+00,4.190e+00,5.705e+00,4.351e+00,5.141e+00,5.372e+00,7.144e+00,6.761e+00,5.352e+00,3.806e+00,4.708e+00,4.550e+00,4.962e+00,5.040e+00,3.465e+00,4.033e+00,4.279e+00,4.857e+00,4.657e+00,4.479e+00,4.090e+00,4.086e+00,4.373e+00,5.478e+00,3.315e+00,3.941e+00,4.740e+00,3.498e+00,5.118e+00,5.116e+00,5.138e+00,4.120e+00,4.454e+00,6.106e+00,5.879e+00,6.054e+00,4.140e+00,5.022e+00,5.031e+00,5.324e+00
4.857e-02,2.760e-01,1.138e+00,5.849e-01,1.252e+00,2.350e+00,2.184e+00,2.223e+00,1.644e+00,2.520e+00,4.501e+00,2.335e+00,2.460e+00,4.343e+00,5.128e+00,5.672e+00,6.071e+00,4.514e+00,4.807e+00,4.009e+00,4.694e+00,4.803e+00,6.277e+00,5.770e+00,5.021e+00,2.860e+00,4.210e+00,4.907e+00,5.098e+00,5.093e+00,2.945e+00,4.400e+00,4.037e+00,4.417e+00,4.537e+00,3.446e+00,4.171e+00,4.620e+00,3.387e+00,4.909e+00,3.288e+00,5.010e+00,4.552e+00,4.213e+00,4.211e+00,3.535e+00,4.713e+00,4.030e+00,4.299e+00,5.189e+00,5.564e+00,5.328e+00,3.698e+00,4.525e+00,4.544e+00,3.919e+00
2.604e-02,4.457e-01,1.108e+00,5.522e-01,8.755e-01,1.679e+00,1.223e+00,1.697e+00,1.022e+00,1.355e+00,2.174e+00,2.259e+00,2.340e+00,2.805e+00,4.568e+00,3.632e+00,5.221e+00,3.796e+00,4.110e+00,3.199e+00,3.504e+00,3.939e+00,4.969e+00,5.111e+00,3.958e+00,3.026e+00,4.602e+00,4.112e+00,4.240e+00,3.613e+00,2.869e+00,2.934e+00,3.194e+00,3.543e+00,3.286e+00,2.943e+00,3.480e+00,3.606e+00,2.919e+00,4.036e+00,2.765e+00,3.065e+00,3.391e+00,3.353e+00,3.860e+00,3.223e+00,3.268e+00,3.268e+00,3.205e+00,4.144e+00,4.099e+00,4.788e+00,3.178e+00,3.534e+00,3.755e+00,2.974e+00
2.126e-02,4.977e-01,1.397e+00,7.880e-01,1.180e+00,2.740e+00,2.229e+00,2.097e+00,1.433e+00,2.597e+00,3.923e+00,2.483e+00,2.891e+00,4.161e+00,5.228e+00,4.828e+00,6.237e+00,5.108e+00,5.211e+00,4.594e+00,4.664e+00,5.021e+00,6.899e+00,6.677e+00,6.270e+00,3.798e+00,5.315e+00,5.248e+00,5.526e+00,6.087e+00,4.565e+00,4.575e+00,4.878e+00,5.275e+00,5.428e+00,4.190e+00,4.571e+00,5.465e+00,3.987e+00,5.319e+00,4.425e+00,5.054e+00,5.406e+00,4.719e+00,5.061e+00,4.476e+00,4.141e+00,4.456e+00,4.883e+00,5.677e+00,5.874e+00,6.662e+00,4.946e+00,4.586e+00,4.751e+00,5.432e+00
1.373e-03,2.502e-01,6.658e-01,4.834e-01,1.086e+00,1.930e+00,1.777e+00,1.701e+00,1.304e+00,2.563e+00,3.534e+00,1.855e+00,1.997e+00,3.663e+00,3.561e+00,3.464e+00,4.332e+00,3.524e+00,4.800e+00,4.611e+00,4.954e+00,4.754e+00,6.242e+00,5.934e+00,5.206e+00,2.728e+00,4.416e+00,4.604e+00,5.006e+00,5.439e+00,3.522e+00,4.878e+00,4.222e+00,5.121e+00,5.092e+00,3.377e+00,4.347e+00,4.269e+00,3.187e+00,4.570e+00,3.228e+00,3.754e+00,4.352e+00,4.285e+00,4.824e+00,4.028e+00,4.415e+00,3.156e+00,3.897e+00,4.620e+00,4.999e+00,5.309e+00,3.968e+00,4.127e+00,3.984e+00,4.573e+00
3.918e-02,4.518e-02,7.128e-01,4.748e-01,1.011e+00,1.959e+00,1.783e+00,1.744e+00,1.396e+00,2.436e+00,3.883e+00,2.006e+00,2.337e+00,3.739e+00,4.389e+00,4.398e+00,5.699e+00,5.170e+00,4.876e+00,5.616e+00,4.907e+00,5.422e+00,6.714e+00,6.758e+00,5.708e+00,3.676e+00,6.246e+00,6.067e+00,6.256e+00,5.967e+00,4.604e+00,5.570e+00,5.087e+00,5.447e+00,5.894e+00,3.782e+00,4.654e+00,5.609e+00,3.367e+00,4.911e+00,4.585e+00,6.119e+00,5.225e+00,4.756e+00,5.988e+00,4.563e+00,4.410e+00,4.568e+00,4.687e+00,6.081e+00,5.830e+00,6.667e+00,5.438e+00,5.074e+00,5.558e+00,4.190e+00
3.158e-02,5.071e-02,9.427e-01,4.431e-01,1.296e+00,2.047e+00,1.941e+00,1.850e+00,1.848e+00,2.942e+00,4.365e+00,2.492e+00,2.998e+00,5.287e+00,5.193e+00,5.157e+00,6.656e+00,5.304e+00,6.143e+00,5.807e+00,6.445e+00,6.903e+00,8.465e+00,8.024e+00,7.412e+00,4.416e+00,6.621e+00,6.445e+00,7.531e+00,7.384e+00,6.143e+00,5.667e+00,6.498e+00,6.459e+00,7.004e+00,4.701e+00,5.427e+00,5.792e+00,5.879e+00,5.733e+00,5.364e+00,6.716e+00,5.426e+00,5.784e+00,6.623e+00,5.867e+00,5.622e+00,5.466e+00,6.500e+00,7.247e+00,6.359e+00,8.348e+00,6.291e+00,6.039e+00,6.910e+00,6.395e+00
1.708e-02,2.229e-01,7.604e-01,5.434e-01,1.213e+00,2.200e+00,1.986e+00,2.267e+00,1.617e+00,3.252e+00,4.003e+00,2.611e+00,3.527e+00,5.259e+00,5.884e+00,5.456e+00,7.348e+00,5.711e+00,6.438e+00,5.376e+00,6.362e+00,7.527e+00,9.427e+00,8.221e+00,7.298e+00,5.218e+00,7.003e+00,6.607e+00,7.388e+00,7.300e+00,4.960e+00,5.299e+00,6.085e+00,6.079e+00,6.480e+00,5.244e+00,6.126e+00,5.918e+00,5.628e+00,5.871e+00,5.525e+00,5.919e+00,6.224e+00,5.301e+00,7.043e+00,5.449e+00,5.943e+00,5.331e+00,5.118e+00,7.191e+00,7.479e+00,7.637e+00,5.653e+00,6.618e+00,6.167e+00,5.788e+00
3.961e-02,1.026e-01,8.343e-01,3.303e-01,7.995e-01,8.674e-01,8.270e-01,1.034e+00,1.111e+00,1.215e+00,2.302e+00,1.346e+00,1.458e+00,2.367e+00,2.742e+00,3.144e+00,3.902e+00,3.308e+00,3.600e+00,3.998e+00,4.419e+00,4.435e+00,6.444e+00,6.089e+00,6.028e+00,3.597e+00,4.655e+00,3.950e+00,5.934e+00,5.945e+00,4.343e+00,4.586e+00,4.825e+00,4.736e+00,5.332e+00,2.756e+00,4.120e+00,5.098e+00,3.444e+00,4.001e+00,4.522e+00,4.722e+00,3.335e+00,4.836e+00,4.529e+00,4.252e+00,3.988e+00,4.247e+00,3.971e+00,4.849e+00,5.282e+00,6.231e+00,4.892e+00,5.511e+00,4.288e+00,4.060e+00
5.158e-03,8.283e-02,6.123e-01,4.424e-01,1.261e+00,1.559e+00,1.554e+00,1.801e+00,1.581e+00,2.481e+00,3.982e+00,2.319e+00,2.729e+00,4.234e+00,4.368e+00,4.217e+00,5.715e+00,4.463e+00,5.437e+00,6.113e+00,6.715e+00,6.793e+00,9.139e+00,9.430e+00,8.494e+00,5.395e+00,7.608e+00,6.665e+00,7.900e+00,8.129e+00,7.390e+00,6.527e+00,7.158e+00,8.112e+00,7.776e+00,4.904e+00,6.780e+00,6.111e+00,6.086e+00,6.672e+00,7.337e+00,6.410e+00,6.315e+00,6.255e+00,7.677e+00,6.875e+00,5.610e+00,5.999e+00,6.981e+00,7.939e+00,7.658e+00,9.415e+00,6.937e+00,6.439e+00,6.917e+00,7.626e+00
1.073e-02,2.397e-01,7.630e-01,5.770e-01,8.717e-01,2.433e+00,1.973e+00,1.721e+00,1.119e+00,3.062e+00,3.708e+00,1.940e+00,2.200e+00,4.135e+00,4.201e+00,4.538e+00,5.630e+00,4.459e+00,4.901e+00,5.352e+00,4.751e+00,5.445e+00,7.580e+00,7.120e+00,7.431e+00,3.594e+00,6.739e+00,5.262e+00,6.709e+00,6.697e+00,6.349e+00,6.102e+00,5.750e+00,6.621e+00,6.149e+00,3.769e+00,5.001e+00,6.632e+00,5.407e+00,5.795e+00,5.986e+00,6.495e+00,6.645e+00,5.234e+00,6.322e+00,5.786e+00,5.219e+00,5.643e+00,6.222e+00,6.502e+00,7.115e+00,7.842e+00,6.105e+00,6.480e+00,6.470e+00,5.819e+00
4.091e-02,5.867e-01,1.366e+00,5.781e-01,9.647e-01,1.728e+00,1.575e+00,1.889e+00,1.266e+00,1.872e+00,3.966e+00,2.537e+00,2.633e+00,3.663e+00,4.473e+00,4.127e+00,4.533e+00,2.865e+00,4.541e+00,3.651e+00,4.408e+00,4.503e+00,6.047e+00,6.749e+00,6.411e+00,3.703e+00,5.717e+00,4.439e+00,7.130e+00,6.298e+00,5.606e+00,5.778e+00,6.216e+00,6.526e+00,5.935e+00,3.953e+00,5.175e+00,5.225e+00,5.318e+00,6.259e+00,4.648e+00,6.398e+00,5.368e+00,4.963e+00,6.180e+00,5.306e+00,6.161e+00,5.675e+00,5.649e+00,5.982e+00,6.318e+00,7.513e+00,4.954e+00,5.297e+00,6.876e+00,6.801e+00
3.565e-02,5.226e-01,1.447e+00,6.117e-01,1.512e+00,2.570e+00,1.909e+00,2.298e+00,1.881e+00,3.115e+00,4.198e+00,2.719e+00,3.741e+00,4.837e+00,5.542e+00,5.346e+00,6.229e+00,4.689e+00,6.060e+00,5.560e+00,6.432e+00,7.176e+00,9.387e+00,8.698e+00,7.849e+00,4.522e+00,7.095e+00,7.406e+00,8.033e+00,7.797e+00,6.324e+00,6.495e+00,7.037e+00,7.253e+00,7.533e+00,5.835e+00,7.028e+00,6.812e+00,6.707e+00,5.696e+00,5.869e+00,6.889e+00,6.988e+00,6.882e+00,8.054e+00,5.509e+00,6.708e+00,6.842e+00,5.929e+00,7.964e+00,7.788e+00,9.064e+00,6.595e+00,7.316e+00,6.880e+00,6.464e+00
1.994e-02,3.973e-01,1.202e+00,7.633e-01,1.251e+00,2.856e+00,2.281e+00,2.495e+00,1.626e+00,3.336e+00,4.068e+00,2.785e+00,3.122e+00,4.733e+00,4.956e+00,4.619e+00,5.553e+00,4.273e+00,4.851e+00,3.777e+00,4.550e+00,5.812e+00,6.965e+00,6.851e+00,6.995e+00,3.927e+00,7.172e+00,6.158e+00,7.062e+00,8.221e+00,7.088e+00,6.404e+00,6.315e+00,7.049e+00,5.946e+00,5.528e+00,7.194e+00,6.676e+00,6.915e+00,6.223e+00,6.297e+00,6.424e+00,8.266e+00,6.483e+00,7.256e+00,5.618e+00,6.218e+00,6.478e+00,6.875e+00,7.562e+00,7.812e+00,9.155e+00,5.266e+00,6.958e+00,7.019e+00,6.829e+00
2.137e-02,2.813e-02,4.394e-01,3.738e-01,9.151e-01,1.245e+00,1.359e+00,1.535e+00,1.218e+00,1.889e+00,3.194e+00,1.405e+00,1.693e+00,2.865e+00,2.934e+00,3.113e+00,4.016e+00,3.265e+00,3.899e+00,4.271e+00,4.747e+00,4.944e+00,6.201e+00,6.625e+00,6.488e+00,3.768e+00,6.241e+00,4.753e+00,7.639e+00,8.554e+00,6.092e+00,7.125e+00,5.803e+00,7.384e+00,6.638e+00,3.841e+00,6.905e+00,6.416e+00,4.711e+00,6.681e+00,5.706e+00,6.904e+00,5.606e+00,5.884e+00,6.371e+00,5.758e+00,6.065e+00,5.534e+00,5.236e+00,6.247e+00,7.720e+00,7.536e+00,5.771e+00,6.608e+00,6.514e+00,5.988e+00
4.467e-02,5.948e-01,1.700e+00,7.858e-01,1.847e+00,2.238e+00,1.826e+00,2.527e+00,2.099e+00,1.975e+00,4.091e+00,2.668e+00,2.936e+00,3.571e+00,5.167e+00,4.649e+00,5.942e+00,5.000e+00,4.857e+00,4.579e+00,5.349e+00,5.522e+00,7.781e+00,8.764e+00,7.787e+00,4.978e+00,7.573e+00,7.003e+00,8.629e+00,1.010e+01,7.770e+00,7.992e+00,7.662e+00,8.989e+00,7.893e+00,6.527e+00,8.864e+00,7.617e+00,6.065e+00,8.149e+00,7.193e+00,7.802e+00,8.777e+00,7.471e+00,8.200e+00,6.923e+00,7.457e+00,8.070e+00,7.699e+00,8.392e+00,8.414e+00,1.015e+01,7.453e+00,7.397e+00,7.364e+00,8.740e+00
3.408e-02,4.892e-01,1.439e+00,5.616e-01,1.339e+00,2.246e+00,1.735e+00,2.021e+00,1.731e+00,2.247e+00,2.906e+00,2.545e+00,3.107e+00,3.787e+00,4.774e+00,5.027e+00,6.041e+00,4.676e+00,5.740e+00,5.373e+00,5.042e+00,5.507e+00,8.248e+00,7.973e+00,6.911e+00,4.302e+00,6.634e+00,7.253e+00,7.485e+00,8.068e+00,5.334e+00,6.503e+00,6.679e+00,7.541e+00,7.637e+00,5.109e+00,8.156e+00,6.737e+00,6.557e+00,6.654e+00,5.901e+00,7.723e+00,7.008e+00,6.104e+00,6.639e+00,5.804e+00,6.676e+00,6.305e+00,6.931e+00,7.763e+00,7.883e+00,8.904e+00,6.923e+00,7.345e+00,6.708e+00,7.015e+00
1.283e-02,3.663e-01,7.453e-01,5.494e-01,1.213e+00,1.664e+00,1.569e+00,2.050e+00,1.306e+00,1.892e+00,3.192e+00,1.588e+00,1.608e+00,2.896e+00,3.450e+00,3.390e+00,4.067e+00,3.255e+00,3.642e+00,3.765e+00,4.670e+00,5.098e+00,6.937e+00,6.653e+00,6.762e+00,3.892e+00,5.726e+00,4.043e+00,7.970e+00,7.918e+00,5.772e+00,6.456e+00,6.106e+00,7.110e+00,6.114e+00,4.317e+00,7.015e+00,7.231e+00,5.550e+00,7.462e+00,6.096e+00,6.730e+00,5.925e+00,6.338e+00,6.909e+00,6.727e+00,7.500e+00,6.068e+00,5.977e+00,6.466e+00,7.840e+00,8.309e+00,5.942e+00,7.613e+00,6.558e+00,6.871e+00
3.037e-02,4.285e-01,1.451e+00,7.533e-01,1.633e+00,3.046e+00,2.795e+00,2.520e+00,2.153e+00,3.529e+00,4.971e+00,3.028e+00,3.175e+00,5.179e+00,5.090e+00,5.017e+00,5.894e+00,4.355e+00,5.820e+00,5.017e+00,5.306e+00,5.975e+00,8.474e+00,9.384e+00,7.658e+00,4.388e+00,7.816e+00,7.493e+00,8.847e+00,1.066e+01,7.957e+00,8.858e+00,9.080e+00,1.095e+01,9.302e+00,7.303e+00,1.044e+01,9.494e+00,8.653e+00,9.668e+00,8.591e+00,8.850e+00,1.052e+01,8.579e+00,9.974e+00,7.979e+00,9.549e+00,8.457e+00,1.008e+01,1.004e+01,1.139e+01,1.220e+01,8.041e+00,9.429e+00,9.117e+00,1.019e+01
6.941e-03,2.803e-01,9.206e-01,5.107e-01,1.276e+00,2.297e+00,2.212e+00,2.130e+00,1.676e+00,2.690e+00,3.623e+00,2.436e+00,2.767e+00,4.671e+00,4.567e+00,4.907e+00,5.897e+00,5.268e+00,5.941e+00,5.769e+00,4.861e+00,6.018e+00,7.802e+00,8.688e+00,8.269e+00,4.398e+00,8.541e+00,7.627e+00,8.276e+00,1.054e+01,8.736e+00,7.728e+00,8.251e+00,9.754e+00,9.573e+00,7.372e+00,9.774e+00,9.368e+00,8.197e+00,8.680e+00,9.231e+00,8.289e+00,9.986e+00,8.663e+00,1.004e+01,9.096e+00,8.505e+00,8.613e+00,9.710e+00,8.187e+00,9.768e+00,1.273e+01,8.646e+00,9.201e+00,9.246e+00,9.135e+00
3.474e-02,3.297e-01,1.065e+00,6.214e-01,1.498e+00,2.024e+00,2.067e+00,2.509e+00,1.861e+00,2.514e+00,4.736e+00,2.664e+00,3.256e+00,4.498e+00,5.758e+00,5.745e+00,6.821e+00,5.450e+00,6.141e+00,6.414e+00,7.424e+00,6.915e+00,1.011e+01,1.068e+01,9.609e+00,5.807e+00,7.906e+00,8.109e+00,9.963e+00,1.108e+01,8.603e+00,9.436e+00,9.194e+00,1.104e+01,1.026e+01,7.639e+00,1.116e+01,1.066e+01,9.086e+00,1.103e+01,1.025e+01,9.809e+00,1.080e+01,9.870e+00,1.129e+01,1.029e+01,1.058e+01,9.852e+00,1.032e+01,1.048e+01,1.217e+01,1.320e+01,9.924e+00,1.068e+01,9.524e+00,1.074e+01
4.888e-02,5.525e-01,1.716e+00,7.276e-01,1.466e+00,2.464e+00,1.794e+00,2.179e+00,1.776e+00,2.369e+00,3.565e+00,2.851e+00,2.934e+00,3.929e+00,5.424e+00,4.972e+00,6.171e+00,4.265e+00,5.214e+00,4.865e+00,5.429e+00,5.402e+00,8.222e+00,8.885e+00,6.635e+00,4.201e+00,6.761e+00,7.201e+00,7.505e+00,7.908e+00,6.866e+00,7.221e+00,7.315e+00,8.865e+00,7.871e+00,6.125e+00,1.006e+01,8.207e+00,7.854e+00,8.632e+00,8.355e+00,7.541e+00,8.881e+00,8.463e+00,9.750e+00,7.350e+00,8.528e+00,7.995e+00,8.771e+00,9.106e+00,1.014e+01,1.105e+01,7.821e+00,9.467e+00,8.167e+00,7.989e+00
6.940e-03,6.102e-01,9.440e-01,4.963e-01,9.148e-01,2.063e+00,1.746e+00,2.072e+00,1.029e+00,2.240e+00,3.673e+00,2.194e+00,2.929e+00,4.253e+00,5.204e+00,4.766e+00,5.050e+00,3.622e+00,4.920e+00,3.284e+00,4.938e+00,5.059e+00,7.535e+00,7.138e+00,7.655e+00,4.748e+00,6.181e+00,5.793e+00,7.738e+00,8.729e+00,7.153e+00,7.442e+00,8.247e+00,9.202e+00,7.996e+00,6.621e+00,1.019e+01,8.813e+00,9.070e+00,8.627e+00,9.436e+00,8.548e+00,1.037e+01,8.354e+00,1.029e+01,7.790e+00,9.260e+00,8.863e+00,8.867e+00,8.640e+00,1.007e+01,1.062e+01,7.040e+00,8.806e+00,8.805e+00,9.208e+00
3.119e-02,1.873e-01,7.292e-01,2.914e-01,5.068e-01,7.832e-01,9.891e-01,1.210e+00,9.081e-01,1.202e+00,2.491e+00,2.108e+00,2.743e+00,3.512e+00,4.476e+00,4.383e+00,5.426e+00,5.153e+00,5.207e+00,5.044e+00,5.179e+00,5.487e+00,8.155e+00,8.192e+00,8.249e+00,5.868e+00,7.215e+00,7.069e+00,8.050e+00,9.233e+00,6.952e+00,7.336e+00,8.752e+00,8.274e+00,9.332e+00,6.378e+00,9.521e+00,9.655e+00,8.787e+00,8.515e+00,1.138e+01,9.646e+00,9.720e+00,9.090e+00,1.076e+01,8.474e+00,9.090e+00,8.645e+00,9.680e+00,9.559e+00,1.150e+01,1.339e+01,1.068e+01,9.748e+00,9.582e+00,9.166e+00
1.761e-02,3.854e-01,1.189e+00,6.392e-01,1.670e+00,2.265e+00,1.970e+00,2.170e+00,1.825e+00,2.015e+00,3.720e+00,2.052e+00,1.844e+00,3.691e+00,4.359e+00,4.619e+00,5.465e+00,4.434e+00,4.193e+00,4.133e+00,4.723e+00,4.977e+00,7.822e+00,7.820e+00,7.679e+00,4.676e+00,6.793e+00,6.098e+00,8.472e+00,9.924e+00,6.702e+00,7.612e+00,7.674e+00,9.387e+00,7.980e+00,6.149e+00,1.086e+01,9.957e+00,8.622e+00,1.033e+01,1.165e+01,9.708e+00,1.095e+01,9.560e+00,9.228e+00,9.509e+00,1.011e+01,9.429e+00,1.003e+01,1.084e+01,1.228e+01,1.286e+01,9.550e+00,1.104e+01,9.010e+00,9.820e+00
4.914e-02,2.725e-01,1.454e+00,7.333e-01,1.556e+00,2.008e+00,1.910e+00,2.135e+00,1.947e+00,1.939e+00,3.626e+00,2.123e+00,2.297e+00,3.220e+00,4.120e+00,4.119e+00,4.935e+00,4.394e+00,3.648e+00,4.256e+00,5.058e+00,5.088e+00,7.719e+00,8.176e+00,7.421e+00,4.501e+00,5.774e+00,5.621e+00,7.905e+00,8.946e+00,6.390e+00,7.400e+00,7.296e+00,9.508e+00,7.469e+00,5.265e+00,9.274e+00,9.469e+00,7.421e+00,9.309e+00,9.668e+00,8.973e+00,9.187e+00,8.215e+00,9.788e+00,9.119e+00,9.360e+00,8.941e+00,8.731e+00,9.798e+00,1.189e+01,1.163e+01,8.410e+00,1.060e+01,8.564e+00,8.729e+00
3.297e-02,2.536e-01,8.348e-01,3.591e-01,7.293e-01,1.069e+00,9.008e-01,1.276e+00,1.009e+00,1.322e+00,2.360e+00,2.072e+00,2.389e+00,2.685e+00,4.079e+00,3.853e+00,5.035e+00,3.957e+00,4.449e+00,4.106e+00,4.446e+00,4.016e+00,6.875e+00,7.018e+00,6.291e+00,4.653e+00,5.768e+00,6.099e+00,6.603e+00,8.198e+00,5.906e+00,7.305e+00,7.060e+00,8.349e+00,7.455e+00,6.033e+00,9.332e+00,7.750e+00,7.056e+00,8.497e+00,9.949e+00,7.951e+00,1.050e+01,7.437e+00,9.718e+00,8.940e+00,8.782e+00,8.628e+00,9.272e+00,8.989e+00,1.024e+01,1.031e+01,8.053e+00,8.564e+00,8.036e+00,9.692e+00
2.876e-02,1.543e-01,6.638e-01,4.231e-01,1.122e+00,1.188e+00,1.114e+00,1.660e+00,1.315e+00,1.461e+00,2.889e+00,1.527e+00,1.634e+00,2.243e+00,3.223e+00,3.066e+00,4.165e+00,3.549e+00,3.740e+00,3.818e+00,5.149e+00,4.616e+00,6.568e+00,6.520e+00,5.919e+00,4.314e+00,5.640e+00,4.744e+00,7.313e+00,8.222e+00,5.633e+00,7.214e+00,7.353e+00,8.209e+00,7.118e+00,4.800e+00,9.391e+00,7.680e+00,6.664e+00,8.192e+00,9.145e+00,8.844e+00,8.693e+00,8.536e+00,9.233e+00,8.624e+00,9.727e+00,8.046e+00,8.330e+00,9.068e+00,9.355e+00,9.859e+00,8.313e+00,8.820e+00,8.074e+00,9.482e+00
7.373e-03,4.321e-01,8.043e-01,3.282e-01,6.267e-01,1.159e+00,9.071e-01,1.015e+00,7.571e-01,1.508e+00,1.856e+00,1.589e+00,1.811e+00,2.823e+00,3.358e+00,2.945e+00,4.025e+00,3.200e+00,4.388e+00,4.090e+00,3.684e+00,3.814e+00,6.508e+00,7.294e+00,5.817e+00,3.916e+00,6.626e+00,5.898e+00,6.368e+00,7.128e+00,6.207e+00,5.534e+00,7.254e+00,8.150e+00,8.052e+00,5.844e+00,9.862e+00,7.904e+00,7.912e+00,8.740e+00,1.036e+01,7.826e+00,1.122e+01,9.099e+00,1.206e+01,9.259e+00,1.064e+01,9.989e+00,1.057e+01,9.450e+00,1.095e+01,1.198e+01,1.130e+01,1.153e+01,8.590e+00,1.129e+01
2.202e-02,6.083e-01,1.323e+00,5.746e-01,1.083e+00,1.652e+00,1.276e+00,1.810e+00,1.280e+00,1.522e+00,2.708e+00,2.581e+00,2.305e+00,2.836e+00,3.741e+00,3.802e+00,4.324e+00,3.264e+00,4.651e+00,4.698e+00,4.262e+00,4.252e+00,6.798e+00,7.373e+00,7.079e+00,3.910e+00,6.574e+00,5.943e+00,7.942e+00,8.634e+00,6.841e+00,7.406e+00,7.744e+00,9.576e+00,7.948e+00,6.491e+00,1.051e+01,9.260e+00,8.506e+00,9.976e+00,1.073e+01,8.876e+00,1.176e+01,1.002e+01,1.149e+01,1.134e+01,1.176e+01,1.069e+01,1.115e+01,1.048e+01,1.301e+01,1.366e+01,1.011e+01,1.295e+01,1.009e+01,1.171e+01
2.096e-02,5.087e-01,1.325e+00,7.411e-01,1.556e+00,2.241e+00,1.992e+00,2.401e+00,1.853e+00,2.785e+00,4.282e+00,2.765e+00,3.019e+00,4.503e+00,5.096e+00,4.447e+00,5.667e+00,4.197e+00,4.927e+00,4.328e+00,5.633e+00,5.935e+00,7.858e+00,7.737e+00,7.212e+00,4.056e+00,6.128e+00,5.884e+00,8.769e+00,8.657e+00,7.114e+00,7.697e+00,7.488e+00,9.055e+00,7.823e+00,6.956e+00,1.037e+01,9.377e+00,9.210e+00,1.048e+01,1.011e+01,9.423e+00,1.223e+01,1.025e+01,1.365e+01,1.076e+01,1.302e+01,1.163e+01,1.232e+01,1.259e+01,1.260e+01,1.313e+01,9.526e+00,1.316e+01,1.023e+01,1.213e+01
3.572e-02,4.383e-01,1.286e+00,6.131e-01,1.116e+00,2.204e+00,1.978e+00,2.263e+00,1.597e+00,2.722e+00,4.217e+00,2.892e+00,3.458e+00,5.075e+00,5.563e+00,5.426e+00,6.443e+00,4.757e+00,6.481e+00,4.949e+00,6.078e+00,7.008e+00,8.829e+00,8.637e+00,8.515e+00,5.498e+00,7.508e+00,6.989e+00,9.073e+00,9.930e+00,7.141e+00,7.095e+00,8.423e+00,8.249e+00,8.491e+00,6.671e+00,9.598e+00,8.602e+00,9.113e+00,8.453e+00,9.280e+00,9.244e+00,1.045e+01,9.596e+00,1.122e+01,9.509e+00,1.086e+01,9.797e+00,1.120e+01,1.129e+01,1.211e+01,1.427e+01,9.179e+00,1.130e+01,1.004e+01,1.084e+01
2.306e-02,4.317e-01,1.124e+00,6.256e-01,8.463e-01,1.952e+00,1.730e+00,2.024e+00,1.264e+00,2.383e+00,3.609e+00,3.083e+00,3.280e+00,4.187e+00,4.898e+00,4.329e+00,5.606e+00,3.889e+00,5.932e+00,5.722e+00,5.560e+00,5.991e+00,8.290e+00,8.405e+00,8.440e+00,5.240e+00,8.362e+00,6.119e+00,8.910e+00,9.558e+00,7.439e+00,7.953e+00,8.166e+00,9.383e+00,8.076e+00,6.273e+00,9.533e+00,9.206e+00,9.263e+00,1.035e+01,9.864e+00,9.665e+00,1.068e+01,9.648e+00,1.208e+01,1.160e+01,1.254e+01,1.065e+01,1.088e+01,1.090e+01,1.332e+01,1.386e+01,1.102e+01,1.289e+01,1.132e+01,1.210e+01
4.396e-02,1.784e-01,1.112e+00,5.590e-01,9.560e-01,1.450e+00,1.428e+00,1.607e+00,1.392e+00,1.658e+00,2.901e+00,2.026e+00,2.083e+00,2.617e+00,3.090e+00,3.651e+00,4.012e+00,3.973e+00,3.627e+00,4.248e+00,4.465e+00,4.385e+00,6.326e+00,6.583e+00,6.491e+00,3.913e+00,5.805e+00,5.969e+00,7.459e+00,9.571e+00,6.951e+00,7.583e+00,7.613e+00,9.063e+00,7.765e+00,5.669e+00,9.951e+00,9.077e+00,7.822e+00,8.839e+00,1.092e+01,9.369e+00,1.170e+01,9.812e+00,1.333e+01,9.964e+00,1.184e+01,1.090e+01,1.281e+01,1.207e+01,1.361e+01,1.272e+01,1.110e+01,1.294e+01,9.625e+00,1.218e+01
1.002e-02,3.424e-01,9.353e-01,4.701e-01,9.246e-01,1.786e+00,1.591e+00,1.659e+00,1.322e+00,2.397e+00,3.187e+00,2.838e+00,3.266e+00,4.662e+00,5.126e+00,4.061e+00,5.917e+00,4.735e+00,6.188e+00,5.752e+00,4.972e+00,5.792e+00,8.058e+00,8.498e+00,7.380e+00,5.113e+00,8.309e+00,7.231e+00,7.945e+00,9.067e+00,6.935e+00,7.268e+00,7.904e+00,9.730e+00,8.649e+00,7.572e+00,1.054e+01,8.925e+00,8.145e+00,9.691e+00,1.108e+01,8.864e+00,1.258e+01,9.204e+00,1.417e+01,1.228e+01,1.184e+01,1.169e+01,1.215e+01,1.196e+01,1.315e+01,1.433e+01,1.054e+01,1.421e+01,1.053e+01,1.156e+01
4.942e-02,5.535e-01,1.504e+00,5.553e-01,1.502e+00,1.548e+00,1.308e+00,2.011e+00,1.820e+00,2.046e+00,4.020e+00,2.918e+00,2.556e+00,4.149e+00,5.154e+00,5.055e+00,6.052e+00,4.532e+00,5.628e+00,4.321e+00,5.865e+00,5.512e+00,8.094e+00,8.275e+00,7.011e+00,4.519e+00,6.028e+00,6.561e+00,8.874e+00,8.204e+00,6.417e+00,7.301e+00,8.784e+00,9.842e+00,8.251e+00,6.913e+00,1.080e+01,9.105e+00,8.926e+00,1.010e+01,1.157e+01,9.651e+00,1.285e+01,1.066e+01,1.307e+01,1.132e+01,1.434e+01,1.217e+01,1.409e+01,1.440e+01,1.482e+01,1.462e+01,1.168e+01,1.391e+01,1.196e+01,1.479e+01
4.514e-02,2.105e-01,1.274e+00,5.343e-01,1.419e+00,1.684e+00,1.579e+00,1.897e+00,1.996e+00,2.315e+00,3.344e+00,2.537e+00,3.220e+00,3.358e+00,3.823e+00,4.162e+00,4.959e+00,4.535e+00,4.368e+00,4.665e+00,5.038e+00,5.273e+00,7.721e+00,7.917e+00,6.787e+00,4.333e+00,6.470e+00,6.890e+00,6.911e+00,7.801e+00,6.105e+00,6.755e+00,7.573e+00,8.918e+00,8.022e+00,5.910e+00,8.508e+00,8.256e+00,8.578e+00,7.727e+00,9.688e+00,9.555e+00,9.650e+00,8.479e+00,1.143e+01,8.346e+00,1.127e+01,9.706e+00,1.246e+01,1.221e+01,1.221e+01,1.223e+01,1.107e+01,1.147e+01,1.048e+01,1.332e+01
9.007e-03,3.132e-01,9.915e-01,6.807e-01,9.934e-01,2.152e+00,1.932e+00,2.077e+00,1.386e+00,2.845e+00,3.410e+00,2.895e+00,3.302e+00,4.405e+00,5.091e+00,4.351e+00,6.225e+00,4.216e+00,5.986e+00,5.546e+00,6.496e+00,6.718e+00,9.497e+00,9.028e+00,8.327e+00,5.335e+00,7.326e+00,6.247e+00,8.387e+00,9.380e+00,7.460e+00,7.489e+00,7.988e+00,8.581e+00,8.042e+00,6.200e+00,9.844e+00,8.772e+00,9.807e+00,9.968e+00,1.056e+01,8.338e+00,1.115e+01,9.948e+00,1.251e+01,1.079e+01,1.223e+01,1.108e+01,1.302e+01,1.353e+01,1.474e+01,1.446e+01,1.184e+01,1.521e+01,1.192e+01,1.433e+01
1.086e-02,3.064e-01,6.682e-01,2.873e-01,1.139e+00,1.177e+00,1.045e+00,1.679e+00,1.312e+00,1.589e+00,3.638e+00,2.338e+00,2.857e+00,4.065e+00,4.882e+00,4.918e+00,5.483e+00,4.549e+00,4.910e+00,4.937e+00,5.321e+00,5.554e+00,8.265e+00,6.874e+00,7.543e+00,5.682e+00,7.168e+00,6.884e+00,7.787e+00,8.757e+00,5.688e+00,6.368e+00,8.443e+00,8.739e+00,7.493e+00,7.015e+00,9.858e+00,8.531e+00,8.101e+00,8.250e+00,1.164e+01,9.090e+00,1.227e+01,9.545e+00,1.179e+01,1.101e+01,1.194e+01,1.149e+01,9.954e+00,1.211e+01,1.299e+01,1.385e+01,1.147e+01,1.331e+01,1.059e+01,1.274e+01
3.849e-02,3.947e-01,1.213e+00,5.373e-01,1.086e+00,1.712e+00,1.570e+00,2.041e+00,1.584e+00,2.685e+00,4.352e+00,3.097e+00,3.628e+00,5.373e+00,5.979e+00,5.376e+00,6.979e+00,5.326e+00,7.250e+00,6.115e+00,6.905e+00,7.393e+00,9.772e+00,9.791e+00,9.645e+00,6.182e+00,8.799e+00,7.376e+00,1.012e+01,1.134e+01,8.971e+00,8.899e+00,9.881e+00,1.083e+01,9.951e+00,8.343e+00,1.129e+01,1.062e+01,9.983e+00,1.055e+01,1.119e+01,1.033e+01,1.263e+01,1.146e+01,1.473e+01,1.336e+01,1.447e+01,1.244e+01,1.401e+01,1.315e+01,1.515e+01,1.735e+01,1.310e+01,1.628e+01,1.380e+01,1.610e+01
6.150e-04,2.927e-01,5.292e-01,3.386e-01,6.173e-01,1.456e+00,1.451e+00,1.260e+00,8.265e-01,2.286e+00,2.892e+00,1.343e+00,1.616e+00,3.501e+00,2.938e+00,3.468e+00,3.944e+00,3.509e+00,4.416e+00,3.514e+00,3.799e+00,4.510e+00,5.853e+00,6.260e+00,6.585e+00,3.317e+00,6.186e+00,5.300e+00,8.002e+00,9.403e+00,8.034e+00,7.254e+00,8.470e+00,8.886e+00,8.543e+00,5.688e+00,9.792e+00,8.906e+00,8.325e+00,9.578e+00,9.979e+00,8.661e+00,1.209e+01,9.292e+00,1.239e+01,9.307e+00,1.216e+01,1.093e+01,1.217e+01,1.141e+01,1.429e+01,1.373e+01,1.205e+01,1.308e+01,1.208e+01,1.475e+01
4.290e-02,5.801e-01,1.412e+00,5.156e-01,8.131e-01,2.017e+00,1.728e+00,1.811e+00,1.258e+00,2.297e+00,3.506e+00,2.685e+00,3.483e+00,4.405e+00,5.220e+00,5.101e+00,5.768e+00,4.573e+00,5.991e+00,4.991e+00,4.420e+00,5.424e+00,7.079e+00,7.601e+00,6.733e+00,4.101e+00,7.105e+00,7.325e+00,7.955e+00,8.377e+00,6.875e+00,6.497e+00,8.238e+00,8.407e+00,8.829e+00,7.076e+00,9.585e+00,8.742e+00,8.588e+00,8.642e+00,9.505e+00,9.079e+00,1.144e+01,9.208e+00,1.236e+01,9.479e+00,1.133e+01,1.140e+01,1.125e+01,1.139e+01,1.292e+01,1.421e+01,1.130e+01,1.287e+01,1.257e+01,1.517e+01
