6.435e-03,1.286e-01,8.993e-01,2.413e-01,4.353e-01,5.176e-01,4.909e-01,5.230e-01,8.201e-02,7.847e-01,2.194e-01,5.572e-01,9.933e-01,1.224e-01,4.240e-01,8.215e-01,6.987e-01,9.771e-01,4.508e-01,1.005e-01,6.867e-01,1.035e-01,6.587e-01,3.455e-01,1.199e-01,7.751e-01,9.304e-01,5.843e-01,3.878e-01,8.517e-01
3.417e-03,7.380e-01,9.573e-01,8.739e-01,5.206e-01,4.849e-01,5.747e-01,9.069e-01,8.182e-01,8.270e-01,1.206e-01,4.073e-01,8.880e-01,2.806e-01,6.833e-01,8.554e-01,8.960e-01,1.463e+00,2.458e-01,8.629e-01,6.314e-01,5.779e-01,7.362e-01,3.270e-01,5.077e-01,1.376e+00,1.057e+00,7.210e-01,4.790e-01,1.054e+00
4.881e-03,1.065e-01,1.635e+00,4.351e-01,1.143e+00,1.247e+00,4.635e-01,5.583e-01,5.928e-01,1.086e+00,4.649e-01,7.710e-01,1.185e+00,5.585e-01,7.592e-01,1.138e+00,9.608e-01,1.324e+00,1.291e+00,9.514e-01,6.350e-01,9.197e-01,9.867e-01,5.582e-01,2.615e-01,1.080e+00,1.549e+00,1.078e+00,8.951e-01,7.344e-01
1.108e-03,2.855e-01,1.104e+00,1.237e+00,1.670e+00,1.247e+00,3.884e-01,1.250e+00,1.696e+00,1.338e+00,5.556e-01,1.187e+00,7.665e-01,9.237e-01,8.011e-01,1.407e+00,1.333e+00,1.791e+00,1.691e+00,1.062e+00,3.535e-01,1.659e+00,7.684e-01,8.289e-01,8.555e-01,1.530e+00,1.169e+00,8.308e-01,1.454e+00,4.817e-01
2.436e-03,5.650e-01,8.975e-01,1.337e+00,1.873e+00,1.259e+00,1.246e+00,1.526e+00,2.105e+00,1.437e+00,4.691e-01,1.804e+00,1.769e+00,1.670e+00,1.108e+00,1.621e+00,1.578e+00,2.755e+00,1.273e+00,1.680e+00,5.574e-01,2.178e+00,1.022e+00,1.479e+00,1.494e+00,1.852e+00,1.926e+00,1.598e+00,1.786e+00,1.146e+00
2.137e-03,6.888e-01,8.193e-01,1.453e+00,1.418e+00,1.693e+00,1.396e+00,1.721e+00,1.973e+00,2.319e+00,4.125e-01,1.345e+00,1.225e+00,1.006e+00,9.633e-01,2.397e+00,1.633e+00,2.695e+00,1.925e+00,1.460e+00,1.255e+00,2.275e+00,1.514e+00,1.656e+00,1.716e+00,1.977e+00,2.292e+00,1.601e+00,1.596e+00,1.495e+00
5.541e-03,7.087e-01,2.111e+00,1.294e+00,1.680e+00,1.958e+00,1.252e+00,2.092e+00,1.634e+00,2.924e+00,1.295e+00,1.232e+00,2.331e+00,1.853e+00,2.115e+00,2.335e+00,2.408e+00,3.260e+00,2.703e+00,2.603e+00,1.927e+00,2.504e+00,1.918e+00,1.736e+00,1.995e+00,3.105e+00,3.294e+00,1.877e+00,1.697e+00,2.254e+00
2.253e-03,1.387e-01,4.143e-01,4.626e-01,1.011e+00,1.230e+00,1.278e+00,1.131e+00,1.203e+00,2.617e+00,1.599e+00,1.283e+00,2.124e+00,2.458e+00,1.608e+00,1.768e+00,1.336e+00,2.785e+00,1.859e+00,1.844e+00,1.301e+00,1.929e+00,1.188e+00,2.632e+00,2.545e+00,1.587e+00,2.314e+00,1.702e+00,1.922e+00,1.350e+00
2.517e-03,6.285e-01,1.494e+00,1.277e+00,2.043e+00,2.122e+00,1.694e+00,1.708e+00,2.777e+00,3.673e+00,1.497e+00,2.505e+00,2.752e+00,3.201e+00,1.979e+00,2.682e+00,2.559e+00,3.790e+00,2.946e+00,3.701e+00,2.312e+00,3.716e+00,2.079e+00,3.044e+00,3.105e+00,2.571e+00,3.621e+00,2.570e+00,3.177e+00,2.479e+00
8.597e-05,3.380e-01,7.809e-01,9.460e-01,1.434e+00,1.619e+00,1.135e+00,1.305e+00,1.928e+00,3.168e+00,1.091e+00,1.766e+00,1.999e+00,2.676e+00,1.622e+00,2.433e+00,2.000e+00,3.152e+00,2.770e+00,2.993e+00,1.821e+00,2.935e+00,2.323e+00,2.917e+00,2.508e+00,2.136e+00,2.427e+00,2.005e+00,2.171e+00,1.500e+00
3.226e-03,2.951e-01,8.909e-01,7.988e-01,1.547e+00,1.440e+00,1.352e+00,1.167e+00,1.831e+00,2.563e+00,8.700e-01,2.647e+00,3.179e+00,3.427e+00,1.429e+00,2.896e+00,2.413e+00,3.595e+00,2.785e+00,3.213e+00,2.312e+00,2.890e+00,2.885e+00,3.289e+00,2.843e+00,2.224e+00,3.127e+00,2.206e+00,2.585e+00,2.665e+00
3.796e-03,6.357e-01,1.397e+00,1.108e+00,1.569e+00,1.983e+00,1.662e+00,1.560e+00,2.211e+00,3.969e+00,1.569e+00,2.510e+00,3.478e+00,3.975e+00,2.750e+00,3.725e+00,2.932e+00,4.108e+00,3.775e+00,3.674e+00,3.078e+00,3.429e+00,3.216e+00,4.376e+00,3.417e+00,2.936e+00,4.092e+00,3.123e+00,2.930e+00,3.258e+00
3.267e-03,1.463e-01,9.909e-01,4.121e-01,8.875e-01,1.202e+00,8.074e-01,8.668e-01,1.284e+00,3.345e+00,1.454e+00,1.824e+00,2.445e+00,3.495e+00,2.080e+00,3.249e+00,2.315e+00,3.355e+00,3.194e+00,3.883e+00,2.831e+00,2.734e+00,2.420e+00,3.103e+00,3.256e+00,2.913e+00,2.917e+00,2.200e+00,2.738e+00,2.842e+00
3.357e-03,6.108e-01,1.310e+00,1.206e+00,1.502e+00,1.239e+00,1.001e+00,1.873e+00,1.999e+00,3.222e+00,1.594e+00,2.455e+00,3.584e+00,4.756e+00,3.345e+00,4.362e+00,4.332e+00,4.823e+00,4.017e+00,5.118e+00,3.641e+00,3.348e+00,3.615e+00,4.199e+00,4.005e+00,4.370e+00,3.709e+00,3.264e+00,3.061e+00,3.833e+00
2.815e-03,1.698e-01,8.764e-01,5.007e-01,1.360e+00,1.447e+00,1.294e+00,8.385e-01,1.642e+00,2.544e+00,1.139e+00,2.574e+00,3.283e+00,4.368e+00,2.768e+00,4.463e+00,3.374e+00,4.749e+00,3.467e+00,5.699e+00,3.599e+00,3.822e+00,3.841e+00,4.991e+00,4.033e+00,3.805e+00,3.918e+00,4.350e+00,3.413e+00,3.899e+00
3.878e-04,5.295e-01,6.793e-01,8.568e-01,8.405e-01,7.731e-01,6.783e-01,1.292e+00,1.513e+00,2.413e+00,1.125e+00,1.683e+00,2.483e+00,3.733e+00,2.873e+00,3.470e+00,3.954e+00,4.653e+00,3.118e+00,5.688e+00,3.984e+00,3.891e+00,3.894e+00,4.299e+00,4.262e+00,4.214e+00,3.513e+00,3.884e+00,3.250e+00,4.163e+00
3.063e-03,5.451e-01,1.513e+00,1.256e+00,2.090e+00,2.158e+00,1.715e+00,2.051e+00,2.625e+00,4.110e+00,2.048e+00,2.868e+00,3.910e+00,5.066e+00,3.423e+00,4.709e+00,4.850e+00,6.105e+00,4.815e+00,6.124e+00,4.874e+00,4.927e+00,4.193e+00,5.677e+00,5.199e+00,4.468e+00,5.523e+00,4.565e+00,5.341e+00,5.176e+00
3.349e-03,3.312e-01,1.559e+00,9.993e-01,2.048e+00,1.926e+00,1.401e+00,1.789e+00,2.044e+00,3.304e+00,1.575e+00,2.679e+00,3.872e+00,4.791e+00,3.007e+00,4.153e+00,3.861e+00,6.208e+00,5.243e+00,6.158e+00,4.867e+00,5.390e+00,4.644e+00,5.064e+00,4.964e+00,4.410e+00,5.771e+00,3.799e+00,4.837e+00,5.578e+00
4.310e-03,1.201e-01,1.305e+00,4.784e-01,1.542e+00,1.607e+00,1.264e+00,9.840e-01,1.296e+00,2.510e+00,9.815e-01,2.072e+00,2.953e+00,3.038e+00,1.894e+00,2.712e+00,3.001e+00,4.391e+00,3.169e+00,4.391e+00,3.717e+00,4.513e+00,4.449e+00,3.926e+00,3.537e+00,3.118e+00,4.386e+00,4.390e+00,3.400e+00,3.944e+00
1.055e-03,6.156e-01,1.378e+00,1.150e+00,1.360e+00,1.649e+00,9.487e-01,1.463e+00,1.817e+00,2.845e+00,1.406e+00,1.179e+00,1.869e+00,2.388e+00,2.378e+00,2.726e+00,2.625e+00,4.254e+00,3.176e+00,5.292e+00,4.062e+00,3.737e+00,3.145e+00,4.016e+00,4.087e+00,3.591e+00,4.006e+00,3.712e+00,3.989e+00,3.619e+00
5.755e-03,4.693e-01,1.977e+00,1.220e+00,2.305e+00,2.554e+00,1.836e+00,1.615e+00,2.247e+00,3.509e+00,9.211e-01,2.722e+00,3.391e+00,3.557e+00,2.658e+00,4.740e+00,4.119e+00,6.378e+00,4.831e+00,6.183e+00,5.825e+00,6.431e+00,6.303e+00,5.823e+00,4.631e+00,5.117e+00,6.278e+00,6.646e+00,5.284e+00,6.055e+00
2.085e-03,8.644e-02,1.068e+00,8.864e-01,1.855e+00,1.557e+00,9.211e-01,1.201e+00,2.012e+00,2.912e+00,1.471e+00,2.267e+00,2.407e+00,3.169e+00,1.934e+00,2.560e+00,3.002e+00,4.374e+00,3.171e+00,4.395e+00,3.599e+00,4.960e+00,3.803e+00,4.552e+00,4.528e+00,3.499e+00,4.146e+00,4.669e+00,4.750e+00,4.461e+00
4.264e-03,7.108e-01,1.266e+00,1.063e+00,1.414e+00,1.213e+00,1.326e+00,1.441e+00,2.069e+00,2.831e+00,1.270e+00,2.404e+00,3.253e+00,3.804e+00,2.609e+00,3.450e+00,3.812e+00,5.313e+00,3.177e+00,6.419e+00,5.542e+00,5.162e+00,5.315e+00,5.668e+00,5.903e+00,5.788e+00,6.087e+00,6.620e+00,5.173e+00,6.892e+00
3.485e-04,1.353e-01,9.230e-01,6.709e-01,1.436e+00,1.368e+00,8.053e-01,1.124e+00,1.602e+00,2.778e+00,1.327e+00,2.209e+00,3.002e+00,4.471e+00,3.210e+00,3.982e+00,3.747e+00,4.701e+00,4.738e+00,6.359e+00,5.284e+00,4.772e+00,4.836e+00,6.911e+00,5.710e+00,5.296e+00,4.922e+00,5.723e+00,5.167e+00,5.568e+00
1.969e-03,2.897e-01,1.392e+00,1.228e+00,1.793e+00,1.597e+00,6.514e-01,1.771e+00,2.056e+00,3.535e+00,1.855e+00,2.100e+00,2.657e+00,4.080e+00,3.252e+00,4.075e+00,4.506e+00,5.353e+00,4.676e+00,5.626e+00,4.839e+00,5.382e+00,5.114e+00,6.373e+00,6.456e+00,6.677e+00,5.930e+00,6.987e+00,6.534e+00,6.878e+00
4.642e-04,5.276e-01,1.064e+00,1.161e+00,1.560e+00,1.857e+00,1.350e+00,1.904e+00,2.379e+00,3.993e+00,1.541e+00,2.536e+00,3.176e+00,4.522e+00,3.319e+00,4.297e+00,3.994e+00,5.470e+00,5.336e+00,7.356e+00,6.484e+00,6.685e+00,6.181e+00,7.177e+00,6.780e+00,7.453e+00,7.079e+00,7.930e+00,6.396e+00,8.070e+00
2.814e-03,1.991e-01,1.289e+00,8.882e-01,1.472e+00,1.704e+00,8.281e-01,1.138e+00,1.797e+00,3.609e+00,1.575e+00,2.181e+00,2.664e+00,3.655e+00,2.564e+00,3.950e+00,2.851e+00,5.003e+00,4.394e+00,5.990e+00,4.835e+00,4.990e+00,4.872e+00,6.004e+00,5.692e+00,5.554e+00,5.342e+00,6.630e+00,5.895e+00,5.753e+00
5.610e-03,2.761e-01,1.351e+00,5.322e-01,9.870e-01,1.479e+00,1.082e+00,1.009e+00,1.113e+00,3.465e+00,1.457e+00,1.973e+00,3.247e+00,3.649e+00,2.587e+00,4.108e+00,3.630e+00,5.913e+00,4.083e+00,6.633e+00,6.262e+00,5.390e+00,6.285e+00,6.585e+00,6.882e+00,6.946e+00,6.363e+00,8.523e+00,7.632e+00,7.817e+00
6.324e-03,5.093e-01,1.383e+00,9.528e-01,1.253e+00,1.123e+00,1.052e+00,1.718e+00,1.328e+00,2.838e+00,1.803e+00,1.900e+00,3.489e+00,3.930e+00,3.254e+00,3.657e+00,3.802e+00,5.213e+00,3.799e+00,5.108e+00,4.893e+00,4.177e+00,4.823e+00,5.867e+00,6.518e+00,7.012e+00,6.638e+00,7.673e+00,6.714e+00,7.675e+00
6.357e-03,4.707e-01,1.963e+00,1.086e+00,1.706e+00,1.736e+00,1.107e+00,1.879e+00,1.737e+00,3.427e+00,1.761e+00,1.836e+00,2.834e+00,3.203e+00,3.146e+00,3.631e+00,4.298e+00,5.945e+00,3.936e+00,6.612e+00,5.876e+00,5.850e+00,5.648e+00,6.262e+00,6.737e+00,8.353e+00,6.769e+00,8.923e+00,7.445e+00,8.497e+00
