9.525e-01,3.851e-02,7.175e-01,7.134e-01,9.875e-02,1.954e-02,3.388e-01,1.956e-01,2.153e-01,4.698e-02,4.266e-01,2.797e-01,4.091e-02,7.925e-01,9.748e-01,5.510e-01,3.484e-01,5.454e-01,2.517e-01,6.849e-01,7.022e-01,9.129e-01,2.781e-01,8.759e-01,7.149e-01,4.364e-01,6.134e-01,8.070e-01,2.830e-01,8.145e-01,7.030e-01,8.016e-01,1.085e-01,4.320e-01
5.279e-01,6.764e-01,1.215e+00,1.376e+00,7.796e-01,9.684e-01,9.489e-01,6.165e-01,6.178e-01,1.644e-01,4.921e-01,5.403e-01,1.011e+00,7.755e-01,1.397e+00,1.219e+00,3.674e-01,1.185e+00,6.345e-01,1.169e+00,6.182e-01,1.028e+00,4.635e-01,1.461e+00,5.196e-01,4.611e-01,4.987e-01,6.976e-01,2.898e-01,5.332e-01,1.277e+00,8.835e-01,9.668e-01,9.161e-01
8.215e-01,1.761e-01,1.046e+00,1.777e+00,9.105e-01,6.909e-01,1.434e+00,1.191e+00,3.515e-01,1.005e+00,7.720e-01,1.145e+00,9.847e-01,1.177e+00,1.190e+00,1.125e+00,8.362e-01,1.184e+00,1.061e+00,1.492e+00,1.331e+00,1.262e+00,1.121e+00,1.283e+00,7.780e-01,6.399e-01,1.289e+00,1.580e+00,7.770e-01,1.031e+00,1.344e+00,1.378e+00,7.089e-01,1.470e+00
2.367e-01,3.147e-01,5.907e-01,1.116e+00,7.997e-01,1.199e+00,1.167e+00,9.032e-01,8.012e-01,4.853e-01,3.035e-01,1.278e+00,1.296e+00,1.159e+00,1.389e+00,7.462e-01,9.632e-01,6.188e-01,1.085e+00,1.194e+00,4.308e-01,7.536e-01,7.201e-01,1.500e+00,7.751e-01,9.397e-01,1.220e+00,6.858e-01,4.658e-01,1.054e+00,6.804e-01,9.617e-01,8.266e-01,1.281e+00
5.370e-01,5.608e-01,1.267e+00,2.243e+00,2.331e+00,2.686e+00,3.010e+00,2.525e+00,1.926e+00,1.787e+00,9.515e-01,2.669e+00,2.536e+00,2.658e+00,2.054e+00,2.262e+00,2.199e+00,2.334e+00,2.572e+00,2.917e+00,1.905e+00,2.188e+00,1.750e+00,2.682e+00,1.720e+00,1.273e+00,2.774e+00,1.755e+00,1.152e+00,1.548e+00,1.729e+00,2.339e+00,1.911e+00,2.656e+00
7.924e-01,5.353e-01,1.389e+00,2.259e+00,1.999e+00,3.208e+00,3.054e+00,2.461e+00,2.073e+00,2.127e+00,1.579e+00,2.663e+00,2.918e+00,3.083e+00,2.656e+00,2.932e+00,2.932e+00,2.177e+00,3.123e+00,3.272e+00,1.925e+00,2.485e+00,1.783e+00,3.370e+00,2.335e+00,2.055e+00,3.543e+00,2.280e+00,1.107e+00,2.243e+00,2.593e+00,2.300e+00,2.073e+00,2.702e+00
4.547e-01,3.392e-01,9.062e-01,1.462e+00,1.052e+00,1.573e+00,1.811e+00,2.166e+00,1.638e+00,2.099e+00,1.790e+00,1.649e+00,2.348e+00,2.130e+00,1.940e+00,2.391e+00,2.330e+00,2.218e+00,1.599e+00,1.773e+00,1.247e+00,1.515e+00,1.647e+00,2.142e+00,1.507e+00,1.204e+00,1.767e+00,1.591e+00,1.035e+00,1.728e+00,1.787e+00,2.109e+00,1.996e+00,2.015e+00
2.992e-01,3.439e-01,6.714e-01,8.845e-01,1.262e+00,1.438e+00,1.522e+00,1.955e+00,1.437e+00,1.944e+00,1.146e+00,1.360e+00,2.183e+00,2.061e+00,1.550e+00,2.184e+00,1.553e+00,2.144e+00,2.023e+00,1.536e+00,1.542e+00,2.219e+00,1.231e+00,1.452e+00,1.815e+00,1.281e+00,2.118e+00,1.730e+00,1.285e+00,1.086e+00,1.009e+00,2.105e+00,2.186e+00,1.425e+00
4.185e-01,2.441e-01,7.560e-01,1.454e+00,1.070e+00,1.900e+00,1.987e+00,2.361e+00,2.184e+00,3.032e+00,2.625e+00,2.492e+00,2.868e+00,3.086e+00,3.135e+00,2.567e+00,3.455e+00,3.015e+00,2.812e+00,2.589e+00,2.131e+00,1.824e+00,2.593e+00,2.499e+00,2.625e+00,1.979e+00,2.578e+00,2.550e+00,2.030e+00,2.314e+00,1.893e+00,3.239e+00,2.587e+00,3.063e+00
2.846e-01,3.416e-01,7.040e-01,1.356e+00,1.544e+00,2.111e+00,2.095e+00,1.931e+00,1.973e+00,2.408e+00,2.540e+00,3.277e+00,2.364e+00,2.798e+00,2.909e+00,1.938e+00,3.389e+00,3.010e+00,3.187e+00,3.464e+00,2.473e+00,2.828e+00,2.857e+00,2.239e+00,2.842e+00,2.607e+00,3.124e+00,2.932e+00,1.979e+00,2.289e+00,1.423e+00,2.960e+00,2.237e+00,2.754e+00
9.704e-03,8.195e-02,3.072e-01,1.078e+00,1.190e+00,2.175e+00,2.054e+00,2.215e+00,1.728e+00,3.034e+00,3.511e+00,3.336e+00,3.061e+00,2.977e+00,2.756e+00,3.223e+00,3.959e+00,3.283e+00,3.223e+00,3.766e+00,2.485e+00,3.508e+00,3.707e+00,2.819e+00,2.812e+00,3.632e+00,3.619e+00,2.997e+00,2.314e+00,3.138e+00,1.791e+00,2.631e+00,2.641e+00,2.899e+00
8.507e-01,6.834e-01,1.460e+00,1.967e+00,1.504e+00,2.766e+00,2.415e+00,2.402e+00,2.585e+00,2.803e+00,3.173e+00,3.397e+00,3.933e+00,4.701e+00,4.747e+00,4.312e+00,4.097e+00,4.356e+00,3.797e+00,4.078e+00,3.007e+00,4.356e+00,3.741e+00,4.935e+00,4.013e+00,3.688e+00,3.766e+00,3.200e+00,3.369e+00,3.378e+00,3.462e+00,4.628e+00,4.072e+00,4.463e+00
8.826e-02,2.100e-01,5.095e-01,1.257e+00,1.731e+00,2.432e+00,2.459e+00,2.703e+00,1.917e+00,2.898e+00,1.774e+00,2.475e+00,3.354e+00,3.528e+00,2.789e+00,3.574e+00,3.295e+00,3.008e+00,3.112e+00,3.439e+00,2.745e+00,2.939e+00,2.178e+00,2.837e+00,2.322e+00,2.494e+00,3.885e+00,2.897e+00,1.850e+00,2.478e+00,2.546e+00,2.671e+00,2.996e+00,3.096e+00
6.582e-01,5.239e-02,5.682e-01,9.566e-01,5.986e-01,9.339e-01,1.184e+00,1.686e+00,1.597e+00,2.251e+00,2.324e+00,2.449e+00,2.527e+00,4.447e+00,4.522e+00,3.626e+00,3.957e+00,3.657e+00,3.111e+00,3.284e+00,2.616e+00,4.040e+00,3.546e+00,4.037e+00,3.569e+00,3.702e+00,3.281e+00,3.723e+00,3.210e+00,3.052e+00,2.607e+00,4.389e+00,3.292e+00,3.834e+00
9.088e-02,3.686e-01,5.617e-01,1.100e+00,1.464e+00,2.175e+00,2.019e+00,2.320e+00,2.167e+00,2.543e+00,1.977e+00,2.663e+00,3.302e+00,4.398e+00,4.409e+00,4.722e+00,5.115e+00,4.719e+00,4.356e+00,4.205e+00,3.388e+00,4.385e+00,3.754e+00,4.834e+00,3.655e+00,4.151e+00,4.371e+00,3.840e+00,2.765e+00,3.208e+00,2.996e+00,3.997e+00,4.455e+00,4.262e+00
3.324e-01,4.869e-01,8.506e-01,1.055e+00,8.115e-01,1.624e+00,1.407e+00,2.033e+00,2.028e+00,2.563e+00,2.545e+00,2.074e+00,3.271e+00,3.963e+00,4.004e+00,4.969e+00,4.476e+00,5.371e+00,3.535e+00,3.849e+00,3.461e+00,4.636e+00,4.539e+00,4.817e+00,3.564e+00,3.583e+00,3.782e+00,3.730e+00,3.164e+00,3.406e+00,4.340e+00,4.728e+00,4.681e+00,4.763e+00
8.710e-01,6.464e-01,1.553e+00,2.251e+00,1.458e+00,2.238e+00,2.254e+00,1.796e+00,1.601e+00,1.841e+00,2.379e+00,2.668e+00,2.985e+00,3.909e+00,4.292e+00,4.947e+00,4.977e+00,5.125e+00,3.851e+00,4.974e+00,3.877e+00,5.246e+00,4.641e+00,6.118e+00,3.963e+00,4.079e+00,4.694e+00,3.899e+00,3.168e+00,3.623e+00,4.840e+00,4.648e+00,3.962e+00,5.653e+00
1.397e-01,3.622e-01,6.244e-01,1.235e+00,1.574e+00,2.312e+00,2.147e+00,2.086e+00,1.858e+00,2.209e+00,2.246e+00,2.911e+00,3.058e+00,3.986e+00,4.017e+00,4.624e+00,4.442e+00,4.644e+00,4.064e+00,6.260e+00,3.829e+00,5.685e+00,4.597e+00,5.058e+00,3.266e+00,4.608e+00,5.415e+00,4.507e+00,2.884e+00,3.871e+00,4.569e+00,4.652e+00,4.307e+00,4.472e+00
6.969e-01,3.400e-01,1.072e+00,1.761e+00,1.866e+00,2.799e+00,2.807e+00,3.041e+00,2.501e+00,3.896e+00,4.201e+00,4.059e+00,4.087e+00,4.856e+00,4.531e+00,5.566e+00,5.985e+00,6.134e+00,5.899e+00,6.777e+00,5.860e+00,7.428e+00,6.734e+00,5.565e+00,5.894e+00,6.320e+00,6.883e+00,6.285e+00,4.652e+00,5.417e+00,5.330e+00,5.998e+00,5.028e+00,5.907e+00
8.341e-01,2.864e-01,9.457e-01,1.120e+00,1.234e+00,1.695e+00,1.864e+00,2.206e+00,2.290e+00,2.186e+00,2.641e+00,2.595e+00,2.602e+00,4.285e+00,4.093e+00,4.635e+00,5.206e+00,4.983e+00,3.509e+00,5.835e+00,4.587e+00,5.955e+00,5.174e+00,5.755e+00,5.102e+00,5.066e+00,5.386e+00,4.491e+00,3.309e+00,4.135e+00,4.648e+00,5.037e+00,4.043e+00,5.276e+00
5.050e-01,6.418e-01,1.177e+00,1.748e+00,1.917e+00,2.885e+00,2.685e+00,2.856e+00,2.972e+00,3.103e+00,3.230e+00,3.671e+00,4.107e+00,4.829e+00,4.782e+00,5.107e+00,5.462e+00,5.896e+00,4.520e+00,5.434e+00,4.756e+00,5.847e+00,5.214e+00,6.326e+00,5.484e+00,4.633e+00,5.695e+00,4.025e+00,4.184e+00,4.425e+00,4.992e+00,6.210e+00,5.941e+00,6.251e+00
2.608e-01,6.623e-01,1.183e+00,2.039e+00,1.517e+00,2.088e+00,2.127e+00,2.110e+00,1.399e+00,2.312e+00,2.421e+00,2.684e+00,3.584e+00,3.589e+00,4.174e+00,4.816e+00,4.042e+00,4.844e+00,3.999e+00,5.269e+00,4.265e+00,6.105e+00,5.742e+00,5.335e+00,4.186e+00,5.723e+00,5.531e+00,5.047e+00,3.800e+00,4.002e+00,4.626e+00,4.366e+00,5.108e+00,5.635e+00
3.781e-02,2.490e-01,3.872e-01,8.172e-01,8.712e-01,1.564e+00,1.436e+00,1.763e+00,1.713e+00,1.890e+00,1.978e+00,2.279e+00,2.989e+00,3.791e+00,3.513e+00,4.360e+00,4.170e+00,4.354e+00,3.156e+00,4.232e+00,4.017e+00,5.237e+00,5.578e+00,6.661e+00,4.887e+00,5.907e+00,5.057e+00,4.123e+00,4.420e+00,3.905e+00,5.036e+00,5.731e+00,5.957e+00,6.540e+00
4.555e-01,6.312e-01,1.197e+00,1.661e+00,1.253e+00,2.159e+00,1.873e+00,1.778e+00,1.399e+00,2.056e+00,2.332e+00,2.082e+00,3.116e+00,2.967e+00,3.165e+00,4.001e+00,3.216e+00,3.591e+00,3.877e+00,4.935e+00,4.106e+00,5.448e+00,5.010e+00,6.595e+00,4.988e+00,5.929e+00,5.686e+00,4.727e+00,4.728e+00,3.893e+00,5.081e+00,5.632e+00,5.003e+00,6.006e+00
2.280e-01,5.470e-01,9.423e-01,1.517e+00,1.727e+00,2.185e+00,2.259e+00,2.548e+00,2.077e+00,2.589e+00,2.900e+00,3.111e+00,3.763e+00,4.357e+00,4.329e+00,5.715e+00,5.352e+00,6.151e+00,4.564e+00,6.981e+00,5.885e+00,8.279e+00,7.562e+00,8.218e+00,6.742e+00,8.121e+00,8.119e+00,7.255e+00,6.684e+00,6.243e+00,7.401e+00,8.197e+00,8.353e+00,8.613e+00
1.113e-01,3.881e-01,7.459e-01,1.447e+00,1.622e+00,1.934e+00,2.242e+00,2.996e+00,2.063e+00,3.222e+00,2.684e+00,2.778e+00,3.622e+00,3.494e+00,2.983e+00,4.389e+00,4.157e+00,4.840e+00,3.546e+00,4.418e+00,4.124e+00,5.503e+00,5.346e+00,5.593e+00,4.993e+00,5.028e+00,6.225e+00,4.448e+00,4.377e+00,4.418e+00,4.446e+00,6.048e+00,5.953e+00,6.357e+00
7.241e-01,4.971e-01,1.295e+00,2.173e+00,1.535e+00,1.986e+00,2.364e+00,2.450e+00,1.932e+00,2.355e+00,2.522e+00,3.152e+00,3.057e+00,3.814e+00,4.070e+00,4.369e+00,5.405e+00,4.995e+00,4.246e+00,5.549e+00,4.507e+00,6.062e+00,6.298e+00,7.281e+00,5.619e+00,6.486e+00,7.108e+00,6.289e+00,4.899e+00,5.369e+00,5.746e+00,7.420e+00,5.860e+00,8.112e+00
7.211e-01,6.308e-01,1.409e+00,1.913e+00,1.845e+00,2.810e+00,2.708e+00,2.581e+00,2.418e+00,2.764e+00,3.548e+00,3.553e+00,3.570e+00,4.727e+00,4.428e+00,5.530e+00,5.829e+00,5.613e+00,5.092e+00,6.739e+00,5.198e+00,7.549e+00,6.296e+00,8.279e+00,6.782e+00,6.774e+00,7.298e+00,7.240e+00,7.106e+00,6.879e+00,8.249e+00,8.491e+00,8.336e+00,8.490e+00
6.428e-02,4.230e-01,7.303e-01,1.563e+00,1.874e+00,2.956e+00,2.822e+00,3.385e+00,2.926e+00,4.145e+00,3.927e+00,4.216e+00,4.757e+00,5.603e+00,5.246e+00,6.038e+00,6.613e+00,6.415e+00,5.941e+00,7.107e+00,5.528e+00,7.995e+00,7.686e+00,8.381e+00,7.134e+00,8.572e+00,8.669e+00,8.174e+00,8.279e+00,7.995e+00,7.827e+00,9.906e+00,1.024e+01,9.794e+00
6.003e-01,3.482e-01,1.098e+00,2.089e+00,1.419e+00,1.781e+00,2.302e+00,2.542e+00,1.906e+00,2.979e+00,3.207e+00,3.515e+00,3.229e+00,3.976e+00,4.274e+00,4.445e+00,5.604e+00,5.607e+00,4.763e+00,6.845e+00,6.147e+00,7.612e+00,8.188e+00,7.516e+00,7.254e+00,8.183e+00,8.561e+00,8.578e+00,7.340e+00,8.019e+00,9.179e+00,9.686e+00,9.098e+00,1.063e+01
8.305e-01,6.694e-01,1.585e+00,2.524e+00,1.859e+00,2.456e+00,2.727e+00,2.810e+00,2.042e+00,2.605e+00,2.273e+00,3.102e+00,3.938e+00,4.273e+00,4.224e+00,4.831e+00,4.285e+00,4.891e+00,4.290e+00,5.044e+00,4.524e+00,6.194e+00,5.513e+00,7.849e+00,5.869e+00,6.370e+00,7.563e+00,7.252e+00,7.632e+00,8.083e+00,8.929e+00,1.010e+01,1.051e+01,1.117e+01
2.422e-01,6.229e-01,9.700e-01,1.256e+00,1.356e+00,2.466e+00,1.997e+00,2.001e+00,2.253e+00,2.486e+00,2.999e+00,2.595e+00,3.002e+00,3.541e+00,3.827e+00,4.364e+00,4.550e+00,4.643e+00,3.725e+00,5.222e+00,3.922e+00,5.935e+00,5.800e+00,6.224e+00,5.839e+00,6.354e+00,6.655e+00,6.623e+00,5.917e+00,6.242e+00,6.721e+00,7.914e+00,7.981e+00,8.729e+00
6.979e-01,5.118e-01,1.282e+00,2.053e+00,1.738e+00,2.006e+00,2.375e+00,2.144e+00,1.923e+00,2.149e+00,1.978e+00,2.777e+00,2.467e+00,3.206e+00,3.228e+00,2.838e+00,3.260e+00,3.793e+00,3.336e+00,4.915e+00,3.987e+00,5.190e+00,4.942e+00,5.395e+00,4.876e+00,4.402e+00,5.788e+00,5.390e+00,5.653e+00,5.476e+00,6.819e+00,8.019e+00,7.848e+00,8.785e+00
7.770e-01,1.616e-01,7.962e-01,1.122e+00,1.204e+00,1.887e+00,1.872e+00,1.727e+00,1.944e+00,2.418e+00,3.033e+00,3.298e+00,2.398e+00,4.114e+00,3.722e+00,3.800e+00,5.021e+00,4.746e+00,4.031e+00,6.024e+00,4.817e+00,6.658e+00,5.962e+00,6.253e+00,6.035e+00,6.615e+00,6.831e+00,6.544e+00,5.763e+00,5.954e+00,6.729e+00,7.545e+00,7.546e+00,8.920e+00
