9.995e-01,1.831e-01,4.526e-01,8.835e-01,4.249e-01,7.614e-01,5.400e-01,8.657e-01,6.662e-01,5.780e-02,3.493e-01,3.424e-03,7.309e-01,1.857e-01,3.981e-01,8.456e-01,3.124e-01,7.393e-01,8.494e-01,3.359e-01,2.142e-01,9.182e-01,8.262e-01,3.186e-01,6.409e-01,3.677e-01,4.404e-01,7.114e-01,2.019e-01,8.991e-01,1.349e-01,7.266e-01,4.122e-01,3.714e-01,5.729e-02,1.200e-01,9.135e-01,4.805e-01,5.276e-01,8.317e-01,9.446e-01,3.309e-01,9.231e-01,1.292e-01,3.187e-02,2.866e-01,8.214e-01,9.741e-01,6.325e-01,1.649e-01,1.133e-01,6.694e-01,3.809e-01,1.982e-01,3.031e-01,8.366e-01,4.920e-01,2.254e-01,1.429e-01
5.620e-01,8.364e-01,1.154e+00,1.277e+00,5.653e-01,1.312e+00,3.557e-01,1.342e+00,1.024e+00,6.804e-01,8.357e-01,2.171e-01,5.784e-01,3.148e-01,8.702e-01,5.718e-01,3.245e-01,1.094e+00,4.898e-01,7.669e-01,5.611e-01,1.201e+00,4.743e-01,2.124e-01,1.141e+00,8.896e-01,5.579e-01,5.596e-01,4.679e-01,8.023e-01,8.422e-01,1.217e+00,1.102e+00,8.528e-01,7.738e-01,2.363e-01,8.847e-01,4.184e-01,1.263e+00,6.752e-01,1.346e+00,4.332e-01,5.942e-01,4.007e-01,7.133e-01,7.367e-01,1.269e+00,1.133e+00,6.553e-01,1.056e+00,8.730e-01,1.234e+00,6.104e-01,5.707e-01,9.931e-01,5.500e-01,9.462e-01,3.250e-01,8.498e-02
4.529e-01,2.022e-01,5.771e-01,9.736e-01,7.070e-01,7.621e-01,4.238e-01,8.525e-01,9.498e-01,1.109e+00,1.243e+00,6.952e-01,6.221e-01,5.772e-01,1.016e+00,1.322e+00,3.880e-01,8.396e-01,4.253e-01,1.138e+00,9.894e-01,9.379e-01,1.091e+00,7.763e-01,1.072e+00,5.612e-01,1.178e+00,6.740e-01,1.075e+00,1.179e+00,4.340e-01,8.171e-01,6.866e-01,5.861e-01,8.779e-01,2.781e-01,1.267e+00,5.638e-01,7.498e-01,1.271e+00,6.029e-01,2.620e-01,6.465e-01,9.112e-01,8.047e-01,6.766e-01,9.926e-01,8.293e-01,6.254e-01,2.410e-01,2.010e-01,7.250e-01,8.107e-01,5.146e-01,1.238e+00,1.263e+00,9.357e-01,7.543e-01,7.829e-01
6.044e-01,1.278e-01,4.131e-01,1.598e+00,1.147e+00,8.567e-01,4.906e-01,1.686e+00,7.484e-01,5.780e-01,1.472e+00,4.272e-01,8.286e-01,7.199e-01,1.631e+00,1.317e+00,3.722e-01,1.180e+00,7.004e-01,1.173e+00,7.966e-01,8.050e-01,1.041e+00,6.183e-01,1.729e+00,7.688e-01,1.064e+00,1.286e+00,1.285e+00,1.543e+00,3.550e-01,1.220e+00,1.434e+00,9.871e-01,7.398e-01,2.435e-01,1.727e+00,9.949e-01,1.448e+00,1.187e+00,6.290e-01,3.102e-01,1.195e+00,1.460e+00,7.195e-01,1.121e+00,1.004e+00,1.713e+00,1.067e+00,5.989e-01,3.744e-01,1.243e+00,5.712e-01,8.853e-01,9.371e-01,1.617e+00,1.315e+00,1.339e+00,7.563e-01
8.425e-01,4.483e-01,9.447e-01,1.969e+00,2.060e+00,1.597e+00,1.359e+00,2.868e+00,2.075e+00,2.061e+00,1.894e+00,1.520e+00,1.253e+00,1.660e+00,1.880e+00,1.817e+00,6.821e-01,2.378e+00,1.729e+00,2.032e+00,1.532e+00,1.815e+00,2.300e+00,1.719e+00,2.881e+00,1.620e+00,2.401e+00,1.661e+00,1.967e+00,1.983e+00,1.297e+00,2.249e+00,2.190e+00,1.733e+00,1.433e+00,4.126e-01,2.529e+00,1.604e+00,1.754e+00,1.807e+00,2.001e+00,1.410e+00,1.398e+00,1.876e+00,2.021e+00,2.091e+00,2.383e+00,1.922e+00,2.193e+00,1.634e+00,1.195e+00,2.422e+00,1.301e+00,1.461e+00,2.012e+00,2.691e+00,1.751e+00,1.812e+00,1.175e+00
8.910e-01,6.334e-01,1.134e+00,1.933e+00,1.679e+00,2.218e+00,1.507e+00,3.353e+00,1.936e+00,2.617e+00,2.662e+00,1.733e+00,1.402e+00,2.040e+00,1.948e+00,2.360e+00,1.555e+00,2.134e+00,1.752e+00,1.824e+00,1.910e+00,2.435e+00,2.332e+00,1.337e+00,2.879e+00,1.639e+00,2.319e+00,2.193e+00,2.195e+00,2.752e+00,1.563e+00,2.178e+00,1.989e+00,2.095e+00,1.925e+00,1.305e+00,2.424e+00,1.861e+00,2.585e+00,2.477e+00,2.703e+00,1.808e+00,1.630e+00,1.576e+00,2.407e+00,2.111e+00,2.821e+00,2.506e+00,2.559e+00,2.443e+00,1.499e+00,2.790e+00,1.371e+00,1.345e+00,2.691e+00,2.345e+00,1.661e+00,1.959e+00,1.712e+00
5.498e-02,1.683e-01,2.927e-01,7.840e-01,8.610e-01,8.658e-01,1.299e+00,2.546e+00,1.445e+00,2.089e+00,2.362e+00,9.881e-01,8.731e-01,1.206e+00,1.438e+00,1.647e+00,1.576e+00,1.339e+00,1.143e+00,1.791e+00,1.746e+00,9.249e-01,1.210e+00,1.071e+00,2.354e+00,1.714e+00,1.992e+00,1.434e+00,1.811e+00,2.191e+00,8.259e-01,1.718e+00,1.246e+00,1.740e+00,1.664e+00,1.304e+00,1.105e+00,1.057e+00,2.166e+00,1.835e+00,1.583e+00,1.279e+00,1.363e+00,1.506e+00,1.899e+00,1.566e+00,1.964e+00,1.729e+00,1.345e+00,1.724e+00,1.061e+00,2.105e+00,7.157e-01,1.579e+00,1.562e+00,2.049e+00,1.414e+00,1.803e+00,1.868e+00
9.081e-01,5.894e-01,1.057e+00,1.627e+00,1.625e+00,2.006e+00,1.966e+00,3.595e+00,3.132e+00,3.026e+00,2.924e+00,2.522e+00,2.072e+00,2.417e+00,2.548e+00,2.493e+00,2.194e+00,3.154e+00,2.207e+00,2.364e+00,2.188e+00,2.640e+00,3.361e+00,2.280e+00,3.825e+00,2.692e+00,2.964e+00,3.009e+00,3.080e+00,3.494e+00,2.364e+00,2.849e+00,2.225e+00,2.297e+00,2.279e+00,1.921e+00,2.209e+00,2.221e+00,3.398e+00,3.040e+00,3.457e+00,2.389e+00,2.540e+00,1.949e+00,3.116e+00,2.587e+00,3.692e+00,2.419e+00,2.495e+00,2.922e+00,1.671e+00,3.065e+00,1.838e+00,2.138e+00,2.805e+00,3.204e+00,1.875e+00,2.524e+00,2.533e+00
9.453e-01,7.452e-01,1.352e+00,1.921e+00,1.737e+00,2.319e+00,1.880e+00,3.616e+00,3.723e+00,4.176e+00,3.743e+00,3.248e+00,2.932e+00,2.828e+00,2.621e+00,3.652e+00,2.681e+00,3.211e+00,2.141e+00,3.309e+00,3.311e+00,3.407e+00,3.280e+00,2.856e+00,4.291e+00,3.082e+00,3.767e+00,3.741e+00,3.431e+00,4.114e+00,2.502e+00,3.170e+00,2.505e+00,3.330e+00,2.738e+00,2.446e+00,2.706e+00,2.895e+00,4.193e+00,3.743e+00,4.052e+00,3.214e+00,2.295e+00,2.582e+00,3.836e+00,2.623e+00,4.135e+00,2.844e+00,2.966e+00,3.150e+00,2.234e+00,3.946e+00,1.978e+00,2.128e+00,3.978e+00,4.053e+00,2.867e+00,2.699e+00,2.534e+00
8.079e-01,4.457e-01,9.377e-01,1.967e+00,1.779e+00,1.521e+00,1.163e+00,2.645e+00,2.569e+00,3.021e+00,3.032e+00,2.210e+00,2.119e+00,2.362e+00,3.214e+00,3.133e+00,1.445e+00,3.634e+00,1.981e+00,2.457e+00,2.395e+00,2.985e+00,3.434e+00,2.098e+00,4.216e+00,3.015e+00,3.465e+00,3.566e+00,3.300e+00,3.216e+00,2.214e+00,2.713e+00,2.519e+00,2.827e+00,2.208e+00,1.619e+00,2.839e+00,2.849e+00,3.706e+00,2.944e+00,3.096e+00,1.970e+00,2.494e+00,3.277e+00,2.773e+00,2.741e+00,3.656e+00,2.765e+00,2.805e+00,2.056e+00,1.628e+00,3.498e+00,1.526e+00,2.186e+00,3.030e+00,3.448e+00,2.619e+00,2.904e+00,1.674e+00
8.523e-01,3.247e-01,7.926e-01,1.334e+00,1.330e+00,1.265e+00,1.285e+00,2.112e+00,2.360e+00,2.890e+00,3.182e+00,2.249e+00,2.343e+00,2.491e+00,2.375e+00,3.256e+00,1.576e+00,3.014e+00,2.561e+00,2.815e+00,2.359e+00,2.790e+00,3.514e+00,2.088e+00,3.702e+00,2.890e+00,3.888e+00,3.766e+00,2.785e+00,3.014e+00,1.911e+00,2.825e+00,2.351e+00,3.169e+00,2.205e+00,2.433e+00,2.690e+00,2.716e+00,3.561e+00,3.168e+00,3.710e+00,2.328e+00,2.434e+00,2.965e+00,2.861e+00,3.107e+00,3.438e+00,2.752e+00,2.682e+00,1.745e+00,1.874e+00,3.227e+00,2.094e+00,2.097e+00,2.889e+00,3.456e+00,2.775e+00,2.602e+00,2.192e+00
2.359e-01,3.807e-01,5.798e-01,9.795e-01,6.721e-01,1.079e+00,1.048e+00,2.290e+00,2.327e+00,3.039e+00,3.465e+00,2.528e+00,2.382e+00,2.275e+00,3.118e+00,3.434e+00,2.993e+00,2.750e+00,2.263e+00,2.751e+00,3.015e+00,3.205e+00,2.651e+00,1.966e+00,4.316e+00,3.734e+00,3.419e+00,4.394e+00,2.970e+00,3.953e+00,1.962e+00,2.907e+00,2.898e+00,3.995e+00,2.825e+00,3.572e+00,2.350e+00,3.233e+00,4.941e+00,3.508e+00,4.074e+00,3.083e+00,2.492e+00,3.454e+00,3.692e+00,2.771e+00,3.371e+00,2.736e+00,2.954e+00,3.147e+00,2.113e+00,3.348e+00,1.669e+00,2.776e+00,3.344e+00,3.659e+00,2.800e+00,2.987e+00,3.218e+00
6.508e-01,8.035e-01,1.201e+00,1.789e+00,1.355e+00,1.955e+00,1.126e+00,2.919e+00,2.654e+00,3.172e+00,3.323e+00,2.916e+00,3.347e+00,2.919e+00,3.899e+00,4.156e+00,2.898e+00,3.884e+00,2.578e+00,3.612e+00,3.573e+00,3.934e+00,3.309e+00,2.662e+00,4.897e+00,4.251e+00,4.194e+00,4.900e+00,3.712e+00,4.012e+00,3.170e+00,3.401e+00,3.959e+00,4.312e+00,2.906e+00,4.199e+00,3.296e+00,3.556e+00,5.484e+00,3.699e+00,5.168e+00,3.665e+00,2.387e+00,4.030e+00,4.374e+00,3.635e+00,4.078e+00,3.816e+00,3.643e+00,4.420e+00,3.177e+00,4.474e+00,2.544e+00,3.161e+00,4.634e+00,4.068e+00,3.511e+00,2.991e+00,3.633e+00
6.924e-01,2.648e-01,6.945e-01,1.836e+00,1.638e+00,1.507e+00,1.401e+00,3.046e+00,2.414e+00,3.520e+00,3.939e+00,2.594e+00,2.928e+00,3.440e+00,4.602e+00,5.394e+00,3.323e+00,4.106e+00,3.685e+00,4.466e+00,4.334e+00,4.521e+00,4.628e+00,3.161e+00,5.886e+00,4.270e+00,4.845e+00,5.258e+00,4.204e+00,5.183e+00,3.239e+00,3.373e+00,3.784e+00,4.509e+00,3.044e+00,4.425e+00,4.128e+00,3.732e+00,5.863e+00,4.825e+00,5.107e+00,4.014e+00,3.644e+00,5.307e+00,4.510e+00,4.129e+00,4.875e+00,4.244e+00,4.487e+00,3.770e+00,2.669e+00,5.160e+00,2.478e+00,3.781e+00,5.249e+00,5.490e+00,3.705e+00,3.843e+00,3.838e+00
7.046e-01,6.568e-01,1.053e+00,1.659e+00,1.196e+00,1.586e+00,1.394e+00,2.956e+00,2.648e+00,2.512e+00,3.092e+00,1.988e+00,2.590e+00,2.601e+00,4.529e+00,4.628e+00,2.986e+00,4.209e+00,3.895e+00,3.999e+00,3.839e+00,3.736e+00,4.017e+00,2.935e+00,5.286e+00,4.410e+00,4.617e+00,4.246e+00,4.657e+00,4.446e+00,4.218e+00,3.337e+00,3.907e+00,3.961e+00,2.952e+00,3.886e+00,3.367e+00,2.656e+00,5.781e+00,4.349e+00,4.692e+00,3.257e+00,4.033e+00,4.002e+00,4.741e+00,4.026e+00,5.428e+00,4.294e+00,3.523e+00,4.267e+00,2.796e+00,5.140e+00,3.179e+00,3.949e+00,4.803e+00,4.481e+00,3.993e+00,3.140e+00,3.565e+00
1.121e-01,2.207e-02,1.959e-01,1.062e+00,1.546e+00,1.025e+00,1.529e+00,3.025e+00,2.062e+00,3.206e+00,3.613e+00,2.634e+00,2.028e+00,3.028e+00,3.352e+00,4.090e+00,2.794e+00,4.016e+00,3.266e+00,3.621e+00,3.108e+00,2.670e+00,4.175e+00,2.810e+00,4.924e+00,3.764e+00,5.391e+00,4.799e+00,4.193e+00,4.223e+00,3.600e+00,3.847e+00,3.772e+00,4.142e+00,3.258e+00,3.822e+00,3.642e+00,3.152e+00,5.405e+00,4.279e+00,3.942e+00,3.046e+00,3.381e+00,4.437e+00,4.331e+00,4.600e+00,4.232e+00,4.136e+00,4.165e+00,3.735e+00,2.382e+00,4.715e+00,3.224e+00,4.004e+00,3.806e+00,4.614e+00,3.258e+00,4.543e+00,3.888e+00
1.159e-01,6.412e-01,8.310e-01,8.796e-01,6.172e-01,1.054e+00,4.722e-01,1.470e+00,1.920e+00,1.815e+00,1.739e+00,1.980e+00,1.926e+00,1.735e+00,2.546e+00,2.673e+00,2.769e+00,3.292e+00,2.818e+00,2.834e+00,2.648e+00,3.341e+00,2.355e+00,2.918e+00,3.892e+00,3.326e+00,3.894e+00,3.380e+00,2.970e+00,2.924e+00,3.904e+00,3.062e+00,3.606e+00,3.214e+00,2.543e+00,3.439e+00,2.262e+00,2.808e+00,4.162e+00,2.653e+00,3.878e+00,3.280e+00,1.973e+00,3.361e+00,4.317e+00,3.145e+00,4.084e+00,2.489e+00,3.123e+00,3.696e+00,2.397e+00,3.916e+00,2.793e+00,3.447e+00,3.886e+00,2.901e+00,3.152e+00,2.894e+00,2.559e+00
4.831e-01,8.139e-01,1.277e+00,1.890e+00,1.895e+00,2.198e+00,1.948e+00,4.104e+00,3.397e+00,4.161e+00,3.895e+00,3.247e+00,2.820e+00,3.277e+00,3.896e+00,4.653e+00,4.168e+00,5.420e+00,4.660e+00,5.400e+00,4.921e+00,5.423e+00,4.928e+00,4.325e+00,6.587e+00,5.372e+00,6.342e+00,5.193e+00,4.538e+00,5.765e+00,4.958e+00,5.813e+00,5.195e+00,5.004e+00,4.809e+00,5.598e+00,4.317e+00,4.814e+00,6.282e+00,5.091e+00,6.381e+00,5.030e+00,3.762e+00,5.386e+00,6.526e+00,5.226e+00,6.464e+00,4.617e+00,5.461e+00,6.233e+00,4.056e+00,6.584e+00,4.404e+00,5.148e+00,6.231e+00,5.674e+00,4.435e+00,5.458e+00,4.909e+00
8.623e-01,4.927e-01,8.045e-01,1.512e+00,1.459e+00,1.381e+00,1.543e+00,2.954e+00,2.762e+00,2.490e+00,2.984e+00,2.277e+00,2.913e+00,2.596e+00,3.210e+00,4.091e+00,2.617e+00,4.925e+00,5.015e+00,4.698e+00,3.972e+00,3.666e+00,4.684e+00,3.970e+00,5.929e+00,4.889e+00,6.768e+00,6.085e+00,5.079e+00,4.705e+00,4.718e+00,5.548e+00,5.307e+00,4.645e+00,3.464e+00,4.889e+00,4.459e+00,3.452e+00,6.040e+00,4.534e+00,5.312e+00,4.084e+00,4.761e+00,4.246e+00,5.311e+00,5.800e+00,5.712e+00,4.806e+00,4.772e+00,4.852e+00,3.742e+00,5.846e+00,4.281e+00,4.367e+00,4.788e+00,5.715e+00,4.629e+00,4.877e+00,3.769e+00
4.768e-01,5.121e-01,8.327e-01,1.214e+00,1.372e+00,1.298e+00,1.116e+00,2.244e+00,2.529e+00,2.960e+00,2.690e+00,2.539e+00,2.484e+00,2.738e+00,2.653e+00,3.631e+00,2.468e+00,4.164e+00,4.233e+00,4.676e+00,4.365e+00,4.993e+00,4.846e+00,4.330e+00,5.357e+00,4.474e+00,5.965e+00,5.220e+00,4.306e+00,4.285e+00,5.164e+00,4.964e+00,4.314e+00,4.700e+00,3.898e+00,4.001e+00,4.221e+00,3.855e+00,5.757e+00,4.177e+00,5.848e+00,4.171e+00,3.619e+00,4.708e+00,5.830e+00,5.115e+00,5.932e+00,3.846e+00,5.047e+00,4.908e+00,4.325e+00,6.246e+00,3.950e+00,4.285e+00,5.224e+00,5.075e+00,4.433e+00,4.629e+00,2.751e+00
2.231e-01,6.650e-01,1.084e+00,1.666e+00,1.490e+00,1.483e+00,1.324e+00,2.984e+00,2.878e+00,3.335e+00,3.971e+00,2.509e+00,2.847e+00,2.737e+00,3.672e+00,3.901e+00,2.484e+00,4.172e+00,2.866e+00,5.220e+00,5.146e+00,3.270e+00,4.477e+00,4.521e+00,6.049e+00,4.729e+00,6.169e+00,5.062e+00,5.152e+00,5.287e+00,4.280e+00,4.755e+00,4.535e+00,4.436e+00,3.795e+00,5.204e+00,4.590e+00,3.419e+00,6.489e+00,4.788e+00,5.583e+00,3.772e+00,4.209e+00,4.758e+00,5.016e+00,5.045e+00,4.782e+00,4.192e+00,4.273e+00,5.076e+00,4.505e+00,5.909e+00,4.444e+00,4.796e+00,4.876e+00,5.902e+00,4.982e+00,5.203e+00,4.878e+00
3.978e-04,3.069e-01,4.441e-01,8.367e-01,7.810e-01,1.125e+00,8.074e-01,2.100e+00,1.149e+00,2.056e+00,2.462e+00,1.862e+00,1.620e+00,2.381e+00,3.251e+00,4.011e+00,3.387e+00,3.690e+00,4.239e+00,4.423e+00,4.516e+00,4.775e+00,5.056e+00,4.829e+00,5.513e+00,5.090e+00,6.172e+00,5.500e+00,5.055e+00,5.450e+00,6.188e+00,5.399e+00,5.685e+00,5.228e+00,4.099e+00,6.399e+00,5.420e+00,4.106e+00,6.469e+00,5.014e+00,5.782e+00,4.683e+00,4.927e+00,5.273e+00,6.011e+00,5.694e+00,5.546e+00,4.802e+00,5.494e+00,6.210e+00,3.950e+00,5.959e+00,5.553e+00,5.655e+00,5.910e+00,5.587e+00,4.897e+00,5.270e+00,5.360e+00
7.525e-01,2.883e-01,7.098e-01,1.973e+00,1.576e+00,1.568e+00,1.041e+00,2.745e+00,2.176e+00,2.951e+00,3.757e+00,2.680e+00,2.953e+00,2.850e+00,3.942e+00,5.172e+00,3.081e+00,4.659e+00,4.127e+00,4.493e+00,4.572e+00,4.498e+00,5.261e+00,4.410e+00,6.816e+00,5.628e+00,7.349e+00,6.577e+00,5.478e+00,6.547e+00,4.768e+00,5.679e+00,5.591e+00,5.689e+00,4.189e+00,6.350e+00,5.664e+00,4.990e+00,7.678e+00,6.187e+00,5.320e+00,4.709e+00,5.096e+00,6.018e+00,6.182e+00,5.291e+00,5.792e+00,6.054e+00,6.092e+00,5.068e+00,3.716e+00,7.134e+00,5.474e+00,5.585e+00,6.466e+00,6.854e+00,5.932e+00,6.589e+00,5.199e+00
2.505e-01,1.776e-01,2.754e-01,4.254e-01,7.453e-01,9.176e-01,1.138e+00,1.957e+00,1.557e+00,2.799e+00,2.736e+00,2.125e+00,2.439e+00,3.179e+00,2.801e+00,4.192e+00,3.267e+00,4.027e+00,4.838e+00,4.815e+00,5.533e+00,5.363e+00,6.344e+00,6.574e+00,7.296e+00,6.311e+00,8.352e+00,7.539e+00,5.303e+00,6.843e+00,5.914e+00,5.762e+00,5.159e+00,6.440e+00,4.618e+00,8.480e+00,6.381e+00,5.096e+00,8.581e+00,6.917e+00,8.344e+00,6.602e+00,5.854e+00,6.702e+00,7.422e+00,6.684e+00,6.590e+00,5.894e+00,7.608e+00,6.442e+00,5.426e+00,8.787e+00,5.781e+00,7.076e+00,7.490e+00,8.082e+00,5.908e+00,7.410e+00,6.661e+00
3.056e-01,7.460e-01,1.189e+00,1.737e+00,1.237e+00,1.806e+00,9.828e-01,2.719e+00,2.154e+00,3.206e+00,4.005e+00,2.426e+00,2.648e+00,3.173e+00,4.250e+00,4.731e+00,3.478e+00,4.835e+00,4.495e+00,5.984e+00,6.007e+00,6.299e+00,6.678e+00,6.379e+00,8.524e+00,7.708e+00,8.311e+00,7.220e+00,6.207e+00,7.870e+00,7.748e+00,7.547e+00,6.580e+00,6.911e+00,6.653e+00,8.914e+00,7.700e+00,6.361e+00,9.438e+00,7.331e+00,8.734e+00,6.267e+00,6.902e+00,8.013e+00,8.460e+00,7.433e+00,7.282e+00,6.492e+00,7.636e+00,7.653e+00,6.445e+00,8.687e+00,7.555e+00,7.926e+00,8.154e+00,8.417e+00,7.106e+00,7.572e+00,7.082e+00
6.786e-01,5.539e-01,1.046e+00,1.794e+00,1.426e+00,1.637e+00,1.011e+00,2.432e+00,2.605e+00,3.261e+00,3.397e+00,2.540e+00,3.067e+00,2.706e+00,3.759e+00,4.560e+00,2.829e+00,5.063e+00,4.192e+00,5.319e+00,5.554e+00,5.650e+00,5.942e+00,6.275e+00,7.386e+00,7.174e+00,9.597e+00,7.750e+00,6.528e+00,6.918e+00,6.849e+00,6.526e+00,5.883e+00,6.139e+00,6.436e+00,7.460e+00,6.824e+00,6.134e+00,8.245e+00,6.755e+00,7.686e+00,5.812e+00,5.339e+00,7.606e+00,8.380e+00,7.344e+00,7.760e+00,7.043e+00,7.139e+00,6.844e+00,5.715e+00,8.513e+00,6.471e+00,6.910e+00,8.709e+00,7.900e+00,7.130e+00,7.836e+00,6.606e+00
7.407e-02,4.113e-01,7.172e-01,1.603e+00,1.237e+00,1.245e+00,7.531e-01,2.437e+00,2.329e+00,3.281e+00,4.048e+00,2.847e+00,2.594e+00,2.948e+00,4.277e+00,4.429e+00,3.114e+00,4.345e+00,3.557e+00,4.908e+00,4.797e+00,4.783e+00,5.287e+00,4.739e+00,7.273e+00,6.893e+00,8.212e+00,8.228e+00,6.043e+00,7.518e+00,6.667e+00,6.778e+00,6.213e+00,6.168e+00,6.216e+00,7.661e+00,7.093e+00,7.032e+00,8.403e+00,6.943e+00,6.750e+00,5.630e+00,6.207e+00,8.143e+00,7.336e+00,7.189e+00,7.217e+00,7.024e+00,6.283e+00,7.286e+00,5.190e+00,7.209e+00,6.094e+00,6.410e+00,7.519e+00,7.841e+00,7.224e+00,7.021e+00,6.565e+00
8.664e-01,2.051e-01,6.202e-01,1.943e+00,1.808e+00,1.585e+00,1.329e+00,3.025e+00,1.811e+00,2.342e+00,2.893e+00,1.844e+00,2.367e+00,2.825e+00,3.546e+00,4.557e+00,2.954e+00,4.757e+00,5.015e+00,5.354e+00,5.586e+00,5.419e+00,6.333e+00,6.667e+00,7.762e+00,6.381e+00,8.574e+00,7.680e+00,6.911e+00,8.220e+00,7.358e+00,7.040e+00,6.664e+00,6.714e+00,6.492e+00,8.030e+00,9.494e+00,7.129e+00,8.415e+00,7.376e+00,8.209e+00,7.059e+00,7.550e+00,8.260e+00,8.046e+00,7.736e+00,7.535e+00,7.342e+00,8.668e+00,8.246e+00,6.385e+00,8.989e+00,7.828e+00,8.044e+00,7.987e+00,9.381e+00,7.439e+00,8.197e+00,7.628e+00
9.406e-01,7.579e-01,1.174e+00,1.727e+00,1.384e+00,1.831e+00,1.315e+00,2.839e+00,2.610e+00,2.985e+00,3.321e+00,2.509e+00,3.517e+00,3.444e+00,4.021e+00,5.306e+00,3.615e+00,5.595e+00,4.926e+00,5.655e+00,4.788e+00,6.030e+00,6.458e+00,6.040e+00,7.848e+00,7.849e+00,9.096e+00,8.443e+00,5.700e+00,7.863e+00,8.377e+00,7.727e+00,7.522e+00,8.502e+00,6.384e+00,9.464e+00,8.840e+00,7.687e+00,1.045e+01,7.914e+00,1.048e+01,7.986e+00,6.876e+00,9.453e+00,8.266e+00,8.693e+00,8.291e+00,9.102e+00,8.167e+00,7.551e+00,6.606e+00,9.701e+00,8.054e+00,8.398e+00,8.895e+00,9.160e+00,7.444e+00,7.140e+00,7.606e+00
9.162e-02,5.821e-01,8.188e-01,1.270e+00,1.429e+00,1.516e+00,1.577e+00,3.377e+00,2.650e+00,3.545e+00,3.896e+00,3.001e+00,2.945e+00,3.605e+00,4.656e+00,4.986e+00,3.925e+00,5.090e+00,4.937e+00,5.644e+00,5.165e+00,5.160e+00,6.060e+00,5.985e+00,8.580e+00,8.674e+00,9.936e+00,8.901e+00,6.614e+00,8.126e+00,8.366e+00,8.195e+00,8.190e+00,8.743e+00,7.958e+00,1.054e+01,8.876e+00,7.991e+00,1.083e+01,8.612e+00,9.939e+00,8.131e+00,7.947e+00,9.592e+00,1.021e+01,9.873e+00,9.086e+00,9.163e+00,8.843e+00,9.850e+00,6.979e+00,9.873e+00,8.078e+00,9.204e+00,8.962e+00,9.685e+00,8.296e+00,7.852e+00,8.798e+00
8.598e-01,8.798e-01,1.448e+00,2.345e+00,2.138e+00,2.412e+00,1.760e+00,3.988e+00,3.296e+00,4.450e+00,4.367e+00,3.169e+00,3.326e+00,3.561e+00,4.043e+00,5.207e+00,3.069e+00,5.017e+00,4.590e+00,5.191e+00,5.326e+00,5.163e+00,5.082e+00,4.663e+00,7.497e+00,6.503e+00,8.711e+00,7.851e+00,6.268e+00,7.297e+00,6.635e+00,7.099e+00,7.616e+00,7.864e+00,7.160e+00,7.395e+00,8.412e+00,7.798e+00,9.965e+00,8.172e+00,9.451e+00,7.739e+00,6.949e+00,8.595e+00,8.506e+00,8.605e+00,9.212e+00,8.572e+00,7.793e+00,8.092e+00,7.129e+00,9.545e+00,6.611e+00,6.460e+00,8.922e+00,8.964e+00,8.106e+00,6.633e+00,6.550e+00
4.133e-01,6.012e-01,8.910e-01,1.623e+00,1.350e+00,1.403e+00,1.393e+00,3.169e+00,2.990e+00,3.145e+00,3.865e+00,2.470e+00,2.911e+00,2.965e+00,3.478e+00,4.000e+00,3.203e+00,3.917e+00,3.791e+00,4.985e+00,4.762e+00,4.311e+00,4.887e+00,5.598e+00,7.651e+00,6.567e+00,7.740e+00,7.295e+00,5.339e+00,7.304e+00,5.862e+00,6.323e+00,6.408e+00,7.976e+00,6.978e+00,8.075e+00,7.035e+00,7.172e+00,1.091e+01,7.836e+00,9.474e+00,8.102e+00,7.619e+00,8.553e+00,8.454e+00,7.630e+00,8.236e+00,7.839e+00,7.597e+00,7.284e+00,6.465e+00,9.039e+00,6.140e+00,7.834e+00,7.956e+00,9.760e+00,8.948e+00,7.821e+00,7.126e+00
9.933e-01,9.092e-01,1.520e+00,2.012e+00,1.856e+00,2.104e+00,2.075e+00,3.760e+00,4.042e+00,3.909e+00,3.787e+00,3.114e+00,3.263e+00,2.921e+00,3.560e+00,4.917e+00,3.391e+00,4.804e+00,4.740e+00,5.458e+00,4.994e+00,4.683e+00,4.889e+00,4.864e+00,6.650e+00,6.170e+00,8.083e+00,6.597e+00,5.671e+00,6.823e+00,5.695e+00,6.518e+00,6.838e+00,8.587e+00,7.092e+00,7.077e+00,7.955e+00,6.434e+00,8.861e+00,7.509e+00,8.661e+00,7.345e+00,6.788e+00,7.025e+00,8.355e+00,8.010e+00,8.407e+00,8.251e+00,7.402e+00,8.166e+00,6.372e+00,9.249e+00,7.274e+00,7.654e+00,7.642e+00,8.768e+00,7.645e+00,7.248e+00,7.361e+00
9.015e-01,2.488e-01,7.040e-01,1.754e+00,1.925e+00,1.589e+00,1.593e+00,3.052e+00,2.731e+00,3.233e+00,3.479e+00,2.926e+00,3.358e+00,3.361e+00,3.114e+00,4.488e+00,2.517e+00,3.972e+00,4.302e+00,5.138e+00,4.880e+00,4.478e+00,5.506e+00,5.477e+00,6.520e+00,5.800e+00,8.190e+00,7.534e+00,5.721e+00,6.941e+00,5.203e+00,6.060e+00,6.299e+00,8.564e+00,7.443e+00,8.296e+00,8.647e+00,7.845e+00,8.842e+00,7.793e+00,8.984e+00,8.165e+00,7.272e+00,8.533e+00,8.768e+00,8.814e+00,8.797e+00,8.849e+00,8.166e+00,7.999e+00,7.118e+00,9.536e+00,7.892e+00,8.106e+00,8.435e+00,1.022e+01,8.306e+00,8.612e+00,8.399e+00
5.509e-01,4.773e-01,8.211e-01,1.818e+00,1.815e+00,1.716e+00,1.897e+00,3.973e+00,3.369e+00,4.233e+00,4.566e+00,3.230e+00,3.434e+00,3.715e+00,4.557e+00,5.305e+00,3.792e+00,5.670e+00,4.344e+00,5.782e+00,5.542e+00,5.366e+00,6.465e+00,5.513e+00,8.720e+00,8.142e+00,9.489e+00,8.845e+00,6.381e+00,9.017e+00,7.848e+00,8.191e+00,7.394e+00,9.795e+00,8.952e+00,1.105e+01,1.004e+01,9.963e+00,1.236e+01,1.010e+01,1.164e+01,9.452e+00,9.679e+00,1.147e+01,1.064e+01,1.050e+01,1.043e+01,1.100e+01,1.035e+01,9.675e+00,8.901e+00,1.185e+01,8.925e+00,1.095e+01,9.602e+00,1.163e+01,8.787e+00,1.021e+01,9.708e+00
2.511e-01,4.319e-01,7.219e-01,1.650e+00,1.587e+00,1.546e+00,1.242e+00,3.170e+00,2.882e+00,3.461e+00,4.322e+00,3.581e+00,3.796e+00,3.802e+00,4.797e+00,5.260e+00,3.556e+00,4.960e+00,4.172e+00,5.507e+00,5.178e+00,4.701e+00,5.634e+00,5.680e+00,7.815e+00,7.182e+00,8.705e+00,8.409e+00,7.336e+00,7.653e+00,6.902e+00,6.366e+00,6.994e+00,8.918e+00,7.742e+00,1.061e+01,8.716e+00,9.103e+00,1.220e+01,9.010e+00,1.012e+01,8.872e+00,8.345e+00,1.051e+01,1.088e+01,9.355e+00,8.831e+00,1.002e+01,9.061e+00,8.635e+00,8.045e+00,1.117e+01,8.507e+00,9.912e+00,1.048e+01,1.056e+01,1.007e+01,9.711e+00,9.731e+00
8.423e-01,3.449e-01,8.007e-01,1.761e+00,1.498e+00,1.380e+00,1.580e+00,3.004e+00,3.059e+00,3.097e+00,3.735e+00,2.390e+00,3.487e+00,2.660e+00,3.631e+00,4.438e+00,2.858e+00,4.129e+00,3.808e+00,5.467e+00,4.967e+00,4.399e+00,5.442e+00,6.314e+00,7.529e+00,7.337e+00,8.606e+00,7.923e+00,6.851e+00,7.863e+00,6.190e+00,7.043e+00,6.771e+00,8.449e+00,7.209e+00,9.375e+00,1.002e+01,8.957e+00,1.016e+01,8.678e+00,9.882e+00,9.149e+00,8.788e+00,9.772e+00,9.695e+00,8.860e+00,8.694e+00,9.417e+00,7.883e+00,7.974e+00,7.279e+00,1.018e+01,8.565e+00,9.517e+00,9.448e+00,1.184e+01,1.001e+01,9.187e+00,9.797e+00
6.521e-01,1.820e-01,4.426e-01,8.478e-01,1.107e+00,8.913e-01,1.029e+00,1.648e+00,1.789e+00,1.674e+00,1.744e+00,2.187e+00,2.451e+00,2.760e+00,3.207e+00,4.119e+00,2.587e+00,3.697e+00,4.687e+00,4.210e+00,4.347e+00,4.391e+00,5.338e+00,5.320e+00,6.385e+00,6.097e+00,7.267e+00,6.928e+00,5.575e+00,7.265e+00,7.279e+00,6.018e+00,6.874e+00,7.600e+00,5.781e+00,9.398e+00,1.012e+01,1.023e+01,1.010e+01,8.250e+00,1.052e+01,9.822e+00,9.653e+00,9.298e+00,8.949e+00,8.541e+00,8.764e+00,8.882e+00,8.445e+00,9.554e+00,7.713e+00,1.041e+01,9.148e+00,8.637e+00,9.293e+00,1.108e+01,9.227e+00,7.610e+00,9.651e+00
5.402e-01,5.805e-01,9.593e-01,1.587e+00,1.292e+00,1.377e+00,1.164e+00,2.583e+00,2.664e+00,3.240e+00,3.104e+00,2.149e+00,2.384e+00,2.456e+00,3.357e+00,4.397e+00,3.447e+00,4.484e+00,4.703e+00,5.239e+00,5.547e+00,6.005e+00,5.530e+00,6.472e+00,7.540e+00,6.588e+00,7.972e+00,7.446e+00,5.842e+00,7.402e+00,6.643e+00,7.265e+00,6.984e+00,8.042e+00,6.587e+00,8.559e+00,9.798e+00,9.469e+00,1.140e+01,9.675e+00,1.091e+01,9.723e+00,9.577e+00,9.697e+00,1.026e+01,8.930e+00,1.031e+01,8.221e+00,9.319e+00,9.586e+00,7.550e+00,1.230e+01,7.959e+00,9.708e+00,9.687e+00,1.202e+01,9.516e+00,9.332e+00,9.268e+00
6.111e-01,4.554e-01,8.365e-01,1.286e+00,1.276e+00,1.728e+00,1.514e+00,2.903e+00,2.220e+00,3.270e+00,3.624e+00,2.855e+00,2.331e+00,3.207e+00,3.388e+00,4.437e+00,3.382e+00,3.962e+00,4.361e+00,4.195e+00,4.345e+00,4.757e+00,5.514e+00,4.297e+00,6.858e+00,5.646e+00,7.103e+00,6.875e+00,4.795e+00,7.059e+00,5.521e+00,6.431e+00,6.775e+00,8.218e+00,7.137e+00,1.014e+01,9.241e+00,9.294e+00,1.185e+01,1.056e+01,1.208e+01,1.011e+01,1.037e+01,9.612e+00,1.043e+01,1.031e+01,9.340e+00,9.470e+00,9.802e+00,9.269e+00,7.757e+00,1.155e+01,8.652e+00,9.503e+00,9.684e+00,1.126e+01,9.174e+00,9.872e+00,1.045e+01
5.493e-01,8.229e-01,1.227e+00,1.838e+00,1.733e+00,1.919e+00,1.612e+00,3.561e+00,3.044e+00,3.663e+00,3.281e+00,2.565e+00,2.489e+00,2.622e+00,3.306e+00,3.754e+00,3.099e+00,4.480e+00,4.205e+00,4.371e+00,4.694e+00,4.964e+00,4.525e+00,5.125e+00,6.935e+00,6.370e+00,7.816e+00,6.658e+00,5.422e+00,6.667e+00,5.567e+00,6.607e+00,6.943e+00,8.313e+00,7.219e+00,8.460e+00,8.382e+00,9.337e+00,1.025e+01,8.231e+00,1.133e+01,9.976e+00,8.372e+00,9.843e+00,1.055e+01,1.012e+01,1.087e+01,8.777e+00,9.267e+00,1.024e+01,8.012e+00,1.194e+01,8.220e+00,9.611e+00,1.058e+01,1.141e+01,8.877e+00,9.826e+00,9.822e+00
8.196e-01,4.641e-01,7.992e-01,1.230e+00,9.158e-01,1.682e+00,1.591e+00,2.947e+00,2.677e+00,3.601e+00,3.942e+00,2.699e+00,3.337e+00,3.436e+00,3.841e+00,6.040e+00,4.502e+00,5.246e+00,5.918e+00,5.990e+00,6.886e+00,6.396e+00,6.925e+00,6.516e+00,9.011e+00,7.820e+00,9.957e+00,9.197e+00,7.197e+00,1.021e+01,8.752e+00,8.457e+00,8.231e+00,1.001e+01,8.953e+00,1.215e+01,1.137e+01,1.111e+01,1.449e+01,1.199e+01,1.366e+01,1.207e+01,1.219e+01,1.216e+01,1.296e+01,1.165e+01,1.312e+01,1.117e+01,1.146e+01,1.132e+01,1.118e+01,1.539e+01,1.192e+01,1.190e+01,1.246e+01,1.397e+01,1.178e+01,1.181e+01,1.140e+01
9.867e-01,6.417e-01,1.172e+00,1.721e+00,1.097e+00,1.991e+00,1.367e+00,2.799e+00,2.524e+00,3.198e+00,3.970e+00,2.681e+00,3.282e+00,3.267e+00,3.954e+00,5.487e+00,4.242e+00,5.061e+00,5.355e+00,5.738e+00,5.602e+00,6.655e+00,6.288e+00,5.344e+00,7.330e+00,6.580e+00,7.936e+00,8.078e+00,6.152e+00,8.930e+00,7.655e+00,8.083e+00,8.165e+00,9.983e+00,8.599e+00,1.239e+01,1.169e+01,1.223e+01,1.328e+01,1.198e+01,1.434e+01,1.224e+01,1.262e+01,1.287e+01,1.358e+01,1.179e+01,1.366e+01,1.279e+01,1.107e+01,1.262e+01,1.153e+01,1.550e+01,1.185e+01,1.313e+01,1.249e+01,1.348e+01,1.268e+01,1.234e+01,1.306e+01
9.439e-01,1.786e-01,4.393e-01,1.144e+00,1.141e+00,1.386e+00,1.370e+00,2.509e+00,1.905e+00,2.395e+00,2.431e+00,2.087e+00,2.568e+00,2.670e+00,3.091e+00,4.340e+00,3.272e+00,4.634e+00,5.350e+00,3.876e+00,5.032e+00,5.136e+00,5.638e+00,5.351e+00,7.603e+00,6.837e+00,8.961e+00,7.396e+00,6.163e+00,7.742e+00,7.396e+00,6.781e+00,7.498e+00,8.299e+00,7.918e+00,1.075e+01,9.949e+00,1.094e+01,1.234e+01,1.078e+01,1.322e+01,1.150e+01,1.158e+01,1.148e+01,1.279e+01,1.231e+01,1.285e+01,1.147e+01,1.166e+01,1.232e+01,1.045e+01,1.521e+01,1.104e+01,1.173e+01,1.219e+01,1.325e+01,1.172e+01,1.253e+01,1.250e+01
8.830e-01,8.767e-01,1.473e+00,2.085e+00,1.844e+00,2.516e+00,2.242e+00,4.374e+00,3.413e+00,4.294e+00,4.549e+00,3.044e+00,3.064e+00,3.200e+00,3.693e+00,4.898e+00,4.156e+00,4.687e+00,5.196e+00,5.483e+00,5.704e+00,5.788e+00,5.861e+00,6.498e+00,8.295e+00,7.519e+00,9.955e+00,8.388e+00,7.072e+00,9.081e+00,6.931e+00,8.495e+00,8.939e+00,1.096e+01,9.463e+00,1.150e+01,1.078e+01,1.020e+01,1.281e+01,1.075e+01,1.367e+01,1.188e+01,1.060e+01,1.281e+01,1.517e+01,1.390e+01,1.354e+01,1.259e+01,1.212e+01,1.292e+01,1.107e+01,1.612e+01,1.283e+01,1.429e+01,1.419e+01,1.405e+01,1.321e+01,1.331e+01,1.399e+01
3.092e-01,2.781e-01,5.498e-01,1.384e+00,1.541e+00,1.093e+00,1.079e+00,2.462e+00,2.090e+00,2.774e+00,2.720e+00,2.165e+00,2.128e+00,2.632e+00,3.147e+00,4.239e+00,2.374e+00,3.440e+00,3.766e+00,4.113e+00,3.971e+00,3.512e+00,4.091e+00,3.903e+00,6.150e+00,5.160e+00,6.270e+00,5.412e+00,4.976e+00,6.059e+00,5.350e+00,5.369e+00,6.289e+00,7.681e+00,6.382e+00,7.849e+00,8.172e+00,8.824e+00,1.109e+01,9.541e+00,1.077e+01,1.039e+01,9.966e+00,1.092e+01,1.136e+01,1.179e+01,1.183e+01,1.050e+01,9.697e+00,9.987e+00,9.142e+00,1.431e+01,9.523e+00,1.104e+01,1.226e+01,1.230e+01,1.116e+01,1.039e+01,1.153e+01
3.160e-01,6.837e-01,9.921e-01,1.498e+00,1.558e+00,1.703e+00,1.748e+00,3.637e+00,3.025e+00,3.573e+00,3.819e+00,2.803e+00,2.933e+00,3.070e+00,3.865e+00,3.895e+00,3.043e+00,4.365e+00,4.020e+00,4.715e+00,4.796e+00,3.801e+00,4.588e+00,5.127e+00,6.977e+00,6.070e+00,7.850e+00,6.923e+00,6.075e+00,6.191e+00,5.128e+00,5.810e+00,6.728e+00,7.896e+00,7.177e+00,8.583e+00,8.032e+00,8.024e+00,1.121e+01,9.400e+00,1.127e+01,9.902e+00,9.094e+00,9.725e+00,1.237e+01,1.100e+01,1.195e+01,1.014e+01,9.324e+00,1.078e+01,9.378e+00,1.370e+01,8.923e+00,1.137e+01,1.196e+01,1.177e+01,1.054e+01,1.107e+01,1.265e+01
5.379e-01,1.031e-01,2.566e-01,5.897e-01,8.226e-01,6.727e-01,8.887e-01,1.407e+00,1.265e+00,1.354e+00,1.567e+00,1.585e+00,1.520e+00,2.330e+00,2.289e+00,2.868e+00,2.158e+00,2.816e+00,4.034e+00,2.654e+00,2.815e+00,3.461e+00,4.204e+00,3.533e+00,4.941e+00,4.364e+00,5.795e+00,5.201e+00,3.587e+00,5.422e+00,5.002e+00,4.323e+00,5.759e+00,7.057e+00,5.189e+00,8.589e+00,7.579e+00,8.336e+00,9.222e+00,7.300e+00,9.648e+00,8.683e+00,8.570e+00,8.845e+00,9.499e+00,1.045e+01,9.141e+00,1.039e+01,9.010e+00,8.936e+00,8.725e+00,1.240e+01,9.876e+00,1.030e+01,1.112e+01,9.895e+00,9.380e+00,9.320e+00,1.048e+01
4.407e-01,3.277e-01,7.020e-01,1.251e+00,9.471e-01,9.741e-01,1.093e+00,2.081e+00,2.089e+00,2.588e+00,3.560e+00,2.011e+00,2.665e+00,2.635e+00,4.516e+00,5.558e+00,3.326e+00,5.232e+00,5.576e+00,6.463e+00,6.655e+00,5.577e+00,7.411e+00,6.700e+00,8.456e+00,8.565e+00,1.088e+01,9.185e+00,8.104e+00,9.536e+00,8.674e+00,8.685e+00,8.706e+00,9.717e+00,8.956e+00,1.299e+01,1.143e+01,1.090e+01,1.306e+01,1.118e+01,1.290e+01,1.112e+01,1.338e+01,1.340e+01,1.412e+01,1.511e+01,1.415e+01,1.379e+01,1.227e+01,1.476e+01,1.356e+01,1.744e+01,1.556e+01,1.576e+01,1.700e+01,1.572e+01,1.576e+01,1.462e+01,1.687e+01
9.054e-01,8.535e-01,1.450e+00,1.961e+00,1.153e+00,2.033e+00,9.111e-01,2.344e+00,2.332e+00,3.137e+00,3.783e+00,2.560e+00,3.233e+00,3.194e+00,4.048e+00,5.587e+00,3.954e+00,5.266e+00,5.067e+00,5.986e+00,5.938e+00,6.908e+00,6.737e+00,6.339e+00,8.605e+00,7.812e+00,8.957e+00,8.177e+00,5.967e+00,9.184e+00,7.795e+00,8.297e+00,8.379e+00,9.874e+00,8.878e+00,1.200e+01,1.177e+01,1.134e+01,1.372e+01,1.200e+01,1.386e+01,1.165e+01,1.166e+01,1.328e+01,1.419e+01,1.348e+01,1.366e+01,1.330e+01,1.250e+01,1.411e+01,1.349e+01,1.878e+01,1.498e+01,1.621e+01,1.691e+01,1.609e+01,1.495e+01,1.395e+01,1.628e+01
2.437e-01,4.075e-01,6.993e-01,1.009e+00,1.261e+00,1.395e+00,1.325e+00,2.579e+00,2.311e+00,3.144e+00,2.796e+00,2.462e+00,2.091e+00,2.616e+00,3.063e+00,2.954e+00,2.583e+00,4.248e+00,3.105e+00,3.787e+00,4.455e+00,4.644e+00,5.563e+00,5.512e+00,6.374e+00,5.692e+00,6.937e+00,5.954e+00,5.978e+00,6.505e+00,5.950e+00,5.787e+00,5.756e+00,7.695e+00,7.260e+00,9.015e+00,8.025e+00,8.913e+00,1.098e+01,8.716e+00,1.156e+01,9.993e+00,9.489e+00,1.018e+01,1.223e+01,1.116e+01,1.196e+01,9.715e+00,1.047e+01,1.112e+01,1.058e+01,1.511e+01,1.087e+01,1.279e+01,1.340e+01,1.267e+01,1.014e+01,1.270e+01,1.299e+01
3.015e-01,3.839e-01,6.531e-01,8.650e-01,7.963e-01,1.193e+00,8.833e-01,1.824e+00,1.953e+00,3.003e+00,3.087e+00,2.446e+00,2.350e+00,2.898e+00,2.943e+00,4.385e+00,3.023e+00,3.914e+00,3.659e+00,4.648e+00,4.587e+00,5.230e+00,5.989e+00,5.675e+00,6.236e+00,6.028e+00,7.715e+00,7.429e+00,5.042e+00,6.919e+00,6.808e+00,6.591e+00,6.406e+00,8.961e+00,7.373e+00,9.491e+00,9.199e+00,8.936e+00,1.172e+01,9.593e+00,1.113e+01,9.299e+00,9.671e+00,1.014e+01,1.127e+01,1.058e+01,1.129e+01,1.079e+01,9.633e+00,1.012e+01,9.824e+00,1.485e+01,1.182e+01,1.272e+01,1.364e+01,1.268e+01,1.214e+01,1.190e+01,1.167e+01
1.073e-01,5.147e-01,8.185e-01,1.573e+00,1.539e+00,1.712e+00,1.398e+00,3.422e+00,2.324e+00,3.250e+00,4.010e+00,2.728e+00,2.536e+00,3.471e+00,4.212e+00,4.763e+00,3.766e+00,4.496e+00,4.804e+00,5.792e+00,5.827e+00,4.825e+00,5.727e+00,6.023e+00,8.180e+00,6.341e+00,8.890e+00,7.710e+00,6.808e+00,8.142e+00,8.062e+00,7.460e+00,8.215e+00,8.518e+00,8.010e+00,1.086e+01,9.973e+00,9.224e+00,1.364e+01,1.110e+01,1.284e+01,1.050e+01,1.116e+01,1.207e+01,1.327e+01,1.398e+01,1.288e+01,1.271e+01,1.193e+01,1.351e+01,1.183e+01,1.695e+01,1.337e+01,1.435e+01,1.610e+01,1.453e+01,1.348e+01,1.392e+01,1.529e+01
7.314e-01,1.529e-01,5.200e-01,1.471e+00,1.345e+00,1.341e+00,1.683e+00,3.105e+00,2.278e+00,2.700e+00,3.218e+00,1.741e+00,2.331e+00,2.202e+00,2.737e+00,4.060e+00,3.082e+00,3.664e+00,3.573e+00,4.924e+00,4.395e+00,4.104e+00,5.124e+00,5.386e+00,6.519e+00,5.962e+00,7.379e+00,6.610e+00,5.749e+00,7.775e+00,6.397e+00,7.213e+00,6.462e+00,7.838e+00,7.327e+00,9.122e+00,9.592e+00,8.161e+00,9.859e+00,9.302e+00,1.085e+01,9.594e+00,9.954e+00,1.105e+01,1.171e+01,1.207e+01,1.101e+01,1.094e+01,1.018e+01,1.114e+01,1.047e+01,1.432e+01,1.231e+01,1.461e+01,1.374e+01,1.337e+01,1.195e+01,1.207e+01,1.338e+01
7.399e-01,3.787e-01,7.001e-01,1.273e+00,1.305e+00,1.690e+00,1.926e+00,3.458e+00,2.594e+00,3.479e+00,3.316e+00,2.488e+00,2.473e+00,2.778e+00,3.310e+00,5.061e+00,4.406e+00,5.015e+00,5.794e+00,4.973e+00,5.761e+00,6.074e+00,5.880e+00,6.259e+00,8.055e+00,7.029e+00,9.328e+00,7.683e+00,5.930e+00,8.629e+00,7.376e+00,8.070e+00,7.586e+00,9.500e+00,8.335e+00,1.056e+01,1.099e+01,1.023e+01,1.256e+01,1.227e+01,1.405e+01,1.146e+01,1.129e+01,1.218e+01,1.404e+01,1.329e+01,1.391e+01,1.220e+01,1.298e+01,1.350e+01,1.104e+01,1.831e+01,1.340e+01,1.621e+01,1.558e+01,1.454e+01,1.263e+01,1.506e+01,1.539e+01
1.612e-01,2.599e-01,5.729e-01,1.300e+00,1.297e+00,1.187e+00,8.049e-01,2.111e+00,1.522e+00,2.740e+00,3.232e+00,2.385e+00,1.734e+00,2.958e+00,3.885e+00,4.507e+00,2.786e+00,4.218e+00,4.041e+00,4.726e+00,4.699e+00,5.052e+00,5.861e+00,4.538e+00,6.223e+00,5.536e+00,8.062e+00,7.651e+00,6.038e+00,7.300e+00,7.205e+00,6.273e+00,6.773e+00,8.207e+00,8.569e+00,8.907e+00,1.046e+01,9.700e+00,1.184e+01,1.075e+01,1.167e+01,9.637e+00,1.044e+01,1.244e+01,1.240e+01,1.229e+01,1.261e+01,1.162e+01,1.067e+01,1.219e+01,1.139e+01,1.556e+01,1.319e+01,1.497e+01,1.542e+01,1.401e+01,1.374e+01,1.430e+01,1.463e+01
7.669e-01,4.026e-01,8.561e-01,1.544e+00,1.424e+00,1.503e+00,1.545e+00,2.842e+00,2.795e+00,3.883e+00,4.172e+00,2.860e+00,3.326e+00,3.488e+00,4.246e+00,6.281e+00,4.204e+00,5.277e+00,6.195e+00,5.854e+00,6.432e+00,6.413e+00,6.555e+00,6.473e+00,8.891e+00,8.446e+00,1.027e+01,8.754e+00,7.216e+00,9.500e+00,8.588e+00,8.701e+00,9.619e+00,1.176e+01,9.401e+00,1.303e+01,1.218e+01,1.349e+01,1.410e+01,1.223e+01,1.517e+01,1.398e+01,1.389e+01,1.376e+01,1.497e+01,1.422e+01,1.497e+01,1.389e+01,1.313e+01,1.365e+01,1.278e+01,1.861e+01,1.542e+01,1.639e+01,1.654e+01,1.713e+01,1.731e+01,1.583e+01,1.571e+01
6.898e-01,3.261e-01,5.726e-01,1.093e+00,1.110e+00,1.141e+00,1.449e+00,2.561e+00,2.420e+00,2.836e+00,2.817e+00,1.965e+00,3.005e+00,2.688e+00,3.021e+00,4.802e+00,3.254e+00,4.475e+00,5.333e+00,5.453e+00,6.247e+00,5.320e+00,5.239e+00,6.071e+00,7.589e+00,7.034e+00,8.893e+00,7.434e+00,6.407e+00,8.176e+00,7.870e+00,7.292e+00,7.665e+00,1.046e+01,8.781e+00,1.135e+01,1.132e+01,1.147e+01,1.339e+01,1.076e+01,1.407e+01,1.218e+01,1.193e+01,1.182e+01,1.360e+01,1.303e+01,1.342e+01,1.320e+01,1.218e+01,1.399e+01,1.411e+01,1.854e+01,1.443e+01,1.551e+01,1.566e+01,1.626e+01,1.559e+01,1.438e+01,1.485e+01
4.557e-01,6.447e-01,9.723e-01,1.713e+00,1.184e+00,1.764e+00,9.616e-01,2.819e+00,2.297e+00,3.268e+00,4.096e+00,2.851e+00,3.364e+00,3.344e+00,4.250e+00,5.154e+00,3.302e+00,4.472e+00,4.484e+00,5.186e+00,5.629e+00,5.283e+00,5.320e+00,4.512e+00,7.886e+00,7.091e+00,7.452e+00,7.415e+00,6.125e+00,7.669e+00,6.489e+00,6.908e+00,7.288e+00,8.860e+00,7.683e+00,1.061e+01,8.920e+00,9.966e+00,1.281e+01,1.059e+01,1.216e+01,1.082e+01,1.148e+01,1.050e+01,1.364e+01,1.208e+01,1.250e+01,1.168e+01,1.071e+01,1.278e+01,1.189e+01,1.652e+01,1.254e+01,1.403e+01,1.496e+01,1.311e+01,1.389e+01,1.325e+01,1.433e+01
