5.046e-01,5.095e-01,6.975e-01,8.120e-01,7.708e-01,3.722e-02,3.007e-01,7.773e-01,1.487e-01,4.922e-01,3.713e-01,7.783e-02,3.387e-01,6.329e-01,9.763e-01,7.864e-01,1.347e-01,8.512e-01,1.902e-01,2.933e-02,8.984e-02,6.105e-01,7.997e-01,1.093e-01,2.016e-01,1.823e-02,8.170e-01,5.858e-02,7.354e-01,2.169e-02,6.929e-01,2.598e-01,1.335e-01,1.558e-01,1.343e-01,6.967e-01,9.544e-01,5.148e-01,3.768e-02,6.901e-01,7.030e-01,9.270e-01,6.341e-01,5.096e-01,9.200e-01,1.850e-01,5.024e-01,1.440e-01,8.361e-01,9.528e-01,8.228e-01,4.903e-01,6.121e-02,5.074e-01,3.944e-01,8.554e-01,8.268e-01,7.398e-01,2.483e-01
2.193e-01,1.040e+00,7.450e-01,7.804e-01,9.607e-01,2.915e-01,5.626e-01,9.163e-01,8.546e-01,2.763e-01,1.038e+00,5.382e-01,4.999e-01,1.137e+00,5.635e-01,1.189e+00,3.700e-01,1.128e+00,6.202e-01,5.900e-02,9.341e-01,5.548e-01,9.995e-01,4.274e-01,5.773e-01,6.634e-01,1.238e+00,6.188e-01,5.412e-01,1.954e-02,1.241e+00,7.440e-01,9.090e-01,4.794e-01,7.494e-01,1.221e+00,6.699e-01,2.703e-01,5.710e-02,6.180e-01,3.433e-01,4.266e-01,6.567e-01,9.570e-01,1.325e+00,2.236e-01,1.123e+00,5.994e-01,9.794e-01,6.962e-01,8.610e-01,1.084e+00,6.226e-01,1.005e+00,4.964e-01,5.802e-01,1.208e+00,8.123e-01,9.039e-01
1.540e-03,7.869e-01,8.102e-01,1.392e+00,7.722e-01,1.126e+00,7.177e-01,1.153e+00,1.153e+00,4.256e-01,1.821e+00,7.845e-01,1.194e+00,1.448e+00,2.192e-01,1.608e+00,8.076e-01,1.293e+00,1.166e+00,8.420e-01,9.346e-01,4.230e-01,1.024e+00,4.117e-01,8.202e-01,6.862e-01,1.138e+00,1.183e+00,1.176e+00,9.325e-01,1.284e+00,1.033e+00,9.455e-01,9.605e-01,1.004e+00,1.295e+00,4.388e-01,3.209e-01,7.913e-01,9.263e-01,5.398e-01,7.378e-01,1.244e+00,1.229e+00,1.261e+00,3.445e-01,1.162e+00,1.256e+00,1.306e+00,1.138e+00,8.461e-01,1.526e+00,1.339e+00,1.039e+00,4.366e-01,5.805e-01,1.605e+00,5.647e-01,8.792e-01
2.993e-01,4.625e-01,8.417e-01,1.589e+00,1.328e+00,1.614e+00,8.876e-01,1.938e+00,8.119e-01,1.376e+00,2.099e+00,6.854e-01,1.419e+00,1.760e+00,9.323e-01,1.982e+00,9.755e-01,1.805e+00,1.203e+00,1.246e+00,6.288e-01,1.289e+00,1.054e+00,5.216e-01,1.191e+00,4.378e-01,1.576e+00,1.665e+00,1.942e+00,1.258e+00,1.145e+00,1.612e+00,5.892e-01,1.617e+00,7.141e-01,1.861e+00,1.313e+00,1.193e+00,9.148e-01,1.939e+00,1.385e+00,1.328e+00,1.815e+00,1.291e+00,1.374e+00,4.923e-01,9.633e-01,8.546e-01,1.545e+00,1.516e+00,1.500e+00,1.299e+00,1.179e+00,1.422e+00,7.927e-01,1.706e+00,1.684e+00,1.340e+00,8.571e-01
1.452e-02,3.608e-01,5.530e-01,1.210e+00,1.096e+00,2.378e+00,1.675e+00,1.801e+00,1.620e+00,1.356e+00,2.450e+00,1.553e+00,1.314e+00,2.308e+00,1.250e+00,2.013e+00,1.086e+00,2.104e+00,1.793e+00,1.936e+00,1.330e+00,1.076e+00,1.674e+00,5.690e-01,1.799e+00,1.493e+00,1.990e+00,1.857e+00,1.653e+00,1.936e+00,1.375e+00,2.178e+00,1.020e+00,2.418e+00,1.357e+00,1.713e+00,1.089e+00,1.051e+00,1.475e+00,1.680e+00,1.835e+00,1.564e+00,1.788e+00,1.652e+00,1.921e+00,8.112e-01,1.000e+00,1.729e+00,2.115e+00,1.604e+00,1.560e+00,1.201e+00,2.118e+00,1.595e+00,7.693e-01,2.079e+00,2.187e+00,1.615e+00,1.464e+00
2.228e-01,4.175e-01,7.493e-01,1.458e+00,1.223e+00,2.622e+00,2.023e+00,1.875e+00,1.734e+00,1.554e+00,2.273e+00,1.401e+00,2.109e+00,2.683e+00,1.755e+00,2.305e+00,1.964e+00,2.820e+00,1.602e+00,1.534e+00,9.921e-01,1.696e+00,1.771e+00,1.034e+00,1.846e+00,7.221e-01,1.972e+00,2.613e+00,2.769e+00,1.973e+00,1.935e+00,1.839e+00,8.568e-01,1.779e+00,1.818e+00,2.226e+00,1.487e+00,1.628e+00,1.459e+00,1.853e+00,1.769e+00,1.530e+00,2.045e+00,2.260e+00,1.707e+00,1.114e+00,1.588e+00,1.173e+00,1.937e+00,2.031e+00,1.930e+00,1.593e+00,1.660e+00,1.553e+00,1.184e+00,2.688e+00,2.175e+00,1.577e+00,1.254e+00
7.683e-02,8.652e-01,8.933e-01,1.510e+00,1.113e+00,2.311e+00,2.455e+00,2.484e+00,2.609e+00,1.566e+00,3.308e+00,2.469e+00,2.948e+00,3.105e+00,1.368e+00,3.152e+00,1.990e+00,3.000e+00,2.387e+00,1.449e+00,1.803e+00,1.323e+00,1.869e+00,1.170e+00,2.339e+00,1.722e+00,2.906e+00,2.700e+00,2.780e+00,2.685e+00,2.713e+00,1.769e+00,1.930e+00,1.831e+00,3.082e+00,2.807e+00,1.103e+00,1.710e+00,1.587e+00,1.604e+00,1.781e+00,1.765e+00,2.238e+00,3.310e+00,2.424e+00,1.625e+00,2.191e+00,2.030e+00,2.295e+00,2.120e+00,2.004e+00,2.343e+00,2.556e+00,2.288e+00,1.734e+00,2.472e+00,2.435e+00,1.279e+00,2.002e+00
3.162e-01,9.489e-01,8.606e-01,1.165e+00,1.495e+00,1.485e+00,1.659e+00,3.037e+00,1.861e+00,1.921e+00,3.080e+00,2.081e+00,1.941e+00,2.596e+00,1.726e+00,2.520e+00,1.315e+00,3.257e+00,2.142e+00,1.971e+00,1.717e+00,1.811e+00,2.102e+00,9.810e-01,2.525e+00,1.760e+00,3.495e+00,1.906e+00,2.602e+00,2.254e+00,2.147e+00,2.716e+00,1.834e+00,2.724e+00,2.540e+00,3.126e+00,2.136e+00,1.547e+00,9.319e-01,2.388e+00,1.649e+00,2.255e+00,2.117e+00,2.771e+00,2.957e+00,1.181e+00,1.929e+00,2.094e+00,1.996e+00,1.654e+00,2.359e+00,1.857e+00,1.834e+00,2.476e+00,1.962e+00,2.856e+00,2.907e+00,2.102e+00,2.177e+00
4.255e-02,4.300e-01,5.991e-01,1.157e+00,7.876e-01,2.366e+00,1.997e+00,1.354e+00,2.348e+00,1.554e+00,2.267e+00,2.410e+00,1.743e+00,3.134e+00,2.402e+00,2.454e+00,2.027e+00,3.257e+00,2.426e+00,1.694e+00,1.692e+00,1.355e+00,2.737e+00,1.583e+00,1.810e+00,1.799e+00,2.401e+00,2.278e+00,2.339e+00,2.757e+00,2.431e+00,1.644e+00,1.606e+00,2.014e+00,2.277e+00,2.242e+00,1.414e+00,1.628e+00,2.088e+00,1.581e+00,2.138e+00,1.540e+00,1.708e+00,2.785e+00,2.027e+00,1.253e+00,1.517e+00,2.063e+00,2.226e+00,2.594e+00,1.754e+00,2.085e+00,2.416e+00,2.235e+00,1.688e+00,3.084e+00,3.084e+00,1.732e+00,1.378e+00
3.140e-01,7.258e-01,7.352e-01,1.014e+00,1.323e+00,1.580e+00,1.577e+00,2.319e+00,1.736e+00,2.441e+00,2.536e+00,2.311e+00,1.479e+00,2.635e+00,2.857e+00,2.665e+00,1.113e+00,3.736e+00,2.540e+00,2.918e+00,1.757e+00,2.505e+00,3.207e+00,1.038e+00,3.064e+00,2.408e+00,3.152e+00,2.279e+00,2.271e+00,2.562e+00,2.321e+00,3.048e+00,2.431e+00,3.507e+00,2.628e+00,3.334e+00,2.639e+00,1.536e+00,2.046e+00,2.489e+00,2.789e+00,2.570e+00,2.749e+00,3.153e+00,3.326e+00,1.816e+00,1.772e+00,2.916e+00,2.696e+00,2.742e+00,2.507e+00,2.216e+00,2.020e+00,2.281e+00,1.714e+00,3.137e+00,3.748e+00,2.393e+00,2.689e+00
2.130e-02,5.635e-01,5.340e-01,1.002e+00,1.274e+00,2.641e+00,2.476e+00,2.775e+00,2.639e+00,2.601e+00,3.543e+00,3.349e+00,3.024e+00,4.081e+00,3.391e+00,3.957e+00,1.868e+00,4.118e+00,3.614e+00,3.779e+00,3.025e+00,2.515e+00,3.233e+00,1.683e+00,3.701e+00,3.382e+00,3.707e+00,3.225e+00,2.792e+00,3.802e+00,2.991e+00,3.889e+00,3.089e+00,4.045e+00,4.142e+00,3.832e+00,2.742e+00,2.123e+00,2.967e+00,2.954e+00,3.774e+00,3.190e+00,3.294e+00,4.685e+00,3.943e+00,3.015e+00,2.341e+00,3.237e+00,3.719e+00,3.375e+00,2.773e+00,2.701e+00,3.906e+00,3.765e+00,2.167e+00,4.609e+00,4.495e+00,2.863e+00,3.141e+00
1.584e-01,2.964e-01,6.456e-01,1.227e+00,5.814e-01,1.230e+00,1.176e+00,1.655e+00,1.402e+00,1.288e+00,2.160e+00,1.964e+00,2.134e+00,2.619e+00,2.026e+00,3.010e+00,1.780e+00,2.767e+00,2.900e+00,2.189e+00,2.079e+00,9.443e-01,1.759e+00,9.107e-01,2.311e+00,2.381e+00,2.372e+00,1.813e+00,2.639e+00,3.333e+00,2.058e+00,2.318e+00,1.609e+00,2.583e+00,2.329e+00,2.207e+00,1.888e+00,2.050e+00,2.557e+00,1.625e+00,2.637e+00,2.483e+00,2.086e+00,3.064e+00,2.563e+00,1.719e+00,1.301e+00,2.875e+00,2.889e+00,2.241e+00,1.964e+00,2.403e+00,3.076e+00,2.730e+00,1.755e+00,2.529e+00,2.870e+00,1.627e+00,2.159e+00
5.673e-02,7.273e-01,7.734e-01,1.403e+00,1.186e+00,2.055e+00,1.694e+00,2.640e+00,2.183e+00,2.059e+00,3.313e+00,2.523e+00,3.405e+00,3.610e+00,2.980e+00,3.850e+00,3.095e+00,4.750e+00,3.562e+00,3.023e+00,2.416e+00,2.944e+00,2.894e+00,2.396e+00,3.677e+00,2.637e+00,3.996e+00,3.081e+00,4.081e+00,4.113e+00,3.414e+00,3.506e+00,2.559e+00,3.380e+00,4.307e+00,3.668e+00,2.767e+00,2.254e+00,3.094e+00,3.633e+00,3.275e+00,2.423e+00,2.804e+00,4.305e+00,3.703e+00,2.342e+00,2.846e+00,3.257e+00,2.772e+00,2.601e+00,2.978e+00,2.959e+00,3.483e+00,3.787e+00,2.685e+00,3.940e+00,4.059e+00,2.935e+00,2.758e+00
3.398e-01,4.258e-01,8.440e-01,1.433e+00,7.573e-01,1.075e+00,1.284e+00,2.535e+00,1.485e+00,2.107e+00,2.739e+00,2.412e+00,3.201e+00,3.406e+00,3.064e+00,4.027e+00,2.889e+00,4.711e+00,4.221e+00,3.375e+00,2.682e+00,3.037e+00,2.945e+00,1.548e+00,3.785e+00,2.899e+00,3.986e+00,2.741e+00,4.274e+00,4.847e+00,3.275e+00,3.788e+00,3.122e+00,3.609e+00,4.533e+00,4.247e+00,3.997e+00,2.792e+00,3.794e+00,3.263e+00,3.947e+00,4.507e+00,3.541e+00,5.433e+00,4.472e+00,3.348e+00,3.051e+00,4.602e+00,3.916e+00,3.313e+00,2.762e+00,3.251e+00,4.320e+00,3.907e+00,3.057e+00,3.951e+00,4.787e+00,2.760e+00,2.995e+00
2.662e-01,2.869e-01,6.557e-01,1.217e+00,8.487e-01,1.232e+00,8.289e-01,1.597e+00,8.096e-01,1.335e+00,1.713e+00,1.203e+00,2.073e+00,2.418e+00,2.413e+00,2.719e+00,1.528e+00,3.105e+00,3.038e+00,3.173e+00,2.073e+00,2.089e+00,1.817e+00,9.153e-01,2.558e+00,2.467e+00,1.923e+00,2.031e+00,2.976e+00,3.194e+00,2.689e+00,3.590e+00,1.884e+00,2.479e+00,2.682e+00,2.843e+00,3.151e+00,2.272e+00,3.240e+00,2.640e+00,2.743e+00,3.232e+00,2.482e+00,3.433e+00,2.770e+00,2.320e+00,2.198e+00,2.145e+00,3.240e+00,3.145e+00,2.187e+00,2.233e+00,2.858e+00,3.433e+00,1.406e+00,3.114e+00,3.678e+00,2.081e+00,1.809e+00
6.368e-02,7.100e-01,5.453e-01,8.037e-01,1.151e+00,2.117e+00,2.187e+00,2.300e+00,2.573e+00,2.491e+00,3.039e+00,3.439e+00,3.083e+00,4.698e+00,4.681e+00,5.263e+00,4.647e+00,7.623e+00,6.631e+00,5.561e+00,4.992e+00,4.691e+00,4.622e+00,3.411e+00,5.955e+00,5.749e+00,5.592e+00,4.247e+00,5.176e+00,6.715e+00,5.506e+00,6.224e+00,5.026e+00,5.790e+00,6.348e+00,5.742e+00,5.223e+00,3.933e+00,5.853e+00,4.617e+00,5.660e+00,4.671e+00,4.192e+00,7.180e+00,5.918e+00,4.548e+00,5.182e+00,5.999e+00,5.448e+00,4.503e+00,4.674e+00,3.770e+00,6.466e+00,6.017e+00,4.428e+00,5.557e+00,7.221e+00,5.067e+00,4.327e+00
3.303e-01,7.344e-01,7.755e-01,1.041e+00,1.068e+00,1.479e+00,1.924e+00,2.101e+00,2.080e+00,2.043e+00,2.435e+00,2.538e+00,2.802e+00,3.475e+00,3.533e+00,4.292e+00,4.367e+00,6.677e+00,5.288e+00,3.995e+00,3.543e+00,3.768e+00,3.612e+00,3.738e+00,4.434e+00,4.184e+00,5.161e+00,3.638e+00,5.270e+00,5.334e+00,4.689e+00,4.426e+00,3.982e+00,4.269e+00,5.323e+00,4.853e+00,3.797e+00,3.585e+00,4.637e+00,4.358e+00,4.868e+00,3.483e+00,3.256e+00,5.414e+00,4.582e+00,3.782e+00,4.999e+00,4.507e+00,3.982e+00,3.763e+00,4.334e+00,3.157e+00,5.410e+00,4.855e+00,4.009e+00,4.120e+00,5.434e+00,4.642e+00,3.440e+00
2.315e-02,7.011e-01,6.005e-01,9.338e-01,8.049e-01,1.469e+00,1.494e+00,2.165e+00,1.899e+00,1.527e+00,2.651e+00,2.359e+00,3.135e+00,3.682e+00,3.283e+00,4.109e+00,4.223e+00,6.585e+00,6.031e+00,4.677e+00,4.138e+00,4.677e+00,4.316e+00,3.846e+00,5.795e+00,5.114e+00,5.370e+00,3.631e+00,5.146e+00,6.066e+00,4.851e+00,6.034e+00,4.104e+00,5.167e+00,6.060e+00,4.951e+00,4.474e+00,3.484e+00,5.040e+00,4.722e+00,4.923e+00,4.727e+00,3.940e+00,6.495e+00,5.341e+00,4.468e+00,4.999e+00,6.045e+00,4.315e+00,3.279e+00,4.097e+00,3.214e+00,5.930e+00,5.546e+00,4.004e+00,5.006e+00,6.336e+00,4.904e+00,3.965e+00
5.423e-02,5.785e-01,4.471e-01,6.310e-01,8.118e-01,1.439e+00,1.411e+00,1.767e+00,1.756e+00,1.366e+00,2.142e+00,2.229e+00,1.880e+00,3.217e+00,2.899e+00,3.220e+00,3.001e+00,5.102e+00,4.625e+00,4.436e+00,3.747e+00,2.768e+00,3.069e+00,3.073e+00,4.338e+00,4.778e+00,4.327e+00,3.724e+00,4.606e+00,4.839e+00,4.092e+00,4.949e+00,3.211e+00,4.358e+00,4.871e+00,4.145e+00,3.740e+00,3.415e+00,4.335e+00,3.851e+00,4.275e+00,3.754e+00,3.254e+00,4.786e+00,4.275e+00,3.328e+00,4.063e+00,5.041e+00,3.801e+00,3.075e+00,3.966e+00,2.699e+00,5.482e+00,5.170e+00,2.933e+00,4.570e+00,5.407e+00,4.424e+00,3.934e+00
2.538e-01,4.006e-01,6.654e-01,1.136e+00,9.620e-01,2.063e+00,2.363e+00,2.915e+00,2.312e+00,2.810e+00,3.319e+00,3.402e+00,3.443e+00,4.082e+00,4.029e+00,4.663e+00,3.154e+00,6.589e+00,6.524e+00,6.505e+00,4.675e+00,4.498e+00,5.033e+00,3.530e+00,6.380e+00,6.235e+00,6.027e+00,4.497e+00,6.218e+00,6.995e+00,5.379e+00,7.415e+00,5.505e+00,6.631e+00,7.170e+00,6.115e+00,5.550e+00,4.978e+00,6.134e+00,5.447e+00,6.507e+00,6.804e+00,5.536e+00,7.791e+00,6.567e+00,5.612e+00,5.471e+00,6.771e+00,6.387e+00,5.165e+00,5.524e+00,4.023e+00,6.761e+00,6.051e+00,4.043e+00,6.070e+00,7.671e+00,5.087e+00,5.287e+00
1.733e-02,6.878e-01,5.295e-01,8.687e-01,1.177e+00,2.089e+00,1.955e+00,2.181e+00,2.248e+00,2.058e+00,2.860e+00,2.616e+00,2.443e+00,3.559e+00,2.818e+00,3.655e+00,3.108e+00,5.112e+00,4.232e+00,3.448e+00,3.543e+00,3.795e+00,4.261e+00,3.045e+00,4.938e+00,4.704e+00,5.171e+00,4.664e+00,4.316e+00,5.222e+00,3.763e+00,4.513e+00,4.369e+00,5.001e+00,4.833e+00,4.529e+00,3.613e+00,3.851e+00,4.370e+00,4.595e+00,4.043e+00,2.908e+00,3.861e+00,5.642e+00,4.565e+00,3.229e+00,3.726e+00,4.543e+00,3.672e+00,3.593e+00,3.908e+00,3.629e+00,4.603e+00,4.960e+00,3.649e+00,4.517e+00,5.689e+00,4.698e+00,3.762e+00
3.431e-01,1.041e+00,1.129e+00,1.779e+00,1.865e+00,2.407e+00,2.244e+00,3.002e+00,2.279e+00,2.209e+00,3.483e+00,2.413e+00,3.023e+00,4.088e+00,3.050e+00,4.420e+00,3.565e+00,5.774e+00,4.752e+00,3.907e+00,3.713e+00,4.970e+00,4.592e+00,4.404e+00,5.431e+00,5.474e+00,6.718e+00,5.552e+00,5.777e+00,6.147e+00,5.249e+00,5.840e+00,4.951e+00,5.969e+00,5.934e+00,6.102e+00,5.078e+00,4.562e+00,5.976e+00,6.514e+00,5.972e+00,4.335e+00,4.554e+00,6.646e+00,5.971e+00,3.801e+00,5.691e+00,5.152e+00,4.973e+00,4.353e+00,5.239e+00,4.383e+00,6.298e+00,6.217e+00,4.224e+00,5.848e+00,6.291e+00,6.507e+00,5.091e+00
2.083e-01,8.014e-01,9.710e-01,1.651e+00,1.280e+00,2.039e+00,1.668e+00,2.697e+00,2.341e+00,2.212e+00,3.336e+00,2.865e+00,3.341e+00,4.371e+00,3.929e+00,4.815e+00,4.473e+00,7.039e+00,6.035e+00,4.926e+00,4.436e+00,4.903e+00,5.770e+00,5.430e+00,6.512e+00,5.855e+00,7.205e+00,5.550e+00,7.018e+00,7.743e+00,5.331e+00,6.170e+00,4.993e+00,6.329e+00,6.340e+00,6.441e+00,5.746e+00,5.505e+00,6.069e+00,6.577e+00,5.883e+00,4.809e+00,4.973e+00,7.823e+00,6.150e+00,4.719e+00,6.025e+00,6.920e+00,5.385e+00,4.811e+00,5.988e+00,4.810e+00,6.705e+00,6.906e+00,5.449e+00,7.036e+00,8.303e+00,6.460e+00,4.752e+00
1.860e-01,6.401e-01,5.408e-01,7.719e-01,1.242e+00,1.533e+00,1.547e+00,2.250e+00,1.766e+00,2.308e+00,2.570e+00,2.521e+00,2.410e+00,3.761e+00,3.467e+00,4.244e+00,3.599e+00,6.368e+00,5.795e+00,5.187e+00,4.591e+00,4.814e+00,4.610e+00,5.353e+00,6.612e+00,6.486e+00,6.632e+00,7.126e+00,7.263e+00,7.727e+00,5.510e+00,6.954e+00,6.375e+00,6.481e+00,6.903e+00,7.805e+00,6.825e+00,5.841e+00,6.951e+00,6.605e+00,6.042e+00,4.764e+00,5.428e+00,8.075e+00,5.903e+00,6.089e+00,7.095e+00,6.444e+00,5.473e+00,5.229e+00,6.039e+00,4.505e+00,7.295e+00,8.126e+00,4.901e+00,6.582e+00,8.579e+00,6.648e+00,5.944e+00
2.453e-01,7.831e-01,8.803e-01,1.457e+00,1.505e+00,2.487e+00,2.191e+00,2.684e+00,2.475e+00,2.285e+00,3.223e+00,2.752e+00,3.197e+00,4.455e+00,3.850e+00,4.367e+00,4.405e+00,6.375e+00,4.643e+00,3.411e+00,3.496e+00,4.862e+00,4.986e+00,5.079e+00,6.584e+00,5.894e+00,7.042e+00,6.813e+00,8.154e+00,8.240e+00,5.408e+00,6.208e+00,5.642e+00,6.693e+00,6.280e+00,7.343e+00,7.081e+00,5.636e+00,6.381e+00,6.510e+00,5.434e+00,4.252e+00,4.339e+00,8.144e+00,5.731e+00,4.885e+00,6.863e+00,5.939e+00,5.422e+00,4.463e+00,6.378e+00,5.769e+00,6.044e+00,6.964e+00,5.600e+00,7.515e+00,7.461e+00,6.846e+00,5.423e+00
3.542e-01,5.649e-01,6.356e-01,7.733e-01,8.881e-01,1.412e+00,1.835e+00,1.793e+00,1.981e+00,2.017e+00,2.004e+00,2.782e+00,2.254e+00,3.613e+00,4.172e+00,4.034e+00,3.042e+00,5.926e+00,5.312e+00,4.891e+00,4.219e+00,3.690e+00,4.690e+00,4.341e+00,5.950e+00,6.587e+00,6.416e+00,5.501e+00,6.981e+00,7.203e+00,5.449e+00,6.362e+00,5.771e+00,6.765e+00,6.201e+00,6.726e+00,6.250e+00,4.805e+00,5.655e+00,5.408e+00,6.139e+00,5.250e+00,5.320e+00,7.749e+00,5.330e+00,5.773e+00,6.607e+00,6.406e+00,5.815e+00,5.740e+00,6.638e+00,4.257e+00,6.029e+00,6.988e+00,5.321e+00,7.290e+00,8.579e+00,6.224e+00,5.471e+00
3.901e-01,9.336e-01,8.471e-01,9.664e-01,1.114e+00,1.239e+00,1.756e+00,2.132e+00,1.824e+00,1.934e+00,2.159e+00,2.250e+00,3.087e+00,3.633e+00,4.075e+00,4.406e+00,4.639e+00,7.153e+00,5.313e+00,4.927e+00,4.097e+00,5.647e+00,5.162e+00,5.697e+00,6.507e+00,5.964e+00,8.000e+00,6.467e+00,8.316e+00,7.737e+00,6.482e+00,7.323e+00,6.819e+00,6.865e+00,8.409e+00,7.807e+00,6.682e+00,5.645e+00,6.631e+00,7.531e+00,7.098e+00,5.112e+00,5.420e+00,8.644e+00,7.355e+00,6.013e+00,8.220e+00,7.583e+00,6.277e+00,5.891e+00,6.866e+00,5.515e+00,7.595e+00,7.168e+00,6.362e+00,7.709e+00,8.364e+00,8.167e+00,6.536e+00
2.617e-02,3.176e-01,2.689e-01,4.305e-01,4.774e-01,5.760e-01,5.937e-01,9.726e-01,1.006e+00,9.706e-01,1.351e+00,1.411e+00,1.269e+00,1.906e+00,1.627e+00,2.295e+00,2.292e+00,3.378e+00,3.175e+00,2.365e+00,2.760e+00,2.930e+00,3.323e+00,4.123e+00,4.148e+00,5.248e+00,5.728e+00,5.541e+00,6.448e+00,7.010e+00,3.862e+00,5.113e+00,6.301e+00,6.163e+00,5.644e+00,6.405e+00,5.823e+00,4.785e+00,5.183e+00,5.938e+00,4.916e+00,2.894e+00,3.938e+00,6.115e+00,4.382e+00,4.111e+00,6.786e+00,4.694e+00,4.804e+00,5.106e+00,5.526e+00,4.556e+00,5.250e+00,6.763e+00,5.044e+00,5.246e+00,6.813e+00,6.891e+00,4.577e+00
5.484e-02,6.097e-01,5.815e-01,9.462e-01,9.333e-01,1.988e+00,1.806e+00,2.063e+00,2.134e+00,1.658e+00,2.620e+00,2.650e+00,2.822e+00,3.905e+00,3.979e+00,4.141e+00,3.887e+00,6.382e+00,5.715e+00,5.496e+00,4.545e+00,5.033e+00,5.481e+00,5.428e+00,7.252e+00,7.602e+00,7.487e+00,6.403e+00,7.729e+00,9.174e+00,6.123e+00,8.276e+00,6.379e+00,7.639e+00,7.540e+00,7.356e+00,7.006e+00,6.156e+00,7.870e+00,8.022e+00,7.801e+00,5.242e+00,5.612e+00,8.394e+00,7.041e+00,5.488e+00,6.833e+00,7.854e+00,6.572e+00,6.170e+00,7.661e+00,5.424e+00,7.905e+00,8.400e+00,5.664e+00,8.917e+00,8.906e+00,8.329e+00,7.011e+00
4.915e-01,6.535e-01,8.686e-01,1.230e+00,1.408e+00,1.815e+00,2.115e+00,2.692e+00,2.192e+00,3.011e+00,2.919e+00,3.224e+00,3.320e+00,4.332e+00,5.215e+00,4.787e+00,3.377e+00,7.082e+00,6.195e+00,5.398e+00,4.127e+00,6.306e+00,6.305e+00,5.929e+00,7.750e+00,8.287e+00,7.963e+00,7.492e+00,9.378e+00,1.130e+01,8.276e+00,9.859e+00,9.184e+00,9.171e+00,9.203e+00,1.052e+01,9.495e+00,7.508e+00,9.404e+00,9.395e+00,9.069e+00,7.560e+00,6.602e+00,1.028e+01,8.784e+00,7.526e+00,9.091e+00,7.809e+00,9.063e+00,8.917e+00,8.083e+00,7.431e+00,8.143e+00,1.020e+01,6.914e+00,1.039e+01,1.000e+01,9.720e+00,8.257e+00
3.072e-02,1.168e-01,2.192e-01,4.733e-01,4.232e-01,1.696e+00,1.958e+00,1.472e+00,1.798e+00,1.432e+00,1.923e+00,2.238e+00,2.536e+00,2.815e+00,2.399e+00,3.001e+00,2.546e+00,3.979e+00,3.929e+00,3.425e+00,3.243e+00,3.433e+00,3.570e+00,3.545e+00,5.160e+00,5.923e+00,5.935e+00,6.142e+00,6.883e+00,8.206e+00,5.647e+00,7.305e+00,7.185e+00,7.008e+00,7.316e+00,7.180e+00,5.938e+00,6.756e+00,6.851e+00,6.880e+00,6.377e+00,5.484e+00,5.155e+00,7.662e+00,6.027e+00,5.804e+00,6.738e+00,5.969e+00,6.751e+00,6.669e+00,6.844e+00,5.820e+00,6.800e+00,8.089e+00,6.260e+00,7.907e+00,7.673e+00,7.363e+00,6.419e+00
4.396e-01,5.267e-01,8.477e-01,1.310e+00,1.214e+00,1.694e+00,1.720e+00,2.450e+00,1.744e+00,2.416e+00,2.593e+00,2.553e+00,2.377e+00,3.797e+00,3.954e+00,4.151e+00,3.363e+00,6.608e+00,6.111e+00,5.505e+00,4.497e+00,5.486e+00,5.960e+00,4.399e+00,7.118e+00,7.698e+00,7.791e+00,6.483e+00,8.599e+00,9.555e+00,6.461e+00,1.023e+01,8.586e+00,9.292e+00,7.834e+00,9.361e+00,9.433e+00,7.480e+00,8.345e+00,8.799e+00,8.344e+00,8.717e+00,7.908e+00,9.604e+00,7.791e+00,7.603e+00,8.457e+00,8.884e+00,8.906e+00,7.961e+00,8.413e+00,6.104e+00,8.159e+00,9.490e+00,7.243e+00,9.434e+00,1.108e+01,9.187e+00,6.973e+00
3.158e-01,7.674e-01,9.377e-01,1.472e+00,1.284e+00,1.690e+00,1.786e+00,2.827e+00,1.935e+00,1.983e+00,3.111e+00,2.337e+00,3.064e+00,3.441e+00,3.000e+00,3.869e+00,3.199e+00,5.368e+00,4.476e+00,3.857e+00,3.364e+00,4.563e+00,4.642e+00,3.886e+00,5.923e+00,6.030e+00,7.288e+00,5.881e+00,7.881e+00,8.868e+00,6.163e+00,7.930e+00,8.301e+00,7.626e+00,8.129e+00,8.257e+00,8.296e+00,6.307e+00,8.085e+00,9.339e+00,7.234e+00,7.368e+00,6.474e+00,8.083e+00,8.453e+00,6.451e+00,8.496e+00,7.874e+00,8.316e+00,7.427e+00,7.113e+00,6.784e+00,7.713e+00,9.174e+00,6.540e+00,8.602e+00,9.079e+00,8.623e+00,6.692e+00
1.550e-01,6.564e-01,5.306e-01,7.481e-01,1.217e+00,2.130e+00,2.285e+00,2.087e+00,2.517e+00,2.037e+00,2.665e+00,3.017e+00,2.738e+00,4.511e+00,3.941e+00,4.188e+00,4.025e+00,6.726e+00,6.281e+00,4.480e+00,4.864e+00,4.842e+00,5.342e+00,5.781e+00,6.475e+00,7.335e+00,7.295e+00,6.638e+00,8.213e+00,9.071e+00,7.008e+00,9.618e+00,8.589e+00,8.459e+00,9.229e+00,9.662e+00,9.478e+00,8.278e+00,9.150e+00,9.040e+00,8.023e+00,8.372e+00,6.243e+00,1.010e+01,7.769e+00,8.766e+00,1.030e+01,8.574e+00,9.811e+00,7.328e+00,7.745e+00,7.443e+00,1.005e+01,1.136e+01,7.938e+00,1.081e+01,1.057e+01,9.159e+00,7.497e+00
4.377e-01,6.800e-01,1.011e+00,1.656e+00,1.467e+00,1.842e+00,1.634e+00,2.580e+00,1.746e+00,2.165e+00,2.802e+00,2.165e+00,2.898e+00,3.668e+00,3.236e+00,4.164e+00,2.858e+00,4.829e+00,3.998e+00,3.739e+00,3.561e+00,4.039e+00,4.804e+00,3.645e+00,5.040e+00,4.542e+00,6.440e+00,5.365e+00,6.767e+00,7.340e+00,4.913e+00,7.674e+00,7.576e+00,7.366e+00,8.264e+00,8.113e+00,8.640e+00,8.517e+00,7.614e+00,8.966e+00,6.996e+00,8.219e+00,7.468e+00,9.098e+00,8.072e+00,6.995e+00,7.856e+00,7.550e+00,9.629e+00,7.358e+00,8.427e+00,7.692e+00,8.365e+00,9.725e+00,7.874e+00,9.774e+00,1.030e+01,7.961e+00,7.106e+00
3.530e-01,1.103e+00,1.114e+00,1.549e+00,1.350e+00,1.861e+00,2.388e+00,3.208e+00,2.712e+00,2.203e+00,3.597e+00,3.260e+00,3.740e+00,4.351e+00,3.613e+00,4.978e+00,3.748e+00,6.631e+00,5.962e+00,5.258e+00,4.844e+00,4.224e+00,5.222e+00,5.558e+00,7.052e+00,7.352e+00,7.732e+00,7.314e+00,8.939e+00,9.338e+00,6.494e+00,9.016e+00,8.441e+00,8.866e+00,1.012e+01,9.826e+00,9.610e+00,9.129e+00,8.885e+00,9.228e+00,8.777e+00,8.549e+00,8.027e+00,1.090e+01,8.393e+00,9.004e+00,9.834e+00,9.325e+00,9.657e+00,8.486e+00,9.889e+00,8.646e+00,1.043e+01,1.147e+01,8.833e+00,9.901e+00,1.088e+01,9.529e+00,9.098e+00
2.742e-01,6.909e-01,6.664e-01,9.204e-01,1.208e+00,1.186e+00,1.319e+00,2.078e+00,1.703e+00,2.110e+00,2.409e+00,2.393e+00,2.233e+00,3.504e+00,3.389e+00,4.019e+00,3.529e+00,6.184e+00,5.687e+00,4.416e+00,4.112e+00,5.642e+00,5.316e+00,6.320e+00,6.596e+00,7.788e+00,8.328e+00,7.158e+00,8.911e+00,9.846e+00,7.637e+00,9.235e+00,9.317e+00,9.362e+00,9.707e+00,1.039e+01,1.035e+01,8.993e+00,9.643e+00,1.137e+01,9.919e+00,8.524e+00,8.032e+00,1.015e+01,9.670e+00,8.330e+00,1.159e+01,9.840e+00,9.581e+00,8.068e+00,9.940e+00,8.491e+00,1.040e+01,1.161e+01,8.807e+00,1.179e+01,1.078e+01,1.090e+01,9.194e+00
1.702e-03,7.474e-02,8.513e-02,2.871e-01,7.487e-01,1.936e+00,1.693e+00,1.902e+00,1.881e+00,2.388e+00,2.330e+00,2.960e+00,2.404e+00,3.997e+00,4.101e+00,3.674e+00,3.117e+00,5.314e+00,4.590e+00,4.560e+00,3.779e+00,3.597e+00,3.966e+00,3.304e+00,5.480e+00,5.690e+00,5.526e+00,5.731e+00,7.282e+00,8.432e+00,5.335e+00,8.828e+00,7.652e+00,8.162e+00,8.439e+00,8.335e+00,8.816e+00,8.816e+00,8.907e+00,9.205e+00,7.681e+00,7.840e+00,6.556e+00,9.278e+00,8.342e+00,7.800e+00,8.199e+00,8.824e+00,9.952e+00,7.793e+00,7.978e+00,8.046e+00,9.085e+00,1.053e+01,8.166e+00,1.042e+01,9.845e+00,7.883e+00,8.939e+00
2.188e-01,2.752e-01,5.711e-01,1.013e+00,6.341e-01,1.796e+00,1.968e+00,2.330e+00,2.316e+00,2.413e+00,2.781e+00,3.136e+00,3.065e+00,3.881e+00,3.875e+00,3.949e+00,4.188e+00,6.789e+00,5.659e+00,4.906e+00,3.705e+00,4.489e+00,4.764e+00,5.049e+00,5.952e+00,6.104e+00,7.286e+00,6.249e+00,9.715e+00,1.024e+01,6.741e+00,8.860e+00,8.640e+00,7.553e+00,9.487e+00,9.910e+00,1.064e+01,9.303e+00,9.616e+00,1.116e+01,9.441e+00,8.888e+00,7.616e+00,1.162e+01,9.220e+00,9.688e+00,1.118e+01,9.726e+00,9.782e+00,9.343e+00,1.058e+01,8.576e+00,9.949e+00,1.112e+01,9.574e+00,1.137e+01,1.111e+01,9.087e+00,8.446e+00
2.696e-01,7.648e-01,7.504e-01,1.125e+00,1.538e+00,1.860e+00,1.946e+00,3.171e+00,2.313e+00,2.930e+00,3.576e+00,3.227e+00,2.525e+00,3.841e+00,3.420e+00,4.307e+00,2.811e+00,6.076e+00,5.497e+00,4.666e+00,4.059e+00,4.582e+00,5.196e+00,4.879e+00,6.901e+00,7.308e+00,7.444e+00,6.896e+00,8.093e+00,9.078e+00,5.666e+00,8.629e+00,8.484e+00,9.606e+00,8.302e+00,9.587e+00,9.615e+00,7.891e+00,7.805e+00,1.018e+01,9.000e+00,7.685e+00,8.113e+00,1.025e+01,8.635e+00,8.565e+00,1.068e+01,9.326e+00,8.952e+00,8.614e+00,1.011e+01,8.061e+00,9.052e+00,1.099e+01,8.029e+00,1.082e+01,1.038e+01,9.466e+00,9.361e+00
3.812e-01,7.373e-01,1.024e+00,1.680e+00,1.536e+00,2.768e+00,2.798e+00,3.271e+00,3.013e+00,3.101e+00,3.880e+00,3.815e+00,3.825e+00,5.106e+00,4.909e+00,5.182e+00,3.922e+00,6.865e+00,5.528e+00,5.233e+00,4.317e+00,5.179e+00,6.048e+00,4.894e+00,6.511e+00,6.679e+00,8.644e+00,6.654e+00,9.141e+00,9.548e+00,7.112e+00,9.296e+00,9.128e+00,9.172e+00,1.091e+01,9.630e+00,1.067e+01,9.976e+00,9.842e+00,1.216e+01,1.099e+01,1.071e+01,1.047e+01,1.163e+01,1.169e+01,9.826e+00,1.215e+01,1.155e+01,1.192e+01,1.054e+01,1.226e+01,1.018e+01,1.150e+01,1.220e+01,9.864e+00,1.372e+01,1.244e+01,1.068e+01,1.106e+01
1.539e-01,5.790e-01,5.282e-01,8.296e-01,1.309e+00,2.070e+00,1.824e+00,2.076e+00,1.757e+00,1.816e+00,2.394e+00,2.002e+00,1.507e+00,3.106e+00,2.484e+00,3.361e+00,3.082e+00,5.210e+00,4.399e+00,4.382e+00,3.970e+00,4.347e+00,4.550e+00,4.384e+00,6.620e+00,6.824e+00,6.865e+00,7.148e+00,8.366e+00,9.679e+00,6.091e+00,9.368e+00,8.763e+00,9.036e+00,7.466e+00,9.644e+00,1.010e+01,8.580e+00,8.856e+00,1.060e+01,9.114e+00,8.592e+00,9.425e+00,1.076e+01,9.916e+00,8.637e+00,1.108e+01,1.064e+01,1.028e+01,9.343e+00,1.212e+01,9.132e+00,9.251e+00,1.102e+01,9.028e+00,1.098e+01,1.092e+01,9.960e+00,1.069e+01
4.639e-01,8.813e-01,1.124e+00,1.725e+00,1.654e+00,1.935e+00,1.749e+00,2.373e+00,1.974e+00,2.620e+00,2.834e+00,2.509e+00,2.527e+00,3.962e+00,4.206e+00,4.937e+00,4.272e+00,7.664e+00,6.663e+00,5.327e+00,4.409e+00,6.018e+00,6.068e+00,5.777e+00,7.076e+00,7.002e+00,7.642e+00,6.746e+00,8.157e+00,9.338e+00,7.314e+00,8.937e+00,8.604e+00,8.627e+00,9.036e+00,9.181e+00,9.144e+00,9.050e+00,1.004e+01,1.075e+01,9.410e+00,8.577e+00,9.126e+00,1.083e+01,1.039e+01,9.492e+00,1.087e+01,1.074e+01,1.086e+01,9.604e+00,1.114e+01,9.325e+00,1.057e+01,1.204e+01,9.382e+00,1.046e+01,1.258e+01,1.072e+01,9.885e+00
4.100e-01,6.749e-01,8.516e-01,1.315e+00,1.625e+00,1.922e+00,2.114e+00,3.448e+00,2.049e+00,2.825e+00,3.582e+00,2.924e+00,2.931e+00,4.059e+00,3.549e+00,4.528e+00,3.233e+00,6.395e+00,5.961e+00,4.797e+00,4.269e+00,5.710e+00,5.420e+00,4.427e+00,7.830e+00,7.779e+00,8.020e+00,7.334e+00,8.909e+00,1.084e+01,7.115e+00,1.064e+01,1.000e+01,9.992e+00,9.467e+00,1.052e+01,1.086e+01,9.398e+00,9.920e+00,1.105e+01,9.348e+00,1.008e+01,9.478e+00,1.079e+01,1.128e+01,9.705e+00,1.045e+01,1.103e+01,1.104e+01,9.912e+00,1.120e+01,8.810e+00,1.104e+01,1.298e+01,9.080e+00,1.162e+01,1.254e+01,1.124e+01,1.014e+01
3.627e-01,9.921e-01,1.212e+00,1.949e+00,1.633e+00,2.090e+00,1.878e+00,2.971e+00,2.339e+00,2.797e+00,3.610e+00,3.064e+00,3.158e+00,4.557e+00,4.090e+00,5.573e+00,4.412e+00,7.520e+00,6.526e+00,5.493e+00,4.665e+00,5.159e+00,5.271e+00,4.255e+00,6.815e+00,7.180e+00,7.495e+00,6.766e+00,8.988e+00,9.958e+00,7.303e+00,9.803e+00,8.661e+00,9.834e+00,9.274e+00,1.059e+01,1.038e+01,9.101e+00,9.815e+00,1.039e+01,9.505e+00,9.326e+00,9.553e+00,1.143e+01,1.085e+01,9.527e+00,1.248e+01,1.152e+01,1.230e+01,1.076e+01,1.151e+01,1.075e+01,1.152e+01,1.257e+01,1.015e+01,1.159e+01,1.241e+01,1.014e+01,1.144e+01
1.089e-01,1.867e-01,5.645e-01,1.274e+00,9.072e-01,2.581e+00,2.299e+00,2.513e+00,2.333e+00,2.876e+00,3.245e+00,3.255e+00,4.134e+00,4.405e+00,4.555e+00,4.881e+00,3.872e+00,6.554e+00,5.928e+00,6.063e+00,4.163e+00,5.488e+00,5.463e+00,5.111e+00,7.515e+00,7.394e+00,7.236e+00,7.810e+00,9.786e+00,1.043e+01,6.988e+00,1.003e+01,9.129e+00,8.744e+00,1.107e+01,9.860e+00,1.149e+01,1.135e+01,1.163e+01,1.202e+01,1.086e+01,1.008e+01,1.019e+01,1.221e+01,1.111e+01,1.222e+01,1.308e+01,1.195e+01,1.234e+01,1.186e+01,1.232e+01,1.074e+01,1.322e+01,1.320e+01,1.049e+01,1.326e+01,1.352e+01,1.133e+01,1.077e+01
2.921e-01,9.828e-01,9.302e-01,1.316e+00,1.436e+00,1.716e+00,1.798e+00,2.844e+00,2.399e+00,2.739e+00,3.306e+00,3.107e+00,2.555e+00,3.992e+00,3.573e+00,4.271e+00,3.501e+00,7.128e+00,6.269e+00,4.981e+00,4.381e+00,5.439e+00,5.881e+00,5.606e+00,7.183e+00,7.843e+00,8.180e+00,7.483e+00,8.871e+00,9.723e+00,7.081e+00,9.642e+00,9.511e+00,9.160e+00,8.797e+00,1.050e+01,1.008e+01,8.655e+00,9.405e+00,1.099e+01,9.030e+00,8.961e+00,1.019e+01,1.106e+01,1.036e+01,1.136e+01,1.339e+01,1.210e+01,1.168e+01,1.229e+01,1.185e+01,1.193e+01,1.167e+01,1.374e+01,1.162e+01,1.351e+01,1.474e+01,1.279e+01,1.103e+01
2.086e-01,2.903e-01,5.444e-01,9.395e-01,6.807e-01,1.901e+00,1.862e+00,1.528e+00,1.832e+00,1.500e+00,1.893e+00,2.136e+00,2.230e+00,3.379e+00,3.279e+00,3.357e+00,4.069e+00,6.086e+00,5.301e+00,4.092e+00,3.608e+00,4.144e+00,4.681e+00,4.263e+00,5.695e+00,5.209e+00,5.806e+00,5.012e+00,7.201e+00,8.435e+00,5.798e+00,8.282e+00,6.866e+00,7.308e+00,8.075e+00,7.512e+00,8.551e+00,8.855e+00,8.875e+00,9.550e+00,8.577e+00,8.835e+00,7.908e+00,9.355e+00,1.004e+01,8.796e+00,1.099e+01,1.165e+01,1.172e+01,9.973e+00,1.123e+01,9.953e+00,1.167e+01,1.126e+01,8.955e+00,1.192e+01,1.117e+01,9.752e+00,1.059e+01
4.250e-01,1.105e+00,1.308e+00,1.963e+00,1.406e+00,1.637e+00,1.592e+00,2.712e+00,2.312e+00,2.193e+00,3.194e+00,2.674e+00,2.585e+00,3.843e+00,3.196e+00,4.288e+00,3.686e+00,6.578e+00,5.513e+00,4.399e+00,3.953e+00,3.790e+00,5.063e+00,4.178e+00,5.270e+00,5.702e+00,7.292e+00,5.845e+00,9.154e+00,9.001e+00,7.017e+00,8.960e+00,8.793e+00,8.905e+00,9.097e+00,9.578e+00,8.693e+00,8.594e+00,7.422e+00,9.759e+00,7.920e+00,9.334e+00,8.791e+00,1.003e+01,1.044e+01,8.740e+00,1.227e+01,1.130e+01,1.305e+01,1.152e+01,1.292e+01,1.216e+01,1.188e+01,1.227e+01,1.104e+01,1.237e+01,1.388e+01,1.141e+01,1.082e+01
2.636e-01,5.171e-01,8.523e-01,1.476e+00,9.179e-01,2.012e+00,2.188e+00,3.001e+00,2.319e+00,2.215e+00,3.380e+00,2.957e+00,3.736e+00,4.038e+00,3.451e+00,4.245e+00,3.607e+00,5.899e+00,5.159e+00,4.510e+00,3.521e+00,4.458e+00,4.574e+00,3.702e+00,5.915e+00,5.641e+00,7.153e+00,5.470e+00,8.234e+00,8.919e+00,6.370e+00,8.983e+00,8.068e+00,7.568e+00,8.958e+00,8.838e+00,9.537e+00,8.376e+00,8.876e+00,1.095e+01,9.870e+00,1.073e+01,9.378e+00,1.139e+01,1.144e+01,1.192e+01,1.208e+01,1.302e+01,1.350e+01,1.259e+01,1.345e+01,1.172e+01,1.356e+01,1.303e+01,1.197e+01,1.405e+01,1.428e+01,1.190e+01,1.174e+01
4.686e-01,7.122e-01,8.775e-01,1.251e+00,1.482e+00,2.124e+00,2.146e+00,2.271e+00,2.097e+00,2.356e+00,2.436e+00,2.446e+00,2.610e+00,4.065e+00,4.186e+00,4.157e+00,4.014e+00,6.989e+00,5.654e+00,4.902e+00,3.973e+00,5.404e+00,5.106e+00,5.199e+00,5.984e+00,6.359e+00,6.725e+00,6.435e+00,8.747e+00,8.939e+00,7.134e+00,9.450e+00,8.177e+00,8.216e+00,8.910e+00,9.543e+00,9.707e+00,8.934e+00,9.096e+00,1.020e+01,9.685e+00,8.525e+00,7.406e+00,1.030e+01,9.321e+00,9.938e+00,1.202e+01,9.977e+00,1.191e+01,1.161e+01,1.329e+01,1.060e+01,1.290e+01,1.314e+01,1.118e+01,1.247e+01,1.362e+01,1.280e+01,1.131e+01
1.386e-01,7.452e-01,8.854e-01,1.559e+00,1.309e+00,2.411e+00,2.053e+00,2.650e+00,2.295e+00,1.993e+00,3.318e+00,2.681e+00,3.368e+00,4.155e+00,3.679e+00,4.322e+00,3.274e+00,5.787e+00,5.400e+00,5.245e+00,4.091e+00,4.405e+00,5.006e+00,5.171e+00,6.586e+00,6.636e+00,7.577e+00,6.635e+00,8.889e+00,8.551e+00,6.323e+00,9.184e+00,7.444e+00,7.806e+00,8.839e+00,8.595e+00,8.795e+00,7.956e+00,8.829e+00,1.063e+01,9.335e+00,8.050e+00,8.397e+00,1.028e+01,9.102e+00,1.073e+01,1.184e+01,1.138e+01,1.164e+01,1.100e+01,1.191e+01,1.044e+01,1.372e+01,1.334e+01,1.119e+01,1.320e+01,1.473e+01,1.168e+01,1.143e+01
1.685e-01,7.189e-01,5.959e-01,8.035e-01,1.150e+00,2.085e+00,2.232e+00,1.837e+00,2.550e+00,2.429e+00,2.536e+00,3.305e+00,2.530e+00,4.618e+00,4.462e+00,4.428e+00,3.682e+00,6.539e+00,5.787e+00,4.515e+00,4.825e+00,4.999e+00,6.293e+00,5.461e+00,6.932e+00,6.970e+00,7.680e+00,7.508e+00,8.102e+00,9.844e+00,6.927e+00,9.389e+00,9.602e+00,8.926e+00,8.902e+00,1.042e+01,1.029e+01,8.547e+00,1.017e+01,1.080e+01,1.013e+01,9.445e+00,1.012e+01,1.163e+01,1.139e+01,1.170e+01,1.308e+01,1.302e+01,1.353e+01,1.375e+01,1.379e+01,1.193e+01,1.497e+01,1.423e+01,1.209e+01,1.496e+01,1.678e+01,1.272e+01,1.415e+01
4.788e-01,1.126e+00,1.309e+00,1.932e+00,1.749e+00,2.618e+00,2.648e+00,3.263e+00,3.108e+00,2.980e+00,3.832e+00,3.711e+00,3.301e+00,5.296e+00,4.967e+00,5.063e+00,3.952e+00,7.591e+00,6.080e+00,5.154e+00,4.627e+00,5.579e+00,6.609e+00,4.443e+00,6.763e+00,7.416e+00,8.645e+00,7.474e+00,9.793e+00,1.087e+01,7.745e+00,1.038e+01,1.051e+01,9.425e+00,1.000e+01,1.118e+01,1.167e+01,9.543e+00,9.990e+00,1.187e+01,1.018e+01,1.018e+01,1.042e+01,1.264e+01,1.207e+01,1.166e+01,1.404e+01,1.298e+01,1.492e+01,1.559e+01,1.522e+01,1.476e+01,1.499e+01,1.641e+01,1.371e+01,1.611e+01,1.753e+01,1.496e+01,1.430e+01
4.088e-01,8.797e-01,8.258e-01,9.436e-01,1.150e+00,1.096e+00,1.899e+00,2.444e+00,1.920e+00,1.988e+00,2.522e+00,2.635e+00,2.960e+00,3.393e+00,3.607e+00,4.063e+00,2.426e+00,5.119e+00,4.639e+00,3.905e+00,3.810e+00,4.405e+00,4.847e+00,4.483e+00,6.898e+00,7.140e+00,6.826e+00,6.181e+00,7.453e+00,8.291e+00,5.715e+00,8.590e+00,8.321e+00,7.977e+00,7.956e+00,8.764e+00,9.714e+00,8.142e+00,8.531e+00,9.039e+00,8.357e+00,8.644e+00,8.383e+00,1.063e+01,9.326e+00,1.049e+01,1.096e+01,1.001e+01,1.095e+01,9.688e+00,1.190e+01,1.079e+01,1.134e+01,1.242e+01,1.049e+01,1.265e+01,1.319e+01,1.114e+01,1.199e+01
4.862e-01,5.727e-01,9.066e-01,1.445e+00,1.565e+00,2.404e+00,2.598e+00,3.450e+00,2.439e+00,2.783e+00,3.574e+00,3.264e+00,3.724e+00,4.682e+00,4.574e+00,5.113e+00,4.087e+00,6.963e+00,5.941e+00,5.487e+00,4.527e+00,5.339e+00,5.247e+00,5.576e+00,7.640e+00,8.067e+00,9.277e+00,7.971e+00,1.039e+01,1.089e+01,7.462e+00,9.502e+00,8.340e+00,9.010e+00,9.898e+00,1.002e+01,9.799e+00,9.847e+00,9.896e+00,1.146e+01,9.689e+00,9.005e+00,9.803e+00,1.210e+01,1.099e+01,1.041e+01,1.250e+01,1.176e+01,1.257e+01,1.189e+01,1.504e+01,1.325e+01,1.401e+01,1.581e+01,1.241e+01,1.583e+01,1.516e+01,1.417e+01,1.420e+01
2.230e-01,5.618e-01,8.329e-01,1.519e+00,1.261e+00,1.926e+00,1.678e+00,2.624e+00,2.114e+00,2.262e+00,3.270e+00,2.818e+00,2.818e+00,3.755e+00,3.116e+00,4.494e+00,3.088e+00,5.182e+00,4.879e+00,4.326e+00,3.763e+00,3.500e+00,4.005e+00,4.670e+00,5.171e+00,6.188e+00,6.314e+00,5.867e+00,7.478e+00,8.947e+00,5.926e+00,7.758e+00,7.789e+00,8.158e+00,7.110e+00,8.395e+00,7.900e+00,7.034e+00,7.828e+00,9.494e+00,8.992e+00,7.538e+00,7.395e+00,9.328e+00,8.716e+00,8.713e+00,1.053e+01,9.585e+00,1.025e+01,1.091e+01,1.138e+01,9.895e+00,1.218e+01,1.122e+01,1.041e+01,1.213e+01,1.276e+01,1.214e+01,1.182e+01
4.309e-01,1.138e+00,1.053e+00,1.331e+00,1.544e+00,1.134e+00,1.392e+00,2.599e+00,1.971e+00,2.393e+00,2.839e+00,2.651e+00,2.256e+00,3.535e+00,3.471e+00,4.238e+00,2.981e+00,6.125e+00,5.250e+00,4.680e+00,4.369e+00,4.816e+00,5.793e+00,6.028e+00,6.918e+00,7.941e+00,8.654e+00,8.009e+00,9.872e+00,1.013e+01,7.103e+00,1.031e+01,1.082e+01,1.013e+01,9.861e+00,1.111e+01,1.110e+01,1.088e+01,1.013e+01,1.296e+01,1.037e+01,9.343e+00,1.169e+01,1.152e+01,1.248e+01,1.206e+01,1.466e+01,1.402e+01,1.384e+01,1.361e+01,1.518e+01,1.389e+01,1.415e+01,1.692e+01,1.322e+01,1.562e+01,1.654e+01,1.641e+01,1.601e+01
3.402e-01,1.087e+00,1.094e+00,1.523e+00,1.299e+00,1.294e+00,1.545e+00,2.289e+00,2.150e+00,2.085e+00,2.841e+00,2.744e+00,2.690e+00,3.822e+00,3.495e+00,4.782e+00,3.542e+00,6.278e+00,5.653e+00,4.483e+00,4.506e+00,3.949e+00,4.937e+00,4.590e+00,5.953e+00,5.947e+00,6.471e+00,5.888e+00,7.571e+00,9.079e+00,6.814e+00,9.548e+00,9.666e+00,8.175e+00,8.372e+00,9.808e+00,1.021e+01,9.505e+00,9.797e+00,1.094e+01,9.625e+00,1.024e+01,1.048e+01,1.112e+01,1.176e+01,1.133e+01,1.254e+01,1.272e+01,1.309e+01,1.211e+01,1.393e+01,1.254e+01,1.320e+01,1.474e+01,1.216e+01,1.408e+01,1.572e+01,1.349e+01,1.552e+01
