6.623e-01,6.869e-01,7.864e-01,8.882e-01,6.666e-01,8.044e-01,4.312e-01,1.914e-01,4.169e-01,5.008e-01,8.738e-01,5.440e-02,7.691e-01,3.337e-01,3.019e-01,6.987e-01,7.668e-01,9.025e-01,2.167e-01,5.774e-01,5.469e-01,9.991e-01,7.494e-01,5.250e-01,3.680e-01,6.974e-01,6.790e-01,4.122e-01,5.363e-02,9.762e-01,9.250e-01,5.943e-01,5.199e-03,2.807e-01,8.317e-01,3.508e-01,5.080e-01,1.077e-01,9.497e-01,6.282e-01,9.517e-01,3.039e-01,7.299e-01,8.292e-01,5.726e-01,4.833e-01,9.269e-01,6.870e-01,9.794e-01,5.952e-01,6.485e-01
8.210e-02,1.031e+00,9.824e-01,4.196e-01,1.007e+00,2.986e-01,4.212e-01,1.339e-01,6.856e-01,9.494e-01,8.322e-01,6.731e-01,8.440e-01,1.035e+00,3.770e-01,8.955e-01,1.412e-01,7.929e-01,4.130e-02,3.587e-01,6.529e-01,1.379e-01,1.046e+00,1.009e+00,8.758e-01,3.225e-01,8.768e-01,7.284e-01,9.891e-01,8.987e-01,6.068e-01,8.554e-01,4.693e-02,8.887e-01,6.058e-01,4.009e-01,7.471e-01,8.843e-01,1.715e-01,6.177e-01,7.950e-01,6.343e-01,5.864e-01,5.382e-01,7.951e-02,6.522e-01,2.168e-01,6.888e-01,1.089e+00,4.446e-01,6.993e-01
3.066e-01,6.977e-01,1.470e+00,6.521e-01,1.084e+00,9.140e-01,7.491e-01,6.749e-01,1.198e+00,6.752e-01,1.684e+00,8.051e-01,9.714e-01,1.548e+00,7.816e-01,9.317e-01,1.230e+00,1.393e+00,7.527e-01,1.294e+00,5.617e-01,7.862e-01,9.645e-01,1.478e+00,8.531e-01,7.004e-01,1.488e+00,8.790e-01,1.059e+00,1.757e+00,8.036e-01,6.590e-01,6.035e-01,1.377e+00,9.286e-01,8.833e-01,6.672e-01,6.931e-01,1.020e+00,1.074e+00,1.566e+00,1.113e+00,1.479e+00,1.286e+00,7.622e-01,1.321e+00,1.099e+00,8.913e-01,1.639e+00,1.058e+00,1.519e+00
3.332e-01,5.977e-01,8.553e-01,7.223e-01,1.135e+00,1.508e+00,1.342e+00,9.388e-01,1.496e+00,1.228e+00,1.379e+00,5.059e-01,6.828e-01,1.217e+00,5.460e-01,1.082e+00,1.279e+00,1.136e+00,6.709e-01,7.221e-01,1.313e+00,7.212e-01,1.297e+00,9.622e-01,1.342e+00,1.239e+00,1.208e+00,9.771e-01,1.454e+00,1.464e+00,9.114e-01,1.322e+00,5.397e-01,1.112e+00,1.029e+00,9.119e-01,1.440e+00,6.577e-01,6.814e-01,1.107e+00,1.110e+00,6.421e-01,1.313e+00,1.583e+00,6.459e-01,1.308e+00,1.537e+00,1.174e+00,1.422e+00,6.173e-01,1.282e+00
5.254e-01,1.210e+00,1.662e+00,1.075e+00,1.785e+00,2.054e+00,1.949e+00,1.322e+00,2.551e+00,2.374e+00,2.396e+00,1.854e+00,1.945e+00,2.334e+00,1.696e+00,2.139e+00,2.321e+00,2.061e+00,1.413e+00,1.253e+00,1.582e+00,1.911e+00,1.968e+00,1.792e+00,1.759e+00,1.998e+00,2.552e+00,1.590e+00,1.862e+00,2.473e+00,2.239e+00,2.101e+00,1.105e+00,1.653e+00,2.357e+00,1.601e+00,2.212e+00,1.944e+00,1.250e+00,2.050e+00,2.112e+00,1.355e+00,2.081e+00,2.035e+00,9.404e-01,2.605e+00,2.502e+00,2.330e+00,2.932e+00,1.115e+00,2.090e+00
1.410e-01,7.589e-01,1.088e+00,4.585e-01,1.019e+00,1.343e+00,1.428e+00,7.147e-01,1.655e+00,1.962e+00,2.166e+00,1.905e+00,1.162e+00,1.562e+00,1.508e+00,1.604e+00,1.502e+00,1.373e+00,1.073e+00,8.340e-01,9.252e-01,1.302e+00,1.573e+00,1.910e+00,9.547e-01,1.658e+00,1.629e+00,1.714e+00,1.845e+00,1.638e+00,1.242e+00,1.407e+00,1.057e+00,1.298e+00,1.668e+00,9.006e-01,1.873e+00,2.053e+00,7.644e-01,1.734e+00,1.233e+00,1.745e+00,1.318e+00,1.468e+00,6.194e-01,1.905e+00,1.919e+00,1.762e+00,1.793e+00,7.937e-01,1.908e+00
4.508e-01,9.224e-01,1.597e+00,9.664e-01,1.577e+00,2.145e+00,2.659e+00,2.187e+00,2.569e+00,2.384e+00,2.889e+00,1.861e+00,1.967e+00,2.982e+00,1.918e+00,2.707e+00,2.828e+00,2.322e+00,2.263e+00,1.681e+00,1.592e+00,1.626e+00,2.597e+00,3.012e+00,1.745e+00,2.953e+00,2.917e+00,2.573e+00,2.654e+00,2.612e+00,1.574e+00,2.268e+00,2.138e+00,2.473e+00,2.602e+00,2.166e+00,2.713e+00,2.173e+00,1.641e+00,2.677e+00,2.705e+00,2.764e+00,2.289e+00,2.390e+00,1.786e+00,2.940e+00,3.299e+00,3.022e+00,3.105e+00,1.830e+00,3.233e+00
4.105e-02,9.066e-01,1.367e+00,5.344e-01,1.609e+00,2.173e+00,2.960e+00,2.680e+00,3.936e+00,3.338e+00,3.343e+00,3.520e+00,2.915e+00,3.568e+00,2.737e+00,3.358e+00,3.099e+00,2.427e+00,3.199e+00,1.701e+00,2.363e+00,1.905e+00,3.214e+00,3.162e+00,2.660e+00,3.392e+00,3.790e+00,2.859e+00,3.299e+00,3.424e+00,1.975e+00,3.012e+00,2.613e+00,2.778e+00,3.456e+00,3.101e+00,3.793e+00,4.075e+00,1.773e+00,3.446e+00,3.259e+00,2.928e+00,2.982e+00,3.059e+00,2.097e+00,4.074e+00,4.152e+00,3.658e+00,3.466e+00,2.236e+00,3.742e+00
1.786e-01,4.789e-01,6.796e-01,3.796e-01,6.521e-01,1.029e+00,1.697e+00,1.471e+00,2.318e+00,2.098e+00,2.217e+00,1.687e+00,2.100e+00,2.135e+00,1.765e+00,2.747e+00,2.688e+00,2.171e+00,2.277e+00,1.481e+00,1.742e+00,1.442e+00,2.465e+00,2.442e+00,1.168e+00,3.008e+00,2.563e+00,2.560e+00,2.320e+00,1.592e+00,1.843e+00,2.210e+00,2.571e+00,2.194e+00,2.011e+00,1.922e+00,2.393e+00,2.820e+00,1.399e+00,2.090e+00,1.871e+00,2.144e+00,2.060e+00,1.891e+00,1.656e+00,2.147e+00,2.558e+00,2.655e+00,2.110e+00,1.820e+00,2.440e+00
5.861e-01,1.020e+00,1.513e+00,1.041e+00,1.380e+00,1.844e+00,1.955e+00,1.724e+00,2.987e+00,3.245e+00,4.173e+00,2.179e+00,3.344e+00,2.730e+00,2.693e+00,3.063e+00,3.774e+00,3.685e+00,3.049e+00,2.972e+00,3.223e+00,2.554e+00,3.213e+00,3.012e+00,2.268e+00,3.612e+00,4.013e+00,3.323e+00,3.162e+00,3.911e+00,2.961e+00,2.765e+00,2.298e+00,3.414e+00,2.995e+00,2.485e+00,3.077e+00,3.589e+00,3.027e+00,2.743e+00,3.199e+00,3.050e+00,3.906e+00,3.307e+00,2.829e+00,3.035e+00,3.703e+00,3.464e+00,3.337e+00,3.157e+00,3.406e+00
1.658e-01,6.311e-01,1.293e+00,5.157e-01,1.204e+00,1.397e+00,2.100e+00,2.275e+00,2.881e+00,2.549e+00,3.037e+00,3.080e+00,3.735e+00,3.399e+00,3.079e+00,2.709e+00,3.954e+00,3.549e+00,3.757e+00,2.394e+00,2.680e+00,2.188e+00,2.910e+00,3.258e+00,2.418e+00,3.150e+00,4.573e+00,3.136e+00,2.999e+00,3.783e+00,2.396e+00,3.147e+00,3.179e+00,3.852e+00,3.560e+00,2.746e+00,3.147e+00,3.950e+00,2.611e+00,2.528e+00,3.331e+00,3.176e+00,3.135e+00,2.682e+00,3.118e+00,3.448e+00,3.694e+00,3.517e+00,4.042e+00,2.794e+00,3.062e+00
1.874e-01,1.134e+00,1.151e+00,7.161e-01,1.666e+00,2.262e+00,2.602e+00,1.854e+00,3.825e+00,4.079e+00,3.713e+00,3.699e+00,3.646e+00,3.742e+00,2.956e+00,3.739e+00,4.348e+00,4.141e+00,3.403e+00,2.002e+00,4.371e+00,2.598e+00,4.373e+00,3.252e+00,3.573e+00,4.666e+00,4.639e+00,4.257e+00,4.524e+00,4.019e+00,4.052e+00,4.375e+00,3.371e+00,3.836e+00,3.518e+00,3.056e+00,4.452e+00,5.131e+00,2.727e+00,3.371e+00,3.604e+00,3.244e+00,4.099e+00,3.570e+00,2.245e+00,3.739e+00,4.147e+00,4.557e+00,3.922e+00,2.779e+00,3.951e+00
6.293e-01,8.260e-01,1.030e+00,1.037e+00,1.298e+00,2.033e+00,1.854e+00,1.416e+00,2.958e+00,3.160e+00,3.393e+00,2.356e+00,4.351e+00,2.504e+00,3.659e+00,3.352e+00,4.588e+00,5.041e+00,3.717e+00,2.452e+00,4.101e+00,3.746e+00,3.960e+00,2.988e+00,2.680e+00,4.216e+00,4.918e+00,4.175e+00,3.793e+00,4.741e+00,4.104e+00,4.283e+00,3.534e+00,3.742e+00,3.363e+00,3.121e+00,3.724e+00,4.843e+00,3.725e+00,2.788e+00,3.456e+00,3.077e+00,4.630e+00,3.860e+00,2.893e+00,3.794e+00,4.067e+00,4.262e+00,4.438e+00,3.051e+00,2.916e+00
1.265e-02,5.891e-01,1.284e+00,4.353e-01,1.408e+00,1.821e+00,2.247e+00,2.150e+00,3.575e+00,2.501e+00,2.936e+00,3.511e+00,3.864e+00,4.257e+00,3.554e+00,3.508e+00,4.641e+00,5.457e+00,4.877e+00,2.971e+00,4.379e+00,3.441e+00,4.867e+00,3.890e+00,3.499e+00,4.221e+00,5.523e+00,4.480e+00,4.963e+00,5.183e+00,4.097e+00,4.819e+00,4.884e+00,4.297e+00,3.339e+00,4.020e+00,4.782e+00,5.659e+00,3.172e+00,4.164e+00,4.816e+00,3.896e+00,5.153e+00,3.745e+00,3.024e+00,4.912e+00,4.068e+00,4.552e+00,5.189e+00,3.463e+00,4.183e+00
3.994e-01,1.168e+00,1.460e+00,9.399e-01,1.653e+00,2.010e+00,2.386e+00,1.897e+00,2.940e+00,3.108e+00,3.342e+00,2.888e+00,3.934e+00,3.632e+00,3.615e+00,4.202e+00,4.597e+00,5.891e+00,4.597e+00,3.822e+00,5.146e+00,4.434e+00,5.394e+00,4.926e+00,3.587e+00,4.400e+00,5.467e+00,4.602e+00,5.262e+00,5.588e+00,4.664e+00,4.681e+00,4.939e+00,4.069e+00,3.898e+00,4.099e+00,5.299e+00,5.461e+00,3.771e+00,4.545e+00,4.644e+00,5.107e+00,5.491e+00,4.336e+00,3.603e+00,5.300e+00,4.127e+00,4.983e+00,5.494e+00,4.134e+00,4.967e+00
4.472e-01,6.023e-01,7.868e-01,7.863e-01,1.098e+00,1.893e+00,2.390e+00,2.285e+00,3.552e+00,2.723e+00,2.700e+00,2.317e+00,3.449e+00,2.967e+00,2.714e+00,5.095e+00,5.058e+00,5.051e+00,4.713e+00,3.245e+00,4.384e+00,4.138e+00,5.206e+00,4.342e+00,3.008e+00,4.578e+00,4.744e+00,3.448e+00,4.463e+00,4.710e+00,4.212e+00,4.027e+00,5.055e+00,3.207e+00,4.448e+00,4.474e+00,5.254e+00,5.256e+00,3.615e+00,4.603e+00,3.691e+00,3.601e+00,5.335e+00,4.222e+00,4.172e+00,5.016e+00,4.442e+00,5.239e+00,4.490e+00,3.564e+00,4.910e+00
5.002e-01,1.028e+00,1.559e+00,1.063e+00,1.809e+00,2.904e+00,3.199e+00,2.649e+00,4.782e+00,4.209e+00,4.604e+00,3.916e+00,4.880e+00,4.526e+00,4.417e+00,5.653e+00,6.908e+00,7.005e+00,5.775e+00,4.152e+00,6.619e+00,5.365e+00,6.510e+00,6.092e+00,4.440e+00,6.797e+00,7.372e+00,6.277e+00,6.406e+00,7.159e+00,6.182e+00,5.719e+00,7.061e+00,5.594e+00,5.676e+00,5.974e+00,6.526e+00,7.028e+00,4.874e+00,6.355e+00,5.633e+00,6.290e+00,7.936e+00,6.691e+00,4.326e+00,6.744e+00,6.486e+00,6.825e+00,6.096e+00,5.268e+00,6.871e+00
3.039e-01,8.331e-01,1.162e+00,6.453e-01,1.061e+00,9.153e-01,9.943e-01,9.722e-01,1.831e+00,1.964e+00,2.588e+00,1.998e+00,3.617e+00,2.501e+00,3.107e+00,3.565e+00,4.645e+00,7.002e+00,5.484e+00,3.939e+00,5.563e+00,4.626e+00,5.174e+00,5.686e+00,3.212e+00,4.202e+00,6.440e+00,4.510e+00,5.338e+00,6.271e+00,4.734e+00,4.511e+00,5.771e+00,4.880e+00,5.246e+00,4.795e+00,5.169e+00,6.170e+00,4.474e+00,4.686e+00,4.203e+00,5.377e+00,7.067e+00,4.461e+00,4.439e+00,5.253e+00,3.694e+00,5.671e+00,5.882e+00,4.582e+00,4.776e+00
4.026e-01,1.169e+00,1.322e+00,9.121e-01,1.589e+00,1.763e+00,1.824e+00,1.496e+00,3.252e+00,3.186e+00,3.331e+00,2.832e+00,3.985e+00,3.356e+00,2.857e+00,4.457e+00,5.269e+00,6.426e+00,5.605e+00,3.884e+00,6.380e+00,5.093e+00,6.337e+00,5.918e+00,4.193e+00,5.533e+00,6.693e+00,4.749e+00,5.772e+00,6.220e+00,5.576e+00,5.192e+00,5.699e+00,5.167e+00,5.841e+00,5.820e+00,5.570e+00,6.482e+00,4.606e+00,5.127e+00,4.779e+00,5.582e+00,6.990e+00,5.064e+00,4.502e+00,5.537e+00,4.560e+00,6.910e+00,5.840e+00,4.532e+00,5.941e+00
5.480e-01,7.905e-01,1.543e+00,1.009e+00,1.435e+00,1.887e+00,1.918e+00,1.768e+00,2.706e+00,2.032e+00,2.932e+00,2.050e+00,3.228e+00,3.487e+00,2.552e+00,3.505e+00,4.651e+00,5.456e+00,4.795e+00,3.799e+00,4.857e+00,4.988e+00,5.859e+00,5.710e+00,3.629e+00,4.948e+00,6.556e+00,4.346e+00,4.779e+00,5.436e+00,4.594e+00,4.953e+00,5.937e+00,5.078e+00,4.439e+00,6.033e+00,4.923e+00,5.349e+00,4.909e+00,5.200e+00,4.936e+00,5.522e+00,6.257e+00,4.481e+00,4.440e+00,5.096e+00,4.307e+00,6.468e+00,5.419e+00,4.535e+00,5.896e+00
1.510e-01,7.293e-01,9.557e-01,5.117e-01,1.108e+00,1.421e+00,1.832e+00,1.461e+00,2.515e+00,2.977e+00,3.120e+00,2.070e+00,3.084e+00,3.112e+00,3.082e+00,3.755e+00,4.284e+00,5.886e+00,5.250e+00,4.401e+00,6.141e+00,5.617e+00,6.536e+00,6.673e+00,4.488e+00,5.697e+00,6.699e+00,5.576e+00,6.588e+00,5.985e+00,5.396e+00,5.250e+00,6.024e+00,5.575e+00,4.755e+00,6.161e+00,6.378e+00,7.017e+00,4.646e+00,5.955e+00,5.183e+00,6.846e+00,7.413e+00,4.431e+00,5.260e+00,6.003e+00,4.319e+00,6.860e+00,5.613e+00,5.637e+00,6.505e+00
6.219e-01,1.493e+00,2.104e+00,1.314e+00,2.192e+00,2.692e+00,2.945e+00,2.538e+00,4.695e+00,4.506e+00,5.233e+00,4.417e+00,5.593e+00,5.226e+00,4.358e+00,5.888e+00,7.651e+00,8.911e+00,7.416e+00,5.569e+00,8.532e+00,6.792e+00,8.654e+00,9.172e+00,6.894e+00,8.367e+00,9.974e+00,8.016e+00,8.592e+00,9.608e+00,8.429e+00,7.737e+00,7.656e+00,8.569e+00,8.243e+00,7.375e+00,8.287e+00,9.602e+00,7.221e+00,7.700e+00,8.409e+00,7.832e+00,1.033e+01,7.456e+00,6.898e+00,8.318e+00,7.587e+00,9.314e+00,9.009e+00,7.956e+00,9.035e+00
3.619e-01,6.008e-01,1.376e+00,7.214e-01,1.208e+00,1.913e+00,2.329e+00,2.205e+00,3.020e+00,2.792e+00,3.541e+00,2.882e+00,3.915e+00,3.702e+00,3.865e+00,3.829e+00,4.712e+00,5.524e+00,5.812e+00,3.683e+00,4.633e+00,5.670e+00,7.153e+00,6.694e+00,4.676e+00,6.021e+00,7.807e+00,5.835e+00,6.382e+00,7.687e+00,5.344e+00,6.041e+00,6.497e+00,5.678e+00,5.870e+00,6.555e+00,5.839e+00,6.927e+00,5.524e+00,6.925e+00,6.357e+00,6.768e+00,7.408e+00,4.766e+00,5.835e+00,7.009e+00,5.926e+00,7.992e+00,6.939e+00,5.640e+00,7.158e+00
8.701e-02,6.998e-01,1.011e+00,5.119e-01,1.345e+00,1.747e+00,2.071e+00,1.782e+00,2.970e+00,2.476e+00,2.517e+00,3.087e+00,3.231e+00,3.470e+00,2.617e+00,3.628e+00,4.724e+00,5.542e+00,5.341e+00,3.449e+00,5.985e+00,5.150e+00,7.422e+00,7.479e+00,6.085e+00,6.186e+00,8.394e+00,5.871e+00,6.836e+00,7.591e+00,6.790e+00,7.401e+00,7.809e+00,6.346e+00,7.149e+00,7.141e+00,7.286e+00,7.739e+00,5.718e+00,6.802e+00,6.123e+00,6.778e+00,7.708e+00,5.747e+00,6.197e+00,7.041e+00,6.230e+00,8.968e+00,7.410e+00,6.568e+00,8.207e+00
6.195e-01,1.388e+00,1.844e+00,1.184e+00,1.836e+00,2.139e+00,2.639e+00,2.318e+00,3.960e+00,4.106e+00,4.444e+00,3.443e+00,4.961e+00,4.627e+00,3.805e+00,5.115e+00,6.231e+00,6.793e+00,6.145e+00,4.470e+00,6.374e+00,5.809e+00,7.097e+00,7.548e+00,5.677e+00,7.674e+00,8.758e+00,7.006e+00,7.247e+00,8.257e+00,8.306e+00,7.249e+00,7.621e+00,7.143e+00,8.300e+00,7.374e+00,6.590e+00,8.616e+00,6.546e+00,7.059e+00,7.826e+00,7.825e+00,8.577e+00,6.822e+00,6.466e+00,7.594e+00,7.314e+00,9.709e+00,7.900e+00,7.027e+00,8.488e+00
5.762e-01,1.012e+00,1.111e+00,1.067e+00,1.481e+00,2.029e+00,1.827e+00,1.424e+00,3.254e+00,2.707e+00,2.958e+00,2.420e+00,3.708e+00,3.105e+00,2.756e+00,3.955e+00,5.379e+00,6.869e+00,5.635e+00,4.116e+00,7.616e+00,5.809e+00,7.524e+00,6.787e+00,5.957e+00,7.552e+00,8.572e+00,6.528e+00,7.412e+00,8.030e+00,7.616e+00,8.050e+00,8.216e+00,6.465e+00,7.365e+00,7.215e+00,8.225e+00,8.807e+00,6.502e+00,7.380e+00,6.360e+00,7.132e+00,9.820e+00,7.245e+00,6.602e+00,6.842e+00,6.602e+00,9.023e+00,7.497e+00,7.813e+00,7.698e+00
6.535e-01,1.439e+00,1.520e+00,1.178e+00,1.629e+00,1.997e+00,2.138e+00,1.433e+00,3.217e+00,3.687e+00,3.848e+00,3.017e+00,4.036e+00,3.565e+00,3.093e+00,4.881e+00,5.342e+00,6.783e+00,5.683e+00,3.798e+00,6.013e+00,5.644e+00,7.603e+00,7.164e+00,5.227e+00,7.429e+00,9.234e+00,6.987e+00,7.302e+00,8.725e+00,8.135e+00,8.628e+00,7.375e+00,6.450e+00,8.524e+00,6.402e+00,7.582e+00,9.204e+00,7.335e+00,7.195e+00,7.121e+00,7.201e+00,8.770e+00,6.991e+00,6.341e+00,7.502e+00,7.643e+00,1.069e+01,8.631e+00,7.344e+00,8.268e+00
4.086e-01,6.655e-01,1.177e+00,8.488e-01,1.389e+00,2.514e+00,2.792e+00,2.315e+00,3.624e+00,3.468e+00,3.987e+00,3.610e+00,4.230e+00,3.587e+00,3.821e+00,3.924e+00,5.339e+00,5.721e+00,5.394e+00,3.082e+00,4.982e+00,4.584e+00,6.081e+00,6.298e+00,4.803e+00,6.809e+00,8.250e+00,6.237e+00,6.925e+00,8.285e+00,6.664e+00,7.926e+00,7.048e+00,7.018e+00,7.685e+00,6.241e+00,7.059e+00,9.086e+00,6.794e+00,6.870e+00,6.302e+00,6.132e+00,8.142e+00,6.736e+00,5.499e+00,7.027e+00,7.495e+00,8.635e+00,8.198e+00,6.764e+00,6.730e+00
3.582e-02,1.790e-01,7.366e-01,3.210e-01,8.683e-01,1.743e+00,1.919e+00,1.806e+00,2.877e+00,1.955e+00,2.654e+00,2.549e+00,2.066e+00,2.961e+00,2.041e+00,3.131e+00,4.510e+00,4.942e+00,5.037e+00,3.354e+00,5.456e+00,4.141e+00,6.368e+00,6.395e+00,5.791e+00,5.948e+00,7.693e+00,5.721e+00,7.391e+00,8.561e+00,7.713e+00,8.022e+00,8.271e+00,5.812e+00,7.880e+00,7.010e+00,6.880e+00,7.761e+00,6.263e+00,7.571e+00,6.580e+00,7.542e+00,8.714e+00,7.965e+00,7.098e+00,7.714e+00,7.990e+00,9.408e+00,6.626e+00,6.569e+00,8.687e+00
5.372e-01,5.654e-01,1.299e+00,8.730e-01,1.100e+00,2.102e+00,2.365e+00,1.875e+00,3.006e+00,3.255e+00,4.083e+00,2.272e+00,3.620e+00,3.291e+00,3.931e+00,4.041e+00,5.157e+00,6.139e+00,5.442e+00,4.084e+00,4.582e+00,5.307e+00,5.529e+00,6.062e+00,3.742e+00,6.513e+00,7.682e+00,6.524e+00,6.719e+00,7.875e+00,7.770e+00,7.508e+00,7.007e+00,6.035e+00,6.902e+00,6.520e+00,6.763e+00,8.733e+00,6.613e+00,6.675e+00,6.917e+00,7.904e+00,8.530e+00,6.967e+00,6.074e+00,7.563e+00,8.185e+00,9.493e+00,8.470e+00,7.135e+00,7.883e+00
3.989e-01,4.850e-01,9.822e-01,7.703e-01,1.233e+00,2.399e+00,2.411e+00,1.997e+00,3.452e+00,2.880e+00,3.156e+00,2.662e+00,2.991e+00,2.821e+00,2.971e+00,3.624e+00,4.479e+00,4.674e+00,4.705e+00,2.943e+00,4.502e+00,4.974e+00,5.687e+00,5.568e+00,4.573e+00,6.121e+00,7.901e+00,5.241e+00,6.648e+00,8.541e+00,7.498e+00,8.929e+00,7.906e+00,6.195e+00,8.642e+00,7.300e+00,7.489e+00,9.384e+00,8.108e+00,7.652e+00,6.885e+00,7.177e+00,9.804e+00,9.191e+00,6.017e+00,8.274e+00,9.388e+00,1.040e+01,8.394e+00,7.140e+00,8.311e+00
3.647e-01,4.741e-01,8.992e-01,7.338e-01,1.218e+00,2.157e+00,2.533e+00,2.235e+00,3.132e+00,2.831e+00,2.849e+00,2.587e+00,3.170e+00,3.454e+00,2.912e+00,3.656e+00,5.062e+00,5.085e+00,5.230e+00,3.187e+00,5.128e+00,4.627e+00,5.738e+00,5.077e+00,4.640e+00,6.184e+00,7.017e+00,5.415e+00,7.098e+00,8.183e+00,7.473e+00,8.976e+00,7.896e+00,7.249e+00,8.432e+00,7.537e+00,8.169e+00,9.402e+00,7.209e+00,8.063e+00,7.238e+00,8.786e+00,9.436e+00,8.303e+00,7.093e+00,7.980e+00,1.006e+01,1.034e+01,8.790e+00,7.433e+00,9.017e+00
2.535e-01,7.962e-01,9.192e-01,6.517e-01,1.223e+00,1.778e+00,2.455e+00,2.004e+00,3.064e+00,3.371e+00,3.284e+00,2.462e+00,3.358e+00,3.175e+00,3.123e+00,4.803e+00,5.391e+00,6.305e+00,6.140e+00,4.472e+00,6.220e+00,5.971e+00,8.058e+00,7.786e+00,5.536e+00,6.595e+00,8.993e+00,6.213e+00,8.359e+00,9.113e+00,8.278e+00,9.313e+00,9.611e+00,8.710e+00,9.488e+00,9.405e+00,1.017e+01,1.051e+01,8.117e+00,9.835e+00,6.962e+00,9.025e+00,1.022e+01,8.325e+00,9.055e+00,9.544e+00,9.433e+00,1.165e+01,9.829e+00,8.409e+00,1.045e+01
3.712e-01,9.589e-01,1.484e+00,8.768e-01,1.607e+00,2.424e+00,2.618e+00,1.854e+00,3.494e+00,3.227e+00,3.555e+00,3.095e+00,3.058e+00,3.694e+00,2.923e+00,3.973e+00,4.767e+00,5.327e+00,5.113e+00,3.250e+00,4.972e+00,5.228e+00,6.809e+00,6.497e+00,4.480e+00,6.742e+00,8.721e+00,5.995e+00,6.823e+00,7.590e+00,7.412e+00,9.331e+00,8.040e+00,7.928e+00,8.760e+00,8.972e+00,8.320e+00,1.003e+01,8.314e+00,8.938e+00,6.739e+00,8.436e+00,9.584e+00,9.189e+00,7.139e+00,8.555e+00,9.311e+00,1.120e+01,9.105e+00,7.378e+00,9.328e+00
4.434e-01,1.361e+00,2.044e+00,1.142e+00,2.099e+00,2.257e+00,2.582e+00,2.243e+00,3.552e+00,2.958e+00,3.827e+00,3.190e+00,4.193e+00,4.639e+00,3.383e+00,4.402e+00,5.348e+00,7.090e+00,5.545e+00,4.685e+00,6.468e+00,5.039e+00,7.293e+00,7.005e+00,5.772e+00,6.111e+00,8.314e+00,6.000e+00,7.639e+00,7.648e+00,6.472e+00,8.302e+00,8.284e+00,7.736e+00,6.846e+00,8.014e+00,8.538e+00,9.305e+00,8.230e+00,8.156e+00,7.507e+00,8.627e+00,1.005e+01,8.029e+00,7.658e+00,8.211e+00,7.538e+00,9.057e+00,8.757e+00,7.808e+00,8.815e+00
4.419e-01,1.259e+00,1.559e+00,9.843e-01,1.751e+00,2.017e+00,2.377e+00,2.015e+00,3.438e+00,3.559e+00,3.555e+00,3.023e+00,3.990e+00,4.180e+00,3.330e+00,4.234e+00,4.770e+00,5.646e+00,5.095e+00,3.936e+00,5.558e+00,5.431e+00,7.512e+00,6.158e+00,6.121e+00,6.851e+00,9.096e+00,6.348e+00,7.815e+00,9.529e+00,8.665e+00,9.840e+00,8.547e+00,7.811e+00,9.355e+00,8.808e+00,9.384e+00,1.094e+01,9.446e+00,1.033e+01,9.257e+00,9.979e+00,1.175e+01,9.813e+00,8.411e+00,9.981e+00,9.991e+00,1.247e+01,1.041e+01,9.899e+00,1.094e+01
4.831e-01,8.950e-01,1.617e+00,9.859e-01,1.524e+00,1.845e+00,1.909e+00,1.924e+00,2.954e+00,2.235e+00,3.321e+00,2.275e+00,3.703e+00,3.557e+00,3.012e+00,3.925e+00,4.436e+00,6.181e+00,5.295e+00,4.019e+00,4.939e+00,4.884e+00,6.838e+00,6.009e+00,5.101e+00,5.337e+00,8.114e+00,4.922e+00,7.176e+00,8.504e+00,6.338e+00,8.161e+00,7.932e+00,7.454e+00,7.333e+00,9.011e+00,8.254e+00,1.037e+01,1.002e+01,1.032e+01,8.138e+00,9.243e+00,1.150e+01,9.232e+00,9.104e+00,9.104e+00,8.977e+00,1.087e+01,9.666e+00,9.100e+00,1.015e+01
1.462e-02,2.782e-01,4.388e-01,2.359e-01,6.550e-01,1.315e+00,1.516e+00,1.091e+00,2.493e+00,2.351e+00,2.658e+00,2.361e+00,2.554e+00,2.362e+00,2.536e+00,3.602e+00,4.656e+00,5.460e+00,4.750e+00,3.684e+00,5.793e+00,4.601e+00,6.748e+00,6.035e+00,5.409e+00,5.802e+00,7.263e+00,6.083e+00,8.152e+00,8.713e+00,7.553e+00,8.415e+00,8.461e+00,7.224e+00,7.978e+00,6.941e+00,8.126e+00,1.100e+01,8.380e+00,9.148e+00,7.631e+00,8.323e+00,1.086e+01,9.761e+00,8.822e+00,8.908e+00,9.046e+00,1.052e+01,9.090e+00,8.393e+00,1.026e+01
1.629e-01,3.737e-01,7.097e-01,3.723e-01,6.874e-01,1.105e+00,1.232e+00,1.249e+00,2.239e+00,2.188e+00,2.691e+00,2.093e+00,2.760e+00,2.374e+00,2.387e+00,2.871e+00,4.068e+00,4.230e+00,4.190e+00,3.363e+00,5.262e+00,4.499e+00,5.212e+00,5.741e+00,4.488e+00,5.991e+00,7.021e+00,5.749e+00,6.355e+00,8.454e+00,7.263e+00,6.912e+00,7.425e+00,7.786e+00,8.547e+00,9.272e+00,8.113e+00,1.078e+01,9.741e+00,9.970e+00,9.180e+00,1.060e+01,1.218e+01,1.076e+01,1.002e+01,8.904e+00,1.036e+01,1.132e+01,9.444e+00,1.067e+01,1.202e+01
5.763e-01,9.387e-01,1.312e+00,1.018e+00,1.453e+00,2.317e+00,2.336e+00,1.617e+00,2.831e+00,3.396e+00,3.549e+00,2.892e+00,3.871e+00,2.866e+00,3.765e+00,3.920e+00,4.977e+00,5.547e+00,5.131e+00,3.205e+00,4.770e+00,6.114e+00,7.128e+00,6.855e+00,5.022e+00,6.336e+00,8.433e+00,6.082e+00,6.750e+00,8.724e+00,8.312e+00,9.470e+00,8.026e+00,8.208e+00,9.312e+00,9.105e+00,9.254e+00,1.097e+01,9.802e+00,1.025e+01,9.566e+00,9.807e+00,1.161e+01,1.013e+01,1.073e+01,1.091e+01,1.140e+01,1.337e+01,1.198e+01,9.322e+00,1.210e+01
5.561e-02,3.793e-01,4.620e-01,2.108e-01,4.949e-01,6.852e-01,1.237e+00,1.161e+00,1.928e+00,1.911e+00,1.980e+00,1.560e+00,2.070e+00,2.172e+00,1.876e+00,3.231e+00,3.455e+00,4.648e+00,4.944e+00,3.870e+00,5.197e+00,5.106e+00,6.423e+00,6.696e+00,4.627e+00,5.718e+00,7.764e+00,5.232e+00,7.224e+00,7.710e+00,7.054e+00,8.294e+00,8.847e+00,7.367e+00,8.878e+00,8.904e+00,8.841e+00,1.196e+01,1.015e+01,1.042e+01,9.952e+00,1.076e+01,1.286e+01,1.073e+01,1.094e+01,1.055e+01,1.015e+01,1.285e+01,1.117e+01,1.057e+01,1.276e+01
1.768e-01,9.723e-01,1.656e+00,6.340e-01,1.446e+00,1.559e+00,2.174e+00,1.978e+00,3.125e+00,2.689e+00,3.465e+00,3.094e+00,3.545e+00,4.134e+00,3.211e+00,4.740e+00,4.969e+00,6.673e+00,6.370e+00,4.651e+00,5.855e+00,6.001e+00,8.380e+00,8.639e+00,6.000e+00,7.100e+00,9.307e+00,6.842e+00,8.953e+00,9.738e+00,8.021e+00,9.478e+00,9.680e+00,9.221e+00,9.715e+00,1.014e+01,1.047e+01,1.351e+01,1.122e+01,1.270e+01,1.160e+01,1.229e+01,1.475e+01,1.197e+01,1.254e+01,1.207e+01,1.170e+01,1.497e+01,1.290e+01,1.269e+01,1.461e+01
6.373e-01,1.332e+00,1.825e+00,1.297e+00,2.016e+00,2.714e+00,3.018e+00,2.413e+00,4.190e+00,3.560e+00,4.137e+00,3.552e+00,4.889e+00,4.321e+00,4.034e+00,5.542e+00,6.548e+00,7.553e+00,6.566e+00,4.109e+00,6.746e+00,5.946e+00,8.831e+00,7.805e+00,6.029e+00,7.554e+00,9.426e+00,7.322e+00,8.924e+00,1.018e+01,9.042e+00,1.050e+01,1.028e+01,8.618e+00,9.902e+00,9.995e+00,1.101e+01,1.216e+01,1.032e+01,1.157e+01,9.967e+00,1.135e+01,1.438e+01,1.237e+01,1.164e+01,1.108e+01,1.293e+01,1.411e+01,1.187e+01,1.175e+01,1.375e+01
1.822e-02,1.396e-01,3.211e-01,1.047e-01,2.787e-01,4.088e-01,1.025e+00,1.099e+00,8.839e-01,1.204e+00,1.389e+00,1.467e+00,2.323e+00,1.766e+00,2.211e+00,2.270e+00,3.038e+00,3.840e+00,3.597e+00,2.496e+00,3.131e+00,3.162e+00,4.244e+00,4.833e+00,3.129e+00,3.401e+00,5.876e+00,3.957e+00,5.017e+00,6.189e+00,5.215e+00,6.426e+00,6.711e+00,6.137e+00,6.812e+00,6.294e+00,5.693e+00,7.784e+00,7.270e+00,7.294e+00,6.747e+00,8.264e+00,8.808e+00,8.676e+00,8.794e+00,7.971e+00,8.021e+00,9.219e+00,8.753e+00,7.341e+00,9.293e+00
4.598e-01,1.038e+00,1.571e+00,9.622e-01,1.555e+00,1.912e+00,1.902e+00,1.468e+00,2.803e+00,2.692e+00,3.395e+00,2.793e+00,3.587e+00,3.605e+00,2.972e+00,3.758e+00,4.890e+00,6.034e+00,4.667e+00,4.077e+00,5.581e+00,5.186e+00,6.526e+00,6.243e+00,5.081e+00,6.077e+00,7.975e+00,5.688e+00,7.430e+00,8.543e+00,8.380e+00,9.505e+00,8.421e+00,8.979e+00,8.566e+00,9.350e+00,9.731e+00,1.261e+01,1.064e+01,1.070e+01,9.439e+00,1.087e+01,1.392e+01,1.190e+01,1.101e+01,1.100e+01,1.155e+01,1.377e+01,1.156e+01,1.251e+01,1.257e+01
5.009e-02,4.518e-01,6.006e-01,3.523e-01,8.895e-01,1.292e+00,1.956e+00,1.732e+00,2.410e+00,2.803e+00,2.880e+00,2.098e+00,3.040e+00,2.726e+00,2.675e+00,3.719e+00,4.594e+00,5.357e+00,5.365e+00,3.394e+00,5.070e+00,4.040e+00,6.189e+00,6.197e+00,4.399e+00,5.651e+00,7.430e+00,5.561e+00,6.907e+00,7.215e+00,6.456e+00,8.332e+00,8.122e+00,8.145e+00,8.949e+00,8.165e+00,9.176e+00,1.025e+01,8.894e+00,8.931e+00,8.017e+00,9.915e+00,1.192e+01,1.103e+01,1.190e+01,1.115e+01,1.165e+01,1.420e+01,1.127e+01,1.156e+01,1.291e+01
1.153e-01,6.754e-01,1.331e+00,4.967e-01,1.290e+00,1.426e+00,2.062e+00,2.137e+00,3.431e+00,3.087e+00,3.584e+00,3.205e+00,4.576e+00,4.652e+00,3.916e+00,4.771e+00,6.528e+00,7.440e+00,6.431e+00,4.504e+00,6.183e+00,5.250e+00,7.576e+00,6.821e+00,5.728e+00,6.933e+00,9.873e+00,7.181e+00,8.398e+00,1.000e+01,9.251e+00,1.046e+01,1.044e+01,1.047e+01,1.004e+01,1.038e+01,1.003e+01,1.315e+01,1.167e+01,1.279e+01,1.123e+01,1.190e+01,1.465e+01,1.313e+01,1.399e+01,1.255e+01,1.430e+01,1.640e+01,1.496e+01,1.307e+01,1.576e+01
3.727e-01,6.516e-01,1.382e+00,7.928e-01,1.369e+00,2.301e+00,2.311e+00,1.762e+00,3.129e+00,2.885e+00,3.545e+00,2.641e+00,2.721e+00,3.050e+00,3.017e+00,3.952e+00,5.050e+00,5.772e+00,5.225e+00,3.795e+00,5.356e+00,5.497e+00,6.164e+00,7.075e+00,4.884e+00,6.574e+00,7.674e+00,5.983e+00,7.201e+00,8.295e+00,6.961e+00,7.014e+00,7.779e+00,7.081e+00,8.905e+00,8.392e+00,8.739e+00,1.062e+01,8.761e+00,1.032e+01,8.919e+00,1.015e+01,1.342e+01,1.095e+01,1.071e+01,1.108e+01,1.131e+01,1.305e+01,1.152e+01,1.238e+01,1.344e+01
2.450e-01,5.367e-01,9.801e-01,6.052e-01,1.167e+00,2.108e+00,2.313e+00,1.732e+00,2.886e+00,2.667e+00,2.952e+00,3.282e+00,3.273e+00,3.132e+00,3.168e+00,3.600e+00,5.033e+00,5.215e+00,4.955e+00,2.464e+00,4.614e+00,4.661e+00,6.823e+00,6.297e+00,4.990e+00,6.087e+00,8.209e+00,6.299e+00,6.948e+00,8.800e+00,7.206e+00,8.980e+00,8.462e+00,7.124e+00,8.726e+00,7.120e+00,8.721e+00,1.066e+01,8.983e+00,9.717e+00,9.810e+00,9.120e+00,1.187e+01,1.120e+01,1.035e+01,1.112e+01,1.195e+01,1.377e+01,1.211e+01,1.024e+01,1.338e+01
2.387e-01,1.130e+00,1.602e+00,8.306e-01,1.899e+00,2.621e+00,2.897e+00,2.167e+00,3.999e+00,3.992e+00,4.144e+00,4.023e+00,3.812e+00,4.020e+00,3.689e+00,4.336e+00,5.806e+00,5.905e+00,5.607e+00,4.430e+00,6.819e+00,6.168e+00,7.937e+00,7.589e+00,6.512e+00,6.837e+00,9.095e+00,6.607e+00,8.386e+00,9.607e+00,8.598e+00,9.343e+00,9.062e+00,8.491e+00,9.638e+00,9.390e+00,1.025e+01,1.193e+01,9.010e+00,1.196e+01,9.008e+00,1.154e+01,1.328e+01,1.257e+01,1.201e+01,1.201e+01,1.282e+01,1.490e+01,1.221e+01,1.315e+01,1.591e+01
1.376e-01,7.262e-01,7.608e-01,4.027e-01,9.163e-01,1.015e+00,1.185e+00,1.026e+00,2.399e+00,2.274e+00,2.134e+00,2.648e+00,3.053e+00,2.650e+00,2.366e+00,2.582e+00,3.316e+00,4.172e+00,4.075e+00,2.424e+00,4.380e+00,3.818e+00,5.132e+00,4.191e+00,4.021e+00,4.946e+00,6.585e+00,4.425e+00,5.465e+00,6.588e+00,6.533e+00,7.702e+00,6.942e+00,6.871e+00,7.844e+00,8.251e+00,8.196e+00,1.057e+01,8.979e+00,9.399e+00,8.887e+00,9.825e+00,1.216e+01,1.031e+01,1.032e+01,9.649e+00,1.105e+01,1.255e+01,1.169e+01,1.158e+01,1.355e+01
