7.131e-01,5.946e-01,9.915e-01,2.664e-01,4.349e-02,4.138e-01,8.591e-01,3.969e-02,7.875e-01,3.075e-01,8.740e-01,1.942e-01,3.283e-01,1.878e-01,9.433e-01,2.346e-01,7.977e-01,8.530e-01,7.346e-01,7.036e-01,4.888e-01,5.703e-01,4.320e-01,7.609e-01,9.866e-01,2.917e-01,4.069e-01,5.900e-01,2.524e-02,6.823e-01,1.593e-01,5.863e-01,6.725e-01,1.804e-01,2.662e-01,6.035e-01,1.039e-01,3.564e-01,6.603e-01,5.588e-01,6.707e-01,3.259e-01,8.415e-01,6.090e-01,7.311e-01,2.673e-01,6.050e-02,6.032e-01,3.169e-02,9.807e-01,1.392e-01,7.631e-01,3.182e-01,4.028e-01
1.643e-02,6.498e-01,1.013e+00,5.175e-01,7.955e-01,7.611e-01,7.277e-01,3.538e-01,6.751e-01,6.119e-01,1.958e-01,8.577e-01,1.663e-01,3.778e-01,5.528e-01,9.918e-01,3.877e-02,5.742e-01,3.494e-01,8.721e-01,8.189e-01,2.355e-01,5.038e-01,6.942e-01,1.401e-01,4.170e-01,9.586e-01,1.680e-01,4.493e-01,8.770e-01,9.078e-01,1.879e-01,6.741e-02,2.571e-01,7.787e-01,4.436e-01,6.922e-01,7.700e-02,2.000e-01,9.030e-01,4.027e-02,9.989e-01,8.544e-01,4.496e-01,6.698e-01,8.750e-01,8.884e-01,9.525e-01,7.851e-01,6.056e-01,3.959e-01,7.272e-01,7.821e-01,9.465e-01
5.721e-01,6.605e-01,1.745e+00,1.057e+00,6.412e-01,7.006e-01,1.131e+00,5.524e-01,1.087e+00,4.313e-01,1.365e+00,7.907e-01,7.407e-01,9.229e-01,1.349e+00,5.417e-01,1.576e+00,1.360e+00,1.287e+00,1.249e+00,1.305e+00,1.500e+00,5.374e-01,8.447e-01,1.128e+00,1.055e+00,1.040e+00,1.355e+00,3.253e-01,1.523e+00,9.484e-01,1.331e+00,9.947e-01,4.203e-01,6.854e-01,1.551e+00,7.607e-01,1.079e+00,7.895e-01,1.308e+00,5.537e-01,5.896e-01,1.736e+00,6.253e-01,1.439e+00,1.183e+00,7.535e-01,1.570e+00,1.046e+00,1.539e+00,6.164e-01,1.764e+00,6.340e-01,1.479e+00
5.400e-01,8.482e-01,1.459e+00,8.783e-01,1.137e+00,1.132e+00,1.484e+00,4.932e-01,1.772e+00,1.474e+00,9.076e-01,1.426e+00,1.066e+00,1.460e+00,2.090e+00,1.294e+00,7.937e-01,1.503e+00,1.050e+00,1.702e+00,1.174e+00,1.615e+00,1.494e+00,1.284e+00,1.097e+00,1.459e+00,1.087e+00,1.055e+00,6.714e-01,1.809e+00,1.479e+00,1.015e+00,1.356e+00,1.227e+00,1.596e+00,1.632e+00,1.260e+00,1.199e+00,1.107e+00,1.180e+00,1.063e+00,1.696e+00,2.075e+00,8.205e-01,1.396e+00,1.518e+00,1.146e+00,1.421e+00,1.012e+00,1.911e+00,4.064e-01,2.093e+00,1.497e+00,1.162e+00
5.325e-01,5.333e-01,9.962e-01,4.270e-01,6.912e-01,1.257e+00,1.574e+00,5.963e-01,1.462e+00,1.164e+00,1.790e+00,7.562e-01,7.006e-01,1.354e+00,1.749e+00,1.294e+00,1.737e+00,1.728e+00,1.160e+00,1.559e+00,8.603e-01,1.428e+00,9.749e-01,1.623e+00,1.592e+00,1.398e+00,1.060e+00,9.871e-01,4.104e-01,8.514e-01,4.449e-01,8.942e-01,1.464e+00,8.646e-01,1.071e+00,1.693e+00,4.839e-01,1.420e+00,1.303e+00,1.131e+00,9.214e-01,7.090e-01,1.775e+00,6.118e-01,1.240e+00,7.092e-01,5.854e-01,1.277e+00,1.156e+00,1.489e+00,6.454e-01,1.210e+00,7.982e-01,9.639e-01
1.691e-01,3.422e-01,9.331e-01,7.885e-01,9.967e-01,1.458e+00,1.794e+00,1.273e+00,1.597e+00,1.829e+00,1.526e+00,1.311e+00,1.805e+00,2.404e+00,1.903e+00,1.186e+00,1.905e+00,1.979e+00,1.707e+00,1.987e+00,1.357e+00,1.952e+00,1.209e+00,1.613e+00,1.261e+00,2.249e+00,1.940e+00,1.632e+00,1.166e+00,1.793e+00,1.529e+00,1.778e+00,2.197e+00,1.314e+00,1.749e+00,2.173e+00,1.261e+00,2.302e+00,1.804e+00,1.697e+00,1.041e+00,1.315e+00,2.336e+00,1.191e+00,1.976e+00,1.911e+00,1.382e+00,1.672e+00,1.317e+00,2.124e+00,6.573e-01,2.430e+00,1.382e+00,1.824e+00
8.885e-02,2.143e-01,9.460e-01,9.088e-01,8.705e-01,6.789e-01,1.654e+00,1.407e+00,1.422e+00,7.921e-01,1.024e+00,1.922e+00,1.066e+00,2.225e+00,1.331e+00,1.524e+00,2.139e+00,2.056e+00,1.199e+00,1.404e+00,2.016e+00,2.392e+00,1.466e+00,1.048e+00,1.254e+00,1.639e+00,1.376e+00,1.258e+00,1.246e+00,2.160e+00,1.641e+00,1.919e+00,1.726e+00,9.650e-01,1.271e+00,2.479e+00,1.150e+00,1.400e+00,1.281e+00,1.361e+00,1.071e+00,1.075e+00,2.123e+00,9.064e-01,1.922e+00,2.078e+00,9.556e-01,1.406e+00,1.377e+00,1.343e+00,1.256e+00,2.001e+00,1.105e+00,1.752e+00
1.956e-01,7.247e-01,1.559e+00,9.856e-01,1.092e+00,1.127e+00,1.322e+00,1.708e+00,1.457e+00,1.041e+00,1.114e+00,2.075e+00,1.180e+00,1.836e+00,1.405e+00,2.000e+00,1.591e+00,2.195e+00,2.081e+00,2.219e+00,1.882e+00,1.876e+00,1.596e+00,1.277e+00,1.362e+00,1.504e+00,2.278e+00,1.408e+00,1.156e+00,2.228e+00,1.764e+00,2.018e+00,1.565e+00,9.892e-01,1.844e+00,2.372e+00,1.106e+00,1.400e+00,9.127e-01,1.800e+00,1.228e+00,1.608e+00,2.343e+00,1.482e+00,1.715e+00,1.558e+00,2.194e+00,2.126e+00,1.842e+00,2.352e+00,1.579e+00,1.958e+00,1.933e+00,2.139e+00
6.224e-01,1.019e+00,1.835e+00,9.376e-01,1.071e+00,1.433e+00,2.533e+00,1.682e+00,2.421e+00,2.418e+00,1.986e+00,2.573e+00,1.643e+00,3.186e+00,2.121e+00,2.903e+00,2.363e+00,3.655e+00,2.613e+00,2.545e+00,2.785e+00,2.718e+00,2.965e+00,2.561e+00,2.697e+00,2.490e+00,3.317e+00,1.938e+00,1.930e+00,3.749e+00,2.382e+00,3.245e+00,2.792e+00,2.075e+00,2.706e+00,3.320e+00,1.570e+00,2.200e+00,2.778e+00,2.882e+00,2.448e+00,2.478e+00,3.832e+00,2.651e+00,3.106e+00,2.404e+00,1.694e+00,2.792e+00,1.475e+00,2.732e+00,2.465e+00,3.126e+00,2.692e+00,3.112e+00
1.794e-01,6.241e-01,1.118e+00,6.926e-01,1.205e+00,1.476e+00,2.235e+00,1.607e+00,2.046e+00,2.547e+00,2.189e+00,3.023e+00,2.062e+00,3.707e+00,2.332e+00,3.749e+00,3.091e+00,3.080e+00,2.179e+00,2.664e+00,2.983e+00,2.642e+00,3.057e+00,2.690e+00,2.646e+00,2.791e+00,3.165e+00,2.168e+00,2.122e+00,2.673e+00,2.721e+00,2.451e+00,2.960e+00,1.919e+00,2.696e+00,2.880e+00,1.725e+00,2.198e+00,2.937e+00,2.192e+00,2.534e+00,2.079e+00,3.236e+00,1.747e+00,3.212e+00,2.062e+00,2.435e+00,2.313e+00,2.659e+00,2.115e+00,2.387e+00,2.848e+00,2.138e+00,3.229e+00
1.027e-01,3.658e-01,7.986e-01,5.831e-01,7.518e-01,9.306e-01,1.687e+00,1.314e+00,1.446e+00,2.070e+00,2.670e+00,3.416e+00,2.365e+00,3.664e+00,2.699e+00,3.277e+00,3.160e+00,3.112e+00,2.290e+00,2.187e+00,2.685e+00,2.367e+00,3.294e+00,2.329e+00,2.312e+00,2.621e+00,3.124e+00,2.635e+00,2.339e+00,3.016e+00,2.687e+00,2.447e+00,3.324e+00,1.748e+00,2.210e+00,2.609e+00,2.010e+00,2.418e+00,3.402e+00,2.231e+00,2.526e+00,2.292e+00,3.507e+00,2.319e+00,3.455e+00,2.439e+00,1.976e+00,2.108e+00,2.682e+00,1.731e+00,2.429e+00,3.231e+00,2.169e+00,3.872e+00
1.842e-01,4.588e-01,8.254e-01,4.409e-01,8.251e-01,1.591e+00,2.078e+00,1.960e+00,1.747e+00,1.973e+00,2.763e+00,3.333e+00,2.363e+00,4.206e+00,2.981e+00,2.948e+00,3.434e+00,4.454e+00,3.439e+00,3.054e+00,2.647e+00,2.360e+00,2.839e+00,3.063e+00,3.113e+00,3.370e+00,4.086e+00,2.557e+00,2.690e+00,2.793e+00,2.392e+00,3.377e+00,3.375e+00,2.021e+00,2.396e+00,3.331e+00,1.676e+00,3.179e+00,3.045e+00,2.734e+00,2.778e+00,2.571e+00,3.654e+00,2.742e+00,3.526e+00,2.606e+00,2.850e+00,3.225e+00,2.827e+00,3.379e+00,2.646e+00,2.945e+00,2.609e+00,3.997e+00
2.286e-01,6.738e-01,1.696e+00,1.180e+00,1.320e+00,1.817e+00,2.707e+00,2.540e+00,2.282e+00,2.443e+00,3.395e+00,4.045e+00,3.577e+00,4.743e+00,3.689e+00,4.634e+00,4.521e+00,5.245e+00,3.870e+00,4.425e+00,3.781e+00,3.721e+00,3.930e+00,3.707e+00,3.894e+00,4.132e+00,4.484e+00,4.340e+00,3.660e+00,4.243e+00,3.928e+00,4.116e+00,4.627e+00,2.347e+00,3.078e+00,4.884e+00,3.031e+00,4.371e+00,3.948e+00,3.604e+00,3.251e+00,2.973e+00,4.803e+00,3.020e+00,4.454e+00,3.500e+00,3.932e+00,4.134e+00,3.811e+00,4.129e+00,3.816e+00,4.852e+00,3.198e+00,5.036e+00
2.268e-01,3.897e-01,1.186e+00,8.437e-01,8.936e-01,1.284e+00,1.636e+00,1.464e+00,1.517e+00,1.663e+00,2.638e+00,2.395e+00,2.195e+00,3.732e+00,3.008e+00,3.158e+00,3.175e+00,4.764e+00,3.713e+00,3.478e+00,2.556e+00,2.907e+00,2.401e+00,3.581e+00,3.422e+00,4.124e+00,3.233e+00,3.520e+00,2.444e+00,3.644e+00,3.307e+00,3.641e+00,3.851e+00,2.455e+00,2.323e+00,3.702e+00,1.963e+00,3.799e+00,3.036e+00,2.806e+00,2.859e+00,2.707e+00,3.587e+00,2.543e+00,3.977e+00,2.702e+00,3.009e+00,3.841e+00,2.882e+00,4.042e+00,3.452e+00,3.314e+00,2.481e+00,4.508e+00
9.724e-02,2.183e-01,4.220e-01,3.032e-01,6.015e-01,1.191e+00,2.169e+00,1.809e+00,1.653e+00,2.229e+00,2.549e+00,3.132e+00,3.008e+00,4.342e+00,3.159e+00,5.202e+00,4.617e+00,6.025e+00,4.357e+00,3.833e+00,3.711e+00,4.001e+00,3.646e+00,4.210e+00,4.254e+00,4.933e+00,3.965e+00,4.225e+00,3.484e+00,4.369e+00,4.668e+00,3.793e+00,5.337e+00,3.022e+00,3.349e+00,4.208e+00,3.383e+00,4.344e+00,4.662e+00,3.738e+00,4.145e+00,3.948e+00,4.281e+00,4.154e+00,4.511e+00,3.411e+00,3.750e+00,4.036e+00,2.981e+00,4.000e+00,4.222e+00,4.624e+00,3.151e+00,4.928e+00
3.139e-01,7.333e-01,1.189e+00,7.162e-01,1.088e+00,1.450e+00,1.953e+00,1.150e+00,1.953e+00,2.624e+00,1.768e+00,2.392e+00,2.285e+00,3.403e+00,2.676e+00,4.276e+00,2.866e+00,4.338e+00,4.089e+00,3.240e+00,3.113e+00,3.599e+00,3.087e+00,3.450e+00,3.080e+00,3.988e+00,4.119e+00,3.569e+00,3.237e+00,3.555e+00,4.398e+00,3.656e+00,3.720e+00,2.676e+00,4.001e+00,3.342e+00,3.323e+00,3.472e+00,4.051e+00,3.876e+00,3.758e+00,3.699e+00,4.257e+00,3.044e+00,3.256e+00,2.909e+00,3.260e+00,3.672e+00,2.167e+00,4.213e+00,3.465e+00,4.687e+00,3.178e+00,3.626e+00
5.956e-01,9.153e-01,1.494e+00,5.862e-01,8.653e-01,1.670e+00,2.641e+00,1.881e+00,2.161e+00,2.165e+00,2.823e+00,3.309e+00,2.552e+00,3.815e+00,3.117e+00,4.782e+00,4.446e+00,5.170e+00,4.831e+00,4.123e+00,3.986e+00,3.965e+00,4.118e+00,4.563e+00,4.748e+00,3.546e+00,5.148e+00,4.607e+00,3.741e+00,3.451e+00,4.501e+00,4.306e+00,4.351e+00,2.110e+00,4.198e+00,3.737e+00,3.127e+00,3.676e+00,5.023e+00,4.279e+00,4.541e+00,3.566e+00,4.563e+00,3.138e+00,4.581e+00,2.799e+00,3.978e+00,3.852e+00,4.011e+00,4.766e+00,4.331e+00,4.129e+00,2.955e+00,4.342e+00
5.456e-01,7.499e-01,1.797e+00,1.214e+00,1.198e+00,1.284e+00,2.411e+00,2.401e+00,2.464e+00,2.020e+00,2.784e+00,4.307e+00,2.818e+00,5.002e+00,3.715e+00,4.840e+00,4.711e+00,6.672e+00,5.809e+00,4.828e+00,4.938e+00,5.683e+00,4.742e+00,5.336e+00,5.813e+00,5.371e+00,6.062e+00,5.156e+00,4.780e+00,5.313e+00,5.474e+00,6.530e+00,5.340e+00,3.395e+00,4.536e+00,5.199e+00,3.384e+00,4.842e+00,5.151e+00,4.557e+00,5.695e+00,4.308e+00,6.051e+00,4.251e+00,6.247e+00,4.754e+00,4.714e+00,5.316e+00,5.065e+00,6.500e+00,5.779e+00,4.896e+00,3.804e+00,6.004e+00
6.890e-01,1.116e+00,1.957e+00,1.116e+00,1.588e+00,2.022e+00,2.607e+00,1.694e+00,2.799e+00,2.635e+00,2.513e+00,3.376e+00,2.540e+00,4.423e+00,4.169e+00,4.540e+00,3.368e+00,5.901e+00,5.887e+00,5.471e+00,3.913e+00,4.937e+00,4.149e+00,6.195e+00,5.225e+00,6.086e+00,5.767e+00,4.705e+00,4.665e+00,5.439e+00,5.476e+00,6.055e+00,5.638e+00,4.397e+00,4.620e+00,5.322e+00,3.968e+00,4.952e+00,4.549e+00,4.785e+00,5.776e+00,4.706e+00,5.859e+00,4.026e+00,5.127e+00,4.611e+00,4.403e+00,5.201e+00,4.432e+00,6.612e+00,4.908e+00,5.076e+00,4.262e+00,5.771e+00
1.199e-02,2.344e-01,9.733e-01,8.972e-01,9.394e-01,8.896e-01,1.346e+00,1.165e+00,1.257e+00,1.690e+00,2.816e+00,3.362e+00,2.631e+00,4.214e+00,3.322e+00,4.354e+00,4.214e+00,5.439e+00,4.585e+00,4.291e+00,5.031e+00,4.810e+00,4.139e+00,5.201e+00,5.869e+00,6.169e+00,5.990e+00,5.575e+00,4.731e+00,4.660e+00,5.370e+00,5.500e+00,5.529e+00,3.992e+00,4.252e+00,5.197e+00,4.471e+00,5.766e+00,5.314e+00,4.593e+00,5.155e+00,3.730e+00,5.659e+00,4.331e+00,5.672e+00,4.995e+00,4.752e+00,5.713e+00,5.793e+00,4.707e+00,5.927e+00,5.280e+00,3.632e+00,6.397e+00
3.233e-01,8.825e-01,1.828e+00,1.255e+00,1.786e+00,2.116e+00,2.907e+00,2.440e+00,2.883e+00,2.871e+00,2.466e+00,3.623e+00,2.777e+00,4.951e+00,3.580e+00,5.931e+00,4.651e+00,7.171e+00,6.364e+00,5.637e+00,5.202e+00,6.416e+00,5.150e+00,6.751e+00,6.178e+00,6.644e+00,6.991e+00,6.425e+00,5.839e+00,6.004e+00,6.899e+00,6.649e+00,6.243e+00,4.444e+00,6.369e+00,6.068e+00,5.416e+00,6.452e+00,6.189e+00,6.604e+00,6.324e+00,5.404e+00,6.874e+00,4.669e+00,6.363e+00,5.554e+00,5.478e+00,6.321e+00,5.422e+00,7.915e+00,6.595e+00,6.738e+00,5.356e+00,6.005e+00
4.497e-01,4.079e-01,6.904e-01,2.566e-01,3.743e-01,1.109e+00,1.805e+00,1.045e+00,1.494e+00,2.120e+00,2.720e+00,2.257e+00,2.659e+00,3.483e+00,3.032e+00,4.511e+00,3.958e+00,5.466e+00,5.061e+00,4.283e+00,3.951e+00,5.281e+00,4.652e+00,5.999e+00,6.326e+00,5.810e+00,5.944e+00,6.846e+00,5.054e+00,5.648e+00,5.646e+00,5.443e+00,6.818e+00,4.036e+00,5.908e+00,4.872e+00,5.836e+00,5.996e+00,6.983e+00,5.563e+00,6.496e+00,4.848e+00,5.939e+00,5.154e+00,5.408e+00,4.246e+00,4.494e+00,5.583e+00,4.434e+00,6.081e+00,5.816e+00,6.474e+00,4.903e+00,5.128e+00
2.456e-01,5.356e-01,1.283e+00,1.028e+00,1.367e+00,1.595e+00,2.413e+00,2.487e+00,2.548e+00,3.030e+00,2.705e+00,3.969e+00,3.215e+00,5.283e+00,3.423e+00,4.957e+00,4.267e+00,6.337e+00,5.780e+00,5.314e+00,4.953e+00,6.605e+00,6.486e+00,7.188e+00,6.840e+00,7.185e+00,7.872e+00,6.835e+00,5.664e+00,7.607e+00,6.690e+00,7.728e+00,7.661e+00,5.292e+00,6.753e+00,6.561e+00,5.526e+00,6.339e+00,6.391e+00,5.741e+00,7.007e+00,5.331e+00,7.335e+00,5.549e+00,7.203e+00,5.588e+00,6.169e+00,7.015e+00,6.231e+00,7.060e+00,7.029e+00,6.205e+00,6.302e+00,6.988e+00
1.844e-01,7.014e-01,1.525e+00,1.200e+00,1.838e+00,2.226e+00,3.007e+00,2.271e+00,2.884e+00,3.548e+00,3.124e+00,4.176e+00,3.602e+00,5.993e+00,4.292e+00,6.062e+00,4.968e+00,6.905e+00,6.395e+00,6.243e+00,6.084e+00,7.062e+00,6.895e+00,8.382e+00,7.852e+00,8.517e+00,9.484e+00,9.194e+00,7.227e+00,8.211e+00,8.504e+00,8.291e+00,8.792e+00,6.698e+00,9.009e+00,7.646e+00,7.249e+00,8.099e+00,8.403e+00,7.501e+00,8.512e+00,6.935e+00,8.179e+00,6.179e+00,8.086e+00,6.887e+00,8.028e+00,8.465e+00,7.698e+00,8.654e+00,8.881e+00,8.142e+00,7.774e+00,7.805e+00
3.639e-01,7.881e-01,1.915e+00,1.395e+00,1.512e+00,1.875e+00,2.991e+00,2.637e+00,2.697e+00,2.800e+00,3.257e+00,4.456e+00,3.712e+00,5.552e+00,4.270e+00,4.819e+00,4.876e+00,6.952e+00,5.520e+00,5.385e+00,5.024e+00,5.620e+00,5.455e+00,6.477e+00,6.556e+00,7.302e+00,7.522e+00,7.029e+00,5.614e+00,7.439e+00,6.542e+00,7.048e+00,7.097e+00,4.305e+00,6.301e+00,6.318e+00,4.581e+00,6.818e+00,6.768e+00,6.062e+00,6.303e+00,5.704e+00,7.661e+00,5.798e+00,8.256e+00,6.958e+00,6.364e+00,6.318e+00,5.972e+00,7.710e+00,6.364e+00,7.124e+00,5.280e+00,7.274e+00
2.682e-01,4.502e-01,1.054e+00,8.814e-01,1.314e+00,1.568e+00,2.301e+00,2.032e+00,2.484e+00,3.089e+00,2.500e+00,3.320e+00,2.872e+00,5.059e+00,3.369e+00,5.343e+00,4.421e+00,6.539e+00,5.886e+00,5.132e+00,5.337e+00,6.991e+00,5.563e+00,7.042e+00,7.800e+00,9.232e+00,9.296e+00,7.832e+00,6.844e+00,8.399e+00,7.778e+00,8.529e+00,8.512e+00,7.207e+00,9.544e+00,8.072e+00,6.458e+00,8.272e+00,8.116e+00,7.492e+00,9.355e+00,6.885e+00,9.099e+00,7.962e+00,8.282e+00,7.474e+00,8.105e+00,8.714e+00,6.785e+00,8.391e+00,8.950e+00,8.523e+00,7.286e+00,7.678e+00
6.372e-01,8.658e-01,1.915e+00,1.077e+00,1.175e+00,1.864e+00,2.443e+00,1.361e+00,2.195e+00,2.367e+00,3.013e+00,2.216e+00,2.390e+00,3.707e+00,3.203e+00,3.932e+00,4.227e+00,5.580e+00,5.247e+00,4.730e+00,4.424e+00,5.715e+00,4.068e+00,6.486e+00,6.962e+00,6.879e+00,7.727e+00,7.484e+00,6.275e+00,6.555e+00,6.059e+00,6.945e+00,6.626e+00,4.695e+00,7.629e+00,6.598e+00,6.041e+00,6.797e+00,6.987e+00,6.389e+00,7.424e+00,5.317e+00,7.921e+00,5.359e+00,6.908e+00,6.438e+00,6.832e+00,7.093e+00,5.906e+00,7.345e+00,6.867e+00,6.775e+00,5.016e+00,6.659e+00
1.281e-01,2.273e-01,5.019e-01,4.478e-01,7.009e-01,1.172e+00,2.217e+00,1.910e+00,1.924e+00,2.632e+00,2.163e+00,3.168e+00,2.972e+00,5.120e+00,2.951e+00,4.946e+00,4.409e+00,7.271e+00,5.861e+00,4.740e+00,5.036e+00,6.134e+00,5.096e+00,6.751e+00,7.350e+00,8.002e+00,8.379e+00,7.255e+00,7.561e+00,8.177e+00,7.604e+00,8.691e+00,8.043e+00,6.125e+00,8.408e+00,7.792e+00,6.629e+00,7.708e+00,7.811e+00,6.977e+00,8.470e+00,6.885e+00,8.424e+00,7.872e+00,7.938e+00,7.453e+00,7.212e+00,7.666e+00,5.742e+00,8.406e+00,8.592e+00,7.777e+00,6.325e+00,7.775e+00
6.336e-01,9.836e-01,1.653e+00,9.036e-01,1.448e+00,2.104e+00,3.389e+00,1.930e+00,3.072e+00,3.484e+00,3.362e+00,4.056e+00,3.357e+00,5.359e+00,4.372e+00,6.311e+00,5.324e+00,7.204e+00,5.794e+00,5.593e+00,6.126e+00,7.204e+00,6.447e+00,7.930e+00,8.130e+00,8.317e+00,8.988e+00,8.478e+00,8.074e+00,8.737e+00,7.989e+00,8.151e+00,9.197e+00,6.027e+00,1.007e+01,7.943e+00,7.360e+00,8.098e+00,9.747e+00,7.861e+00,9.924e+00,7.777e+00,9.113e+00,7.223e+00,8.648e+00,7.820e+00,8.704e+00,8.552e+00,7.335e+00,8.991e+00,9.459e+00,9.215e+00,7.484e+00,7.977e+00
4.877e-01,7.383e-01,1.620e+00,9.489e-01,1.101e+00,1.707e+00,2.581e+00,2.186e+00,2.332e+00,2.440e+00,2.916e+00,3.338e+00,2.707e+00,4.745e+00,3.266e+00,4.681e+00,5.153e+00,6.303e+00,5.439e+00,4.551e+00,5.264e+00,5.770e+00,4.384e+00,5.629e+00,6.541e+00,6.983e+00,7.017e+00,6.556e+00,5.683e+00,8.637e+00,7.673e+00,7.936e+00,8.677e+00,5.591e+00,8.708e+00,8.602e+00,6.882e+00,7.255e+00,7.034e+00,6.943e+00,8.713e+00,6.559e+00,7.808e+00,6.709e+00,8.158e+00,7.025e+00,8.171e+00,8.373e+00,6.169e+00,8.287e+00,7.831e+00,8.288e+00,6.408e+00,8.003e+00
1.095e-01,2.400e-01,4.488e-01,4.424e-01,8.727e-01,1.107e+00,1.801e+00,1.487e+00,1.823e+00,2.581e+00,2.318e+00,3.507e+00,2.583e+00,4.842e+00,2.967e+00,4.285e+00,4.063e+00,4.990e+00,4.349e+00,3.543e+00,4.695e+00,5.256e+00,4.856e+00,4.975e+00,6.068e+00,6.960e+00,7.187e+00,5.997e+00,5.741e+00,7.575e+00,7.784e+00,7.753e+00,8.542e+00,6.809e+00,8.791e+00,8.290e+00,7.357e+00,7.346e+00,8.026e+00,6.461e+00,8.652e+00,6.510e+00,8.306e+00,6.625e+00,7.314e+00,7.147e+00,7.625e+00,7.708e+00,6.794e+00,7.767e+00,8.322e+00,8.321e+00,6.512e+00,7.377e+00
8.194e-02,2.525e-01,5.564e-01,4.655e-01,7.652e-01,1.116e+00,1.864e+00,1.858e+00,1.666e+00,1.775e+00,2.210e+00,3.097e+00,2.353e+00,3.785e+00,2.949e+00,4.657e+00,3.745e+00,6.154e+00,5.155e+00,4.085e+00,3.701e+00,5.677e+00,4.569e+00,5.555e+00,5.603e+00,5.903e+00,6.742e+00,7.141e+00,7.566e+00,7.870e+00,7.134e+00,8.312e+00,8.655e+00,5.516e+00,8.697e+00,8.175e+00,7.477e+00,7.291e+00,8.618e+00,7.647e+00,8.923e+00,7.416e+00,8.037e+00,7.252e+00,7.790e+00,7.377e+00,7.357e+00,7.619e+00,6.347e+00,8.802e+00,8.617e+00,8.666e+00,7.086e+00,7.245e+00
3.484e-01,9.056e-01,2.042e+00,1.480e+00,1.936e+00,2.196e+00,2.845e+00,2.452e+00,2.963e+00,3.015e+00,2.700e+00,3.881e+00,3.037e+00,5.500e+00,3.938e+00,5.365e+00,4.682e+00,6.772e+00,6.085e+00,5.741e+00,5.764e+00,6.298e+00,5.103e+00,6.527e+00,6.793e+00,8.059e+00,8.579e+00,7.950e+00,7.437e+00,8.907e+00,9.408e+00,9.567e+00,1.035e+01,8.866e+00,1.078e+01,1.118e+01,9.264e+00,9.396e+00,8.780e+00,9.218e+00,1.059e+01,8.226e+00,1.001e+01,7.287e+00,9.736e+00,9.184e+00,1.026e+01,1.083e+01,7.996e+00,1.029e+01,1.096e+01,9.899e+00,8.327e+00,9.563e+00
3.936e-02,4.294e-01,1.234e+00,1.093e+00,1.420e+00,1.542e+00,2.478e+00,2.448e+00,2.304e+00,2.503e+00,2.542e+00,3.893e+00,3.076e+00,5.033e+00,3.373e+00,5.546e+00,4.944e+00,6.858e+00,5.490e+00,5.055e+00,5.266e+00,6.532e+00,5.500e+00,6.501e+00,6.663e+00,7.902e+00,7.678e+00,7.731e+00,7.419e+00,9.624e+00,9.882e+00,9.889e+00,1.054e+01,7.887e+00,1.029e+01,1.138e+01,9.267e+00,9.975e+00,9.882e+00,8.521e+00,1.064e+01,7.928e+00,1.061e+01,8.118e+00,1.097e+01,9.690e+00,9.701e+00,9.746e+00,8.686e+00,1.082e+01,1.027e+01,1.121e+01,7.757e+00,1.045e+01
1.662e-01,6.519e-01,1.349e+00,9.147e-01,1.257e+00,1.299e+00,1.564e+00,9.994e-01,1.744e+00,2.671e+00,2.195e+00,2.713e+00,2.449e+00,4.257e+00,2.933e+00,4.531e+00,2.907e+00,4.841e+00,3.858e+00,4.280e+00,4.214e+00,3.745e+00,4.354e+00,5.599e+00,5.246e+00,6.330e+00,5.867e+00,5.732e+00,5.578e+00,6.608e+00,7.542e+00,7.035e+00,8.025e+00,7.155e+00,8.251e+00,8.331e+00,7.467e+00,8.087e+00,8.505e+00,6.739e+00,8.888e+00,6.540e+00,7.774e+00,5.577e+00,9.009e+00,6.494e+00,8.528e+00,9.308e+00,7.954e+00,8.172e+00,9.954e+00,9.148e+00,6.244e+00,1.001e+01
6.690e-01,1.094e+00,1.935e+00,9.427e-01,1.131e+00,1.696e+00,2.363e+00,1.615e+00,2.212e+00,1.838e+00,1.907e+00,2.612e+00,1.957e+00,3.308e+00,2.704e+00,2.955e+00,3.027e+00,4.412e+00,4.331e+00,4.194e+00,3.870e+00,4.205e+00,3.930e+00,5.719e+00,5.635e+00,6.159e+00,7.356e+00,5.954e+00,6.104e+00,8.025e+00,6.673e+00,8.519e+00,8.346e+00,6.866e+00,9.109e+00,9.286e+00,8.669e+00,8.794e+00,9.073e+00,8.648e+00,1.111e+01,7.582e+00,8.292e+00,7.642e+00,9.293e+00,8.618e+00,9.507e+00,9.982e+00,7.899e+00,1.023e+01,9.293e+00,1.095e+01,7.472e+00,9.382e+00
2.835e-02,1.495e-01,5.838e-01,4.796e-01,4.425e-01,7.473e-01,1.616e+00,2.313e+00,1.338e+00,1.533e+00,2.358e+00,3.513e+00,2.572e+00,3.962e+00,2.303e+00,3.594e+00,3.641e+00,4.877e+00,4.247e+00,3.846e+00,4.295e+00,4.168e+00,4.828e+00,4.815e+00,5.669e+00,5.951e+00,6.908e+00,6.080e+00,5.784e+00,7.984e+00,6.562e+00,8.074e+00,8.722e+00,5.670e+00,7.664e+00,9.035e+00,7.639e+00,7.365e+00,7.603e+00,6.523e+00,9.253e+00,6.008e+00,8.231e+00,7.158e+00,8.242e+00,7.873e+00,8.662e+00,7.873e+00,6.793e+00,7.326e+00,9.035e+00,8.466e+00,6.452e+00,8.783e+00
3.058e-01,4.053e-01,1.031e+00,6.828e-01,6.255e-01,7.474e-01,1.451e+00,1.361e+00,1.419e+00,1.720e+00,2.385e+00,2.947e+00,2.397e+00,3.502e+00,2.535e+00,4.865e+00,4.474e+00,4.771e+00,5.057e+00,3.727e+00,4.428e+00,5.170e+00,5.208e+00,5.583e+00,5.587e+00,6.571e+00,7.223e+00,7.749e+00,6.694e+00,8.546e+00,8.943e+00,9.064e+00,1.046e+01,7.693e+00,1.012e+01,1.039e+01,9.793e+00,9.771e+00,1.077e+01,9.292e+00,1.158e+01,7.545e+00,1.023e+01,8.588e+00,1.106e+01,8.666e+00,1.005e+01,1.039e+01,8.598e+00,1.043e+01,1.119e+01,1.189e+01,8.301e+00,1.018e+01
7.114e-01,8.305e-01,1.846e+00,1.021e+00,8.159e-01,1.398e+00,2.282e+00,1.318e+00,2.000e+00,2.044e+00,2.684e+00,2.176e+00,2.471e+00,3.504e+00,3.177e+00,3.743e+00,3.994e+00,6.113e+00,5.425e+00,4.746e+00,4.681e+00,5.337e+00,4.866e+00,7.159e+00,6.866e+00,7.567e+00,7.844e+00,8.363e+00,7.112e+00,9.578e+00,9.017e+00,9.149e+00,9.755e+00,7.658e+00,9.523e+00,1.010e+01,8.979e+00,1.017e+01,1.046e+01,9.383e+00,1.151e+01,7.669e+00,1.080e+01,8.738e+00,1.071e+01,9.594e+00,9.278e+00,1.080e+01,8.826e+00,1.112e+01,1.080e+01,1.122e+01,7.682e+00,1.089e+01
6.121e-01,7.783e-01,1.683e+00,1.080e+00,1.208e+00,1.640e+00,2.390e+00,1.495e+00,2.352e+00,2.408e+00,2.717e+00,3.040e+00,2.667e+00,4.294e+00,3.521e+00,3.362e+00,3.789e+00,4.614e+00,4.386e+00,4.172e+00,4.258e+00,4.694e+00,4.484e+00,5.740e+00,5.431e+00,6.306e+00,7.048e+00,6.654e+00,6.126e+00,7.462e+00,6.722e+00,8.310e+00,8.511e+00,6.266e+00,7.969e+00,8.485e+00,7.799e+00,8.024e+00,8.919e+00,8.951e+00,1.141e+01,7.045e+00,9.130e+00,7.488e+00,9.988e+00,8.253e+00,9.143e+00,9.878e+00,8.265e+00,9.894e+00,8.695e+00,1.126e+01,7.743e+00,8.749e+00
2.335e-02,5.864e-01,1.156e+00,9.557e-01,1.574e+00,1.471e+00,1.578e+00,1.003e+00,1.800e+00,2.221e+00,2.255e+00,3.248e+00,2.597e+00,3.576e+00,3.601e+00,4.513e+00,2.922e+00,4.283e+00,3.157e+00,3.993e+00,3.320e+00,4.519e+00,4.690e+00,4.948e+00,4.633e+00,5.735e+00,5.387e+00,6.314e+00,5.710e+00,6.510e+00,7.083e+00,6.104e+00,8.451e+00,6.588e+00,8.753e+00,8.293e+00,1.015e+01,8.486e+00,1.054e+01,8.196e+00,1.073e+01,8.460e+00,1.060e+01,8.063e+00,1.042e+01,8.006e+00,1.078e+01,1.071e+01,1.078e+01,9.783e+00,9.780e+00,1.212e+01,8.106e+00,9.483e+00
5.008e-01,6.406e-01,1.288e+00,8.420e-01,1.045e+00,1.170e+00,2.350e+00,2.146e+00,2.412e+00,1.900e+00,2.222e+00,3.915e+00,2.331e+00,4.571e+00,3.419e+00,5.029e+00,4.454e+00,6.455e+00,5.341e+00,4.126e+00,4.509e+00,6.278e+00,4.940e+00,5.755e+00,6.140e+00,7.276e+00,7.361e+00,6.780e+00,7.118e+00,9.374e+00,8.619e+00,9.461e+00,1.033e+01,7.680e+00,1.072e+01,1.005e+01,9.940e+00,8.877e+00,1.105e+01,9.099e+00,1.267e+01,1.047e+01,1.146e+01,9.517e+00,1.133e+01,1.052e+01,1.173e+01,1.113e+01,9.377e+00,1.242e+01,1.249e+01,1.249e+01,8.774e+00,1.054e+01
1.335e-01,6.858e-01,1.218e+00,8.886e-01,1.653e+00,2.056e+00,2.801e+00,2.639e+00,2.800e+00,2.997e+00,2.554e+00,3.994e+00,2.881e+00,4.870e+00,3.684e+00,6.113e+00,4.354e+00,7.342e+00,5.784e+00,5.433e+00,5.192e+00,7.033e+00,5.852e+00,6.846e+00,6.786e+00,7.499e+00,8.131e+00,7.286e+00,7.331e+00,8.387e+00,7.990e+00,8.705e+00,9.371e+00,6.928e+00,1.023e+01,9.790e+00,9.638e+00,1.042e+01,1.187e+01,1.009e+01,1.220e+01,1.003e+01,1.218e+01,1.189e+01,1.194e+01,1.070e+01,1.196e+01,1.208e+01,1.124e+01,1.250e+01,1.242e+01,1.351e+01,1.001e+01,1.081e+01
6.432e-01,9.553e-01,1.880e+00,1.084e+00,1.459e+00,1.897e+00,3.091e+00,2.622e+00,3.064e+00,2.806e+00,3.787e+00,4.790e+00,2.999e+00,5.409e+00,4.556e+00,6.707e+00,5.637e+00,7.584e+00,6.633e+00,5.663e+00,5.783e+00,6.901e+00,5.850e+00,6.563e+00,6.972e+00,7.235e+00,7.622e+00,6.901e+00,6.547e+00,8.693e+00,8.065e+00,8.805e+00,9.988e+00,7.098e+00,9.524e+00,9.876e+00,8.260e+00,9.294e+00,1.063e+01,9.099e+00,1.161e+01,9.059e+00,1.075e+01,1.024e+01,1.092e+01,9.402e+00,9.950e+00,1.033e+01,9.322e+00,1.139e+01,1.140e+01,1.171e+01,8.539e+00,1.120e+01
1.883e-01,7.352e-01,1.598e+00,1.001e+00,1.219e+00,1.479e+00,2.059e+00,1.516e+00,1.773e+00,1.940e+00,2.061e+00,2.462e+00,1.791e+00,3.334e+00,2.407e+00,4.640e+00,3.800e+00,5.344e+00,5.306e+00,4.496e+00,4.966e+00,5.703e+00,4.712e+00,7.069e+00,6.210e+00,7.145e+00,7.906e+00,7.715e+00,6.309e+00,8.468e+00,8.569e+00,8.363e+00,9.080e+00,6.922e+00,9.376e+00,8.889e+00,9.787e+00,9.767e+00,1.071e+01,9.179e+00,1.099e+01,8.701e+00,1.055e+01,9.526e+00,1.249e+01,1.061e+01,1.146e+01,1.146e+01,1.086e+01,1.173e+01,1.258e+01,1.191e+01,9.220e+00,1.196e+01
6.514e-01,9.533e-01,2.031e+00,1.216e+00,1.498e+00,2.268e+00,3.423e+00,2.718e+00,3.212e+00,3.274e+00,4.032e+00,4.525e+00,3.548e+00,6.294e+00,4.695e+00,5.916e+00,5.812e+00,8.520e+00,7.154e+00,6.433e+00,6.342e+00,7.600e+00,6.647e+00,8.607e+00,8.658e+00,9.495e+00,9.942e+00,8.993e+00,8.813e+00,1.143e+01,9.866e+00,1.223e+01,1.252e+01,8.883e+00,1.118e+01,1.300e+01,1.081e+01,1.103e+01,1.191e+01,1.087e+01,1.392e+01,9.510e+00,1.311e+01,1.167e+01,1.342e+01,1.245e+01,1.328e+01,1.402e+01,1.243e+01,1.425e+01,1.339e+01,1.517e+01,1.194e+01,1.376e+01
5.294e-01,7.068e-01,1.182e+00,4.944e-01,8.004e-01,1.381e+00,1.918e+00,1.653e+00,1.953e+00,2.074e+00,2.268e+00,2.779e+00,2.509e+00,4.052e+00,3.003e+00,5.773e+00,4.637e+00,6.969e+00,6.682e+00,5.672e+00,5.692e+00,6.246e+00,5.911e+00,7.838e+00,8.282e+00,7.631e+00,8.870e+00,8.859e+00,7.582e+00,7.537e+00,8.416e+00,8.695e+00,9.391e+00,7.830e+00,1.019e+01,9.239e+00,1.052e+01,1.041e+01,1.171e+01,1.036e+01,1.394e+01,9.743e+00,1.159e+01,1.009e+01,1.142e+01,1.009e+01,1.363e+01,1.360e+01,1.231e+01,1.367e+01,1.401e+01,1.436e+01,1.050e+01,1.232e+01
3.306e-02,3.195e-01,7.752e-01,6.046e-01,1.076e+00,1.656e+00,1.934e+00,2.025e+00,1.793e+00,2.562e+00,3.265e+00,3.890e+00,3.448e+00,5.484e+00,4.018e+00,5.979e+00,5.266e+00,6.964e+00,6.289e+00,5.425e+00,5.019e+00,5.241e+00,5.034e+00,6.591e+00,6.670e+00,7.725e+00,7.487e+00,7.586e+00,6.629e+00,6.939e+00,8.243e+00,7.867e+00,8.797e+00,6.203e+00,8.420e+00,8.711e+00,8.288e+00,1.006e+01,1.037e+01,8.263e+00,1.136e+01,8.511e+00,1.063e+01,9.805e+00,1.234e+01,1.004e+01,1.330e+01,1.079e+01,1.280e+01,1.355e+01,1.230e+01,1.420e+01,9.130e+00,1.359e+01
3.315e-01,8.541e-01,1.418e+00,7.560e-01,1.117e+00,1.430e+00,1.707e+00,1.277e+00,1.734e+00,1.994e+00,1.724e+00,2.569e+00,2.072e+00,3.065e+00,2.702e+00,4.384e+00,3.421e+00,5.044e+00,4.945e+00,4.327e+00,4.631e+00,5.129e+00,4.594e+00,5.842e+00,6.383e+00,6.806e+00,7.254e+00,7.174e+00,5.384e+00,7.997e+00,8.299e+00,7.728e+00,9.281e+00,7.038e+00,1.026e+01,9.132e+00,9.889e+00,8.849e+00,1.064e+01,8.781e+00,1.168e+01,9.805e+00,1.178e+01,1.089e+01,1.199e+01,1.110e+01,1.381e+01,1.231e+01,1.257e+01,1.266e+01,1.226e+01,1.485e+01,1.024e+01,1.324e+01
2.571e-01,2.438e-01,5.519e-01,4.247e-01,5.588e-01,7.672e-01,1.285e+00,1.635e+00,1.604e+00,2.087e+00,1.834e+00,2.798e+00,2.374e+00,4.158e+00,2.354e+00,3.941e+00,3.077e+00,5.674e+00,5.453e+00,4.268e+00,4.039e+00,5.002e+00,5.575e+00,6.084e+00,6.785e+00,6.461e+00,8.215e+00,7.158e+00,7.241e+00,7.280e+00,6.410e+00,9.023e+00,7.934e+00,6.989e+00,8.782e+00,8.185e+00,7.267e+00,9.026e+00,9.908e+00,9.595e+00,1.205e+01,8.113e+00,9.736e+00,8.856e+00,1.014e+01,7.909e+00,1.056e+01,1.076e+01,1.039e+01,1.175e+01,1.196e+01,1.272e+01,9.602e+00,1.021e+01
7.940e-02,2.773e-01,1.023e+00,8.617e-01,7.997e-01,7.818e-01,1.180e+00,9.931e-01,1.088e+00,1.186e+00,2.115e+00,2.460e+00,1.905e+00,3.311e+00,2.677e+00,2.906e+00,2.874e+00,4.608e+00,3.942e+00,3.562e+00,3.421e+00,4.009e+00,4.238e+00,5.794e+00,5.171e+00,6.131e+00,6.052e+00,7.196e+00,6.222e+00,7.919e+00,7.525e+00,7.947e+00,8.614e+00,6.306e+00,8.226e+00,8.835e+00,9.087e+00,9.182e+00,1.042e+01,8.162e+00,1.113e+01,8.158e+00,1.062e+01,8.836e+00,1.226e+01,1.060e+01,1.167e+01,1.099e+01,1.218e+01,1.199e+01,1.315e+01,1.405e+01,9.318e+00,1.377e+01
6.557e-01,6.308e-01,1.570e+00,1.079e+00,1.068e+00,1.542e+00,2.455e+00,2.263e+00,2.517e+00,2.285e+00,2.777e+00,3.438e+00,3.425e+00,5.120e+00,4.114e+00,4.900e+00,4.874e+00,7.266e+00,6.375e+00,5.550e+00,4.697e+00,6.764e+00,5.150e+00,7.025e+00,6.873e+00,7.926e+00,7.495e+00,8.542e+00,8.093e+00,9.764e+00,9.579e+00,1.024e+01,1.094e+01,7.783e+00,1.027e+01,1.113e+01,1.065e+01,1.060e+01,1.112e+01,9.950e+00,1.441e+01,9.862e+00,1.247e+01,1.074e+01,1.321e+01,1.112e+01,1.360e+01,1.335e+01,1.150e+01,1.469e+01,1.430e+01,1.606e+01,1.094e+01,1.381e+01
3.360e-01,4.031e-01,8.952e-01,5.194e-01,5.904e-01,9.686e-01,1.559e+00,9.973e-01,1.325e+00,1.320e+00,1.958e+00,2.053e+00,2.104e+00,3.200e+00,2.760e+00,4.013e+00,3.305e+00,4.999e+00,4.569e+00,4.328e+00,3.899e+00,4.232e+00,3.876e+00,6.215e+00,5.986e+00,7.012e+00,6.801e+00,7.263e+00,6.711e+00,7.285e+00,7.640e+00,8.027e+00,8.398e+00,6.635e+00,8.024e+00,8.565e+00,7.575e+00,9.005e+00,9.507e+00,8.591e+00,1.178e+01,7.502e+00,1.011e+01,9.324e+00,1.091e+01,9.753e+00,1.126e+01,1.085e+01,1.089e+01,1.273e+01,1.253e+01,1.422e+01,9.732e+00,1.275e+01
2.458e-01,4.586e-01,8.437e-01,5.428e-01,9.537e-01,1.365e+00,2.017e+00,1.851e+00,2.054e+00,2.547e+00,2.869e+00,3.750e+00,2.948e+00,5.049e+00,3.732e+00,6.276e+00,4.778e+00,7.143e+00,6.132e+00,4.995e+00,5.276e+00,5.714e+00,5.473e+00,6.122e+00,7.037e+00,8.027e+00,7.886e+00,7.564e+00,6.461e+00,8.161e+00,8.584e+00,8.864e+00,9.302e+00,6.771e+00,9.106e+00,9.788e+00,7.894e+00,9.595e+00,9.903e+00,9.186e+00,1.131e+01,8.362e+00,1.070e+01,1.073e+01,1.183e+01,1.006e+01,1.211e+01,1.207e+01,1.114e+01,1.234e+01,1.346e+01,1.508e+01,1.136e+01,1.388e+01
