1.840e-01,3.811e-01,7.017e-01,9.015e-01,1.792e-01,2.843e-02,7.368e-01,5.574e-02,8.094e-01,2.868e-01,6.677e-01,5.328e-01,8.468e-01,6.934e-01,4.933e-01,2.731e-01,5.308e-01,6.487e-01,5.204e-01,3.254e-01,5.796e-01,4.158e-01,5.186e-01,3.358e-01,6.080e-01,8.405e-01,6.447e-01,4.910e-02,8.642e-01,1.161e-01,3.710e-01,2.953e-01,4.961e-01,3.692e-01,7.331e-01,1.219e-01,3.980e-01,4.462e-01,9.162e-01,5.099e-01,9.627e-01,4.151e-01,6.192e-01,5.411e-02,8.636e-01,9.389e-01,7.937e-01,2.980e-02,1.167e-01,1.972e-01,3.092e-01,7.103e-01,7.370e-01,6.213e-01
3.838e-02,6.022e-01,6.338e-01,5.881e-01,3.869e-02,5.196e-01,1.141e+00,6.309e-01,3.926e-01,9.669e-01,2.484e-01,7.853e-01,1.110e+00,4.396e-01,1.415e-01,6.690e-01,8.741e-01,8.780e-01,8.827e-01,8.796e-01,4.223e-01,9.384e-01,4.889e-01,9.878e-01,8.759e-01,1.057e+00,1.130e+00,5.155e-02,7.297e-01,4.799e-01,4.031e-01,4.769e-01,1.009e+00,4.410e-01,3.620e-01,5.327e-01,2.632e-01,9.346e-01,1.010e+00,5.070e-01,8.456e-01,9.017e-01,3.614e-01,1.167e-01,6.815e-01,7.488e-01,6.895e-01,5.232e-01,7.711e-01,1.019e+00,3.339e-01,5.650e-01,1.055e+00,1.020e+00
1.244e-01,4.877e-01,1.335e+00,1.408e+00,8.051e-01,1.087e+00,1.596e+00,6.631e-01,8.367e-01,1.553e+00,8.450e-01,1.330e+00,1.388e+00,1.245e+00,4.835e-01,1.290e+00,1.580e+00,1.529e+00,8.689e-01,1.293e+00,1.041e+00,1.208e+00,1.099e+00,9.755e-01,1.003e+00,1.717e+00,9.974e-01,4.495e-01,1.235e+00,9.202e-01,7.442e-01,7.533e-01,9.405e-01,8.521e-01,1.209e+00,3.921e-01,1.016e+00,7.498e-01,1.150e+00,7.529e-01,1.392e+00,6.875e-01,1.127e+00,1.051e+00,1.551e+00,1.869e+00,1.491e+00,5.038e-01,7.474e-01,8.182e-01,1.248e+00,1.625e+00,1.353e+00,1.199e+00
9.603e-02,5.233e-01,8.937e-01,1.432e+00,6.913e-01,1.130e+00,1.722e+00,9.350e-01,9.699e-01,1.658e+00,1.294e+00,1.882e+00,1.607e+00,1.677e+00,3.702e-01,1.777e+00,1.841e+00,1.573e+00,1.255e+00,9.722e-01,9.362e-01,1.341e+00,1.269e+00,9.056e-01,1.438e+00,1.723e+00,1.556e+00,1.022e+00,1.615e+00,7.473e-01,1.442e+00,8.053e-01,1.708e+00,7.822e-01,1.396e+00,1.224e+00,5.748e-01,1.521e+00,1.550e+00,6.389e-01,1.572e+00,9.040e-01,7.040e-01,1.255e+00,1.243e+00,1.396e+00,1.251e+00,6.173e-01,6.773e-01,1.107e+00,1.552e+00,9.999e-01,1.961e+00,1.395e+00
7.648e-02,3.840e-01,8.047e-01,9.604e-01,8.363e-01,7.589e-01,2.088e+00,6.814e-01,1.500e+00,1.561e+00,7.096e-01,2.044e+00,1.574e+00,1.412e+00,9.665e-01,1.327e+00,1.507e+00,1.668e+00,7.706e-01,1.272e+00,1.436e+00,1.627e+00,1.727e+00,1.532e+00,8.790e-01,1.966e+00,1.105e+00,1.251e+00,1.947e+00,7.973e-01,1.660e+00,6.604e-01,1.684e+00,1.346e+00,9.278e-01,8.500e-01,1.003e+00,1.197e+00,1.844e+00,5.887e-01,1.094e+00,1.187e+00,7.884e-01,1.324e+00,1.023e+00,1.412e+00,1.100e+00,9.428e-01,9.921e-01,8.689e-01,1.582e+00,1.189e+00,1.235e+00,1.296e+00
1.747e-01,4.400e-01,1.024e+00,1.510e+00,1.028e+00,9.121e-01,2.512e+00,1.333e+00,2.132e+00,2.496e+00,1.941e+00,3.116e+00,1.943e+00,2.723e+00,1.981e+00,2.187e+00,1.844e+00,2.701e+00,1.533e+00,2.156e+00,2.507e+00,1.753e+00,2.658e+00,1.933e+00,1.561e+00,2.576e+00,1.718e+00,1.588e+00,2.907e+00,1.515e+00,2.751e+00,1.114e+00,2.851e+00,1.649e+00,1.555e+00,1.214e+00,1.212e+00,2.280e+00,2.438e+00,1.312e+00,2.071e+00,1.938e+00,1.846e+00,1.798e+00,1.682e+00,2.587e+00,1.780e+00,1.782e+00,1.066e+00,1.396e+00,1.955e+00,1.818e+00,1.755e+00,2.472e+00
4.159e-02,2.116e-01,8.764e-01,1.138e+00,8.756e-01,1.267e+00,1.569e+00,2.007e+00,1.659e+00,2.567e+00,1.572e+00,2.378e+00,1.711e+00,2.850e+00,9.934e-01,2.869e+00,1.635e+00,2.428e+00,2.025e+00,2.643e+00,1.643e+00,1.837e+00,2.083e+00,1.441e+00,2.143e+00,2.327e+00,1.440e+00,1.591e+00,2.493e+00,2.162e+00,2.143e+00,1.724e+00,2.249e+00,1.334e+00,1.541e+00,8.250e-01,1.670e+00,1.957e+00,1.038e+00,1.449e+00,1.771e+00,1.446e+00,2.245e+00,1.933e+00,2.129e+00,2.944e+00,1.848e+00,1.568e+00,1.102e+00,2.153e+00,1.651e+00,2.199e+00,1.807e+00,2.098e+00
8.738e-02,6.827e-01,1.368e+00,1.363e+00,7.653e-01,1.354e+00,2.364e+00,2.557e+00,2.526e+00,3.735e+00,1.924e+00,3.153e+00,2.761e+00,3.409e+00,1.535e+00,3.786e+00,2.028e+00,3.326e+00,3.044e+00,3.812e+00,3.007e+00,2.668e+00,3.059e+00,2.788e+00,2.756e+00,3.891e+00,2.310e+00,2.038e+00,3.487e+00,3.126e+00,2.825e+00,2.448e+00,3.575e+00,2.312e+00,2.301e+00,1.353e+00,2.324e+00,3.155e+00,2.116e+00,2.160e+00,2.269e+00,3.196e+00,3.289e+00,2.305e+00,2.695e+00,4.479e+00,2.983e+00,2.320e+00,2.238e+00,3.649e+00,1.560e+00,3.172e+00,2.539e+00,3.445e+00
1.806e-01,8.605e-01,1.397e+00,1.892e+00,9.743e-01,1.292e+00,3.080e+00,1.991e+00,3.656e+00,3.754e+00,3.017e+00,4.159e+00,3.636e+00,4.295e+00,1.882e+00,4.082e+00,3.036e+00,3.299e+00,3.264e+00,3.184e+00,3.303e+00,3.569e+00,3.927e+00,2.904e+00,2.665e+00,4.236e+00,3.167e+00,2.547e+00,4.745e+00,2.694e+00,3.869e+00,2.219e+00,4.605e+00,2.336e+00,2.650e+00,2.819e+00,2.564e+00,3.733e+00,3.415e+00,2.429e+00,2.778e+00,2.904e+00,2.723e+00,2.341e+00,3.005e+00,3.687e+00,2.911e+00,1.924e+00,2.693e+00,3.021e+00,3.004e+00,2.499e+00,3.730e+00,3.820e+00
6.458e-02,4.906e-01,1.173e+00,1.297e+00,1.019e+00,1.380e+00,2.480e+00,1.795e+00,2.167e+00,3.689e+00,2.900e+00,3.859e+00,2.991e+00,3.206e+00,2.024e+00,3.597e+00,2.497e+00,2.946e+00,3.004e+00,3.894e+00,3.511e+00,2.953e+00,3.237e+00,2.579e+00,2.395e+00,4.122e+00,2.856e+00,2.569e+00,3.830e+00,3.021e+00,3.088e+00,1.705e+00,4.181e+00,2.144e+00,2.228e+00,2.138e+00,2.029e+00,3.186e+00,3.095e+00,1.881e+00,2.596e+00,3.279e+00,3.169e+00,2.346e+00,2.080e+00,3.813e+00,3.104e+00,2.252e+00,2.819e+00,2.471e+00,2.938e+00,3.136e+00,2.757e+00,3.308e+00
5.836e-02,3.099e-01,8.317e-01,8.868e-01,6.787e-01,8.157e-01,1.464e+00,8.192e-01,1.962e+00,2.352e+00,2.772e+00,2.874e+00,2.845e+00,3.211e+00,1.617e+00,3.549e+00,2.177e+00,1.742e+00,2.832e+00,3.367e+00,3.252e+00,3.504e+00,3.200e+00,1.721e+00,2.517e+00,4.017e+00,2.727e+00,2.501e+00,3.101e+00,2.521e+00,2.784e+00,2.064e+00,3.052e+00,1.553e+00,1.832e+00,2.048e+00,2.009e+00,2.088e+00,2.624e+00,2.449e+00,2.399e+00,2.495e+00,3.096e+00,2.038e+00,2.138e+00,2.913e+00,2.397e+00,1.139e+00,2.996e+00,2.314e+00,3.137e+00,2.922e+00,3.249e+00,2.853e+00
1.274e-01,3.388e-01,1.039e+00,1.223e+00,7.484e-01,8.777e-01,1.606e+00,1.719e+00,2.476e+00,2.591e+00,2.335e+00,3.383e+00,2.974e+00,3.665e+00,2.166e+00,3.590e+00,2.643e+00,3.312e+00,3.155e+00,4.114e+00,3.405e+00,3.493e+00,3.479e+00,1.939e+00,3.412e+00,3.279e+00,2.451e+00,2.323e+00,3.905e+00,3.201e+00,3.236e+00,2.759e+00,3.092e+00,2.544e+00,1.972e+00,1.410e+00,2.589e+00,3.174e+00,2.047e+00,2.681e+00,2.837e+00,2.404e+00,3.163e+00,2.103e+00,3.553e+00,3.741e+00,2.476e+00,2.116e+00,2.810e+00,3.193e+00,2.616e+00,3.169e+00,3.141e+00,3.520e+00
1.184e-02,4.948e-01,1.044e+00,1.154e+00,1.042e+00,1.443e+00,2.576e+00,1.631e+00,2.187e+00,3.284e+00,2.034e+00,3.629e+00,3.059e+00,3.705e+00,2.397e+00,3.558e+00,2.967e+00,3.705e+00,3.057e+00,3.534e+00,4.028e+00,3.849e+00,4.166e+00,3.368e+00,2.396e+00,3.869e+00,3.310e+00,3.256e+00,4.369e+00,2.795e+00,3.127e+00,2.003e+00,3.583e+00,2.722e+00,2.377e+00,2.631e+00,2.978e+00,3.328e+00,3.592e+00,2.709e+00,2.668e+00,3.259e+00,2.751e+00,2.878e+00,2.544e+00,3.781e+00,2.357e+00,2.370e+00,3.645e+00,3.546e+00,2.990e+00,3.319e+00,3.709e+00,3.610e+00
7.269e-02,6.597e-01,1.106e+00,1.423e+00,8.204e-01,1.390e+00,2.502e+00,2.222e+00,2.393e+00,3.343e+00,2.494e+00,3.910e+00,3.591e+00,5.094e+00,3.445e+00,4.484e+00,4.005e+00,4.597e+00,3.989e+00,5.103e+00,4.927e+00,4.596e+00,4.791e+00,4.066e+00,4.409e+00,4.962e+00,4.673e+00,3.910e+00,5.620e+00,3.926e+00,3.480e+00,2.910e+00,4.300e+00,3.546e+00,3.251e+00,2.729e+00,3.052e+00,4.065e+00,3.638e+00,3.461e+00,4.107e+00,4.389e+00,3.434e+00,2.864e+00,4.083e+00,4.731e+00,2.880e+00,3.044e+00,4.499e+00,5.078e+00,3.318e+00,4.404e+00,5.325e+00,4.304e+00
1.259e-01,3.436e-01,6.570e-01,1.120e+00,7.497e-01,6.310e-01,1.919e+00,1.160e+00,2.500e+00,2.415e+00,2.334e+00,3.355e+00,2.675e+00,4.456e+00,3.490e+00,3.859e+00,4.086e+00,3.602e+00,3.055e+00,3.958e+00,4.922e+00,3.996e+00,5.471e+00,3.960e+00,3.800e+00,4.798e+00,3.517e+00,4.005e+00,5.139e+00,2.974e+00,3.855e+00,3.121e+00,3.657e+00,3.364e+00,3.273e+00,3.160e+00,2.746e+00,3.324e+00,3.393e+00,3.657e+00,3.872e+00,4.268e+00,3.454e+00,2.795e+00,3.242e+00,4.388e+00,2.523e+00,2.445e+00,4.152e+00,4.185e+00,3.749e+00,3.482e+00,4.253e+00,4.197e+00
6.880e-02,3.942e-01,1.136e+00,1.409e+00,1.199e+00,1.411e+00,2.519e+00,1.920e+00,2.493e+00,3.208e+00,2.356e+00,3.748e+00,3.121e+00,4.201e+00,2.470e+00,4.651e+00,3.862e+00,4.445e+00,4.014e+00,5.328e+00,4.825e+00,4.211e+00,4.751e+00,3.468e+00,4.646e+00,5.283e+00,3.951e+00,3.996e+00,4.722e+00,3.329e+00,3.649e+00,3.105e+00,4.317e+00,3.028e+00,3.368e+00,3.118e+00,3.363e+00,3.159e+00,3.365e+00,3.094e+00,3.898e+00,3.890e+00,4.158e+00,3.600e+00,3.370e+00,4.860e+00,3.906e+00,2.517e+00,4.319e+00,4.299e+00,4.545e+00,4.442e+00,3.941e+00,4.336e+00
3.164e-03,3.128e-01,4.776e-01,6.739e-01,3.898e-01,8.270e-01,1.175e+00,1.401e+00,1.764e+00,2.404e+00,2.031e+00,2.716e+00,2.516e+00,3.291e+00,1.962e+00,3.779e+00,4.421e+00,4.629e+00,4.936e+00,4.794e+00,4.433e+00,3.880e+00,4.912e+00,4.189e+00,4.467e+00,4.081e+00,3.973e+00,3.861e+00,4.981e+00,2.821e+00,3.378e+00,3.191e+00,3.895e+00,2.831e+00,3.546e+00,4.043e+00,4.502e+00,3.658e+00,3.757e+00,3.805e+00,4.022e+00,4.018e+00,3.995e+00,3.571e+00,3.537e+00,4.420e+00,3.582e+00,2.227e+00,5.385e+00,4.630e+00,4.619e+00,4.001e+00,3.926e+00,5.393e+00
1.575e-01,7.729e-01,1.453e+00,1.900e+00,9.959e-01,1.505e+00,2.817e+00,2.143e+00,2.912e+00,3.873e+00,3.583e+00,4.379e+00,4.001e+00,5.256e+00,3.073e+00,5.044e+00,4.580e+00,6.327e+00,6.288e+00,5.880e+00,5.999e+00,5.014e+00,6.363e+00,4.644e+00,5.429e+00,6.118e+00,5.759e+00,4.261e+00,6.447e+00,4.208e+00,5.068e+00,3.748e+00,6.180e+00,3.218e+00,4.458e+00,4.648e+00,4.722e+00,4.620e+00,5.178e+00,5.392e+00,5.604e+00,5.001e+00,5.258e+00,4.260e+00,4.576e+00,6.446e+00,5.168e+00,3.583e+00,6.014e+00,5.556e+00,5.324e+00,5.881e+00,6.326e+00,6.246e+00
4.421e-02,4.836e-01,8.715e-01,9.493e-01,5.720e-01,9.650e-01,1.717e+00,1.568e+00,2.033e+00,2.597e+00,2.084e+00,3.248e+00,3.286e+00,4.149e+00,2.953e+00,4.227e+00,4.931e+00,4.933e+00,5.401e+00,5.825e+00,5.551e+00,5.611e+00,5.337e+00,5.358e+00,5.487e+00,5.789e+00,5.115e+00,4.774e+00,5.759e+00,4.443e+00,4.444e+00,3.765e+00,4.424e+00,4.614e+00,4.568e+00,3.213e+00,4.778e+00,4.716e+00,4.699e+00,4.983e+00,5.540e+00,5.078e+00,4.820e+00,3.908e+00,5.194e+00,5.974e+00,4.048e+00,2.954e+00,6.242e+00,6.172e+00,5.412e+00,5.698e+00,5.833e+00,5.331e+00
1.735e-01,6.127e-01,1.532e+00,1.671e+00,9.682e-01,1.178e+00,2.296e+00,1.667e+00,3.136e+00,3.471e+00,3.052e+00,4.056e+00,3.879e+00,5.798e+00,4.060e+00,5.273e+00,4.907e+00,5.498e+00,5.419e+00,6.941e+00,7.498e+00,6.746e+00,6.788e+00,6.249e+00,5.717e+00,7.026e+00,6.425e+00,5.474e+00,6.453e+00,5.730e+00,5.893e+00,4.969e+00,5.006e+00,5.750e+00,5.642e+00,3.805e+00,5.201e+00,5.494e+00,5.066e+00,6.411e+00,6.686e+00,5.865e+00,6.689e+00,5.076e+00,6.624e+00,7.869e+00,4.715e+00,4.111e+00,7.103e+00,7.542e+00,6.051e+00,6.844e+00,6.860e+00,6.412e+00
1.020e-01,2.821e-01,1.035e+00,1.436e+00,9.802e-01,1.179e+00,1.600e+00,1.264e+00,2.407e+00,2.776e+00,2.960e+00,3.347e+00,3.089e+00,4.504e+00,2.232e+00,4.876e+00,4.301e+00,3.971e+00,4.638e+00,4.748e+00,5.106e+00,5.072e+00,6.259e+00,4.003e+00,5.391e+00,5.686e+00,4.802e+00,4.972e+00,5.034e+00,3.778e+00,4.939e+00,4.026e+00,4.330e+00,4.061e+00,4.193e+00,4.127e+00,4.777e+00,3.610e+00,3.992e+00,4.745e+00,5.044e+00,4.503e+00,5.145e+00,4.943e+00,4.324e+00,5.605e+00,4.622e+00,2.445e+00,5.779e+00,5.137e+00,5.594e+00,4.964e+00,5.925e+00,5.137e+00
1.756e-01,4.803e-01,1.192e+00,1.388e+00,8.867e-01,7.450e-01,2.142e+00,1.313e+00,3.223e+00,2.682e+00,3.047e+00,3.954e+00,4.121e+00,5.050e+00,3.575e+00,4.574e+00,5.436e+00,5.616e+00,6.390e+00,6.897e+00,6.708e+00,7.828e+00,7.797e+00,7.317e+00,7.387e+00,7.509e+00,7.812e+00,6.685e+00,8.645e+00,5.928e+00,7.042e+00,5.742e+00,5.941e+00,6.329e+00,5.975e+00,5.417e+00,7.035e+00,6.307e+00,6.302e+00,7.502e+00,7.740e+00,7.323e+00,7.355e+00,5.815e+00,7.292e+00,8.849e+00,5.802e+00,4.304e+00,8.639e+00,7.153e+00,7.950e+00,7.562e+00,8.054e+00,6.657e+00
6.270e-02,1.609e-01,7.786e-01,1.282e+00,1.090e+00,1.210e+00,1.845e+00,1.741e+00,2.571e+00,2.943e+00,3.211e+00,4.203e+00,3.706e+00,5.461e+00,3.384e+00,5.563e+00,4.849e+00,5.386e+00,5.769e+00,6.595e+00,6.605e+00,6.526e+00,7.891e+00,5.837e+00,7.812e+00,7.111e+00,7.121e+00,6.506e+00,7.079e+00,5.545e+00,7.134e+00,6.366e+00,6.057e+00,5.442e+00,5.556e+00,5.813e+00,5.196e+00,5.384e+00,4.999e+00,6.675e+00,6.742e+00,6.263e+00,7.299e+00,5.332e+00,5.698e+00,8.378e+00,5.777e+00,4.894e+00,7.863e+00,6.735e+00,7.466e+00,7.078e+00,7.035e+00,6.479e+00
1.720e-01,7.173e-01,1.594e+00,1.922e+00,1.181e+00,1.408e+00,2.851e+00,1.627e+00,2.728e+00,2.884e+00,2.340e+00,3.856e+00,3.857e+00,5.204e+00,3.453e+00,4.857e+00,4.851e+00,6.079e+00,5.638e+00,6.650e+00,7.054e+00,7.035e+00,7.477e+00,6.866e+00,7.616e+00,7.309e+00,8.899e+00,6.736e+00,6.664e+00,6.069e+00,6.797e+00,5.324e+00,5.993e+00,6.809e+00,6.709e+00,5.997e+00,6.849e+00,5.676e+00,6.219e+00,7.271e+00,8.057e+00,6.371e+00,6.881e+00,6.626e+00,6.913e+00,8.432e+00,6.857e+00,4.893e+00,9.092e+00,8.484e+00,7.428e+00,7.740e+00,8.762e+00,7.135e+00
6.083e-02,5.756e-01,1.086e+00,1.257e+00,9.259e-01,1.317e+00,2.661e+00,2.256e+00,2.473e+00,3.572e+00,2.475e+00,3.917e+00,3.332e+00,4.625e+00,2.973e+00,5.092e+00,4.605e+00,6.489e+00,6.296e+00,6.859e+00,6.484e+00,5.601e+00,7.275e+00,6.574e+00,7.901e+00,7.127e+00,7.427e+00,6.296e+00,6.394e+00,5.840e+00,6.500e+00,5.914e+00,6.757e+00,5.498e+00,5.646e+00,5.185e+00,6.010e+00,5.562e+00,6.538e+00,7.172e+00,6.859e+00,6.818e+00,7.393e+00,6.307e+00,6.035e+00,8.503e+00,7.035e+00,4.987e+00,7.668e+00,7.668e+00,7.563e+00,7.289e+00,6.381e+00,7.518e+00
5.906e-02,2.122e-01,8.292e-01,1.089e+00,9.280e-01,1.042e+00,1.704e+00,1.606e+00,2.862e+00,2.856e+00,2.477e+00,3.479e+00,3.147e+00,5.032e+00,3.022e+00,4.626e+00,4.083e+00,4.492e+00,4.662e+00,4.925e+00,5.552e+00,5.492e+00,6.635e+00,5.358e+00,5.654e+00,6.181e+00,6.254e+00,6.102e+00,6.155e+00,4.965e+00,5.721e+00,4.421e+00,5.320e+00,6.153e+00,5.142e+00,4.657e+00,6.676e+00,5.138e+00,5.302e+00,5.868e+00,6.209e+00,5.527e+00,6.290e+00,5.545e+00,5.835e+00,7.437e+00,5.384e+00,4.173e+00,7.113e+00,6.249e+00,5.997e+00,5.804e+00,6.730e+00,6.573e+00
1.090e-01,6.961e-01,1.359e+00,1.725e+00,1.073e+00,1.543e+00,2.767e+00,1.737e+00,2.623e+00,3.672e+00,2.746e+00,3.927e+00,3.306e+00,4.503e+00,2.744e+00,4.427e+00,4.683e+00,5.110e+00,4.684e+00,5.346e+00,5.640e+00,5.222e+00,6.743e+00,6.401e+00,5.960e+00,6.345e+00,7.367e+00,6.918e+00,6.858e+00,5.873e+00,6.412e+00,5.294e+00,6.652e+00,6.224e+00,6.597e+00,6.231e+00,6.429e+00,5.680e+00,6.712e+00,6.450e+00,7.453e+00,6.559e+00,6.057e+00,7.140e+00,6.726e+00,7.558e+00,6.897e+00,4.839e+00,8.310e+00,7.833e+00,7.608e+00,6.629e+00,7.189e+00,7.262e+00
1.228e-01,7.316e-01,1.340e+00,1.628e+00,1.080e+00,1.336e+00,3.056e+00,2.032e+00,3.635e+00,3.940e+00,3.410e+00,5.140e+00,4.808e+00,5.286e+00,3.389e+00,5.320e+00,4.752e+00,4.942e+00,5.469e+00,6.156e+00,6.258e+00,7.185e+00,7.320e+00,6.224e+00,6.634e+00,7.416e+00,7.546e+00,7.210e+00,8.016e+00,6.602e+00,7.329e+00,5.007e+00,7.691e+00,6.837e+00,6.021e+00,5.546e+00,6.396e+00,6.834e+00,6.832e+00,6.666e+00,7.635e+00,7.516e+00,7.103e+00,6.520e+00,6.982e+00,8.239e+00,6.501e+00,5.552e+00,8.129e+00,7.395e+00,7.084e+00,6.684e+00,7.987e+00,6.990e+00
1.148e-01,5.317e-01,1.330e+00,1.691e+00,1.097e+00,1.451e+00,2.368e+00,1.936e+00,2.841e+00,3.195e+00,2.793e+00,4.142e+00,3.856e+00,4.930e+00,2.669e+00,5.133e+00,4.877e+00,4.793e+00,5.097e+00,6.098e+00,5.413e+00,6.733e+00,6.291e+00,5.516e+00,7.070e+00,6.952e+00,7.145e+00,6.835e+00,8.130e+00,7.038e+00,7.404e+00,6.838e+00,6.781e+00,6.900e+00,6.904e+00,5.993e+00,6.955e+00,7.416e+00,6.755e+00,7.141e+00,8.376e+00,7.101e+00,7.144e+00,7.471e+00,8.756e+00,9.171e+00,6.818e+00,5.400e+00,8.277e+00,7.709e+00,7.814e+00,7.406e+00,8.488e+00,7.647e+00
7.385e-02,2.971e-01,4.270e-01,6.676e-01,4.226e-01,4.102e-01,1.455e+00,1.358e+00,2.348e+00,2.259e+00,2.607e+00,3.326e+00,3.154e+00,3.813e+00,2.676e+00,3.823e+00,2.994e+00,3.948e+00,4.725e+00,4.840e+00,4.972e+00,4.856e+00,5.411e+00,4.445e+00,5.891e+00,5.391e+00,7.022e+00,6.191e+00,6.466e+00,6.362e+00,5.899e+00,5.077e+00,6.572e+00,5.400e+00,6.038e+00,5.727e+00,6.730e+00,6.512e+00,6.435e+00,6.505e+00,6.376e+00,7.008e+00,5.709e+00,5.934e+00,6.090e+00,7.107e+00,6.392e+00,4.041e+00,7.807e+00,6.641e+00,6.607e+00,5.610e+00,7.359e+00,6.788e+00
1.464e-01,7.953e-01,1.497e+00,1.865e+00,1.149e+00,1.491e+00,3.180e+00,2.198e+00,3.222e+00,3.625e+00,2.750e+00,4.208e+00,4.062e+00,5.199e+00,2.866e+00,5.337e+00,4.693e+00,5.748e+00,5.927e+00,6.361e+00,6.274e+00,6.341e+00,7.178e+00,6.835e+00,7.470e+00,7.364e+00,8.306e+00,7.639e+00,7.233e+00,7.201e+00,7.785e+00,7.281e+00,8.386e+00,6.651e+00,9.213e+00,7.593e+00,7.758e+00,7.424e+00,8.356e+00,8.965e+00,9.294e+00,8.229e+00,8.900e+00,8.568e+00,8.181e+00,1.033e+01,8.773e+00,6.064e+00,9.687e+00,9.921e+00,9.207e+00,8.445e+00,8.141e+00,9.267e+00
1.245e-01,5.565e-01,1.282e+00,1.814e+00,1.335e+00,1.497e+00,3.002e+00,2.035e+00,3.155e+00,3.367e+00,2.344e+00,4.236e+00,3.696e+00,4.566e+00,2.446e+00,4.682e+00,4.445e+00,5.865e+00,5.362e+00,5.220e+00,5.671e+00,5.572e+00,6.212e+00,5.648e+00,6.178e+00,6.034e+00,6.809e+00,6.799e+00,7.201e+00,6.089e+00,6.944e+00,6.421e+00,7.592e+00,7.803e+00,8.683e+00,6.517e+00,8.036e+00,7.610e+00,8.620e+00,7.132e+00,8.003e+00,8.345e+00,7.387e+00,8.823e+00,7.748e+00,8.567e+00,7.674e+00,5.511e+00,8.176e+00,8.621e+00,7.703e+00,7.015e+00,8.176e+00,7.983e+00
1.551e-01,6.061e-01,9.566e-01,1.545e+00,7.380e-01,9.620e-01,2.237e+00,1.672e+00,2.625e+00,2.688e+00,2.521e+00,3.552e+00,3.156e+00,4.256e+00,2.600e+00,4.031e+00,4.055e+00,5.623e+00,5.064e+00,5.531e+00,5.498e+00,4.835e+00,6.479e+00,6.064e+00,7.428e+00,5.899e+00,8.765e+00,7.043e+00,7.374e+00,6.466e+00,7.016e+00,6.799e+00,8.981e+00,7.767e+00,8.818e+00,8.336e+00,7.989e+00,6.950e+00,7.799e+00,7.733e+00,9.034e+00,9.317e+00,8.346e+00,9.109e+00,8.182e+00,9.469e+00,9.574e+00,6.613e+00,9.801e+00,9.816e+00,8.082e+00,8.400e+00,8.983e+00,9.263e+00
1.485e-01,4.551e-01,8.221e-01,1.353e+00,8.177e-01,7.342e-01,2.093e+00,9.986e-01,2.392e+00,2.182e+00,2.299e+00,3.171e+00,2.817e+00,3.123e+00,1.947e+00,3.044e+00,3.705e+00,3.097e+00,3.669e+00,3.528e+00,3.830e+00,4.850e+00,5.132e+00,5.635e+00,5.482e+00,5.717e+00,6.703e+00,6.281e+00,6.382e+00,4.745e+00,6.244e+00,4.967e+00,6.295e+00,6.725e+00,7.533e+00,6.117e+00,6.745e+00,6.708e+00,7.842e+00,6.651e+00,8.462e+00,7.840e+00,7.709e+00,7.122e+00,6.869e+00,8.552e+00,6.959e+00,4.702e+00,7.799e+00,6.654e+00,8.030e+00,6.811e+00,6.540e+00,7.300e+00
1.399e-01,3.538e-01,7.122e-01,1.019e+00,4.209e-01,4.633e-01,1.225e+00,1.317e+00,2.698e+00,2.247e+00,2.676e+00,2.850e+00,2.796e+00,4.379e+00,2.455e+00,4.252e+00,4.056e+00,4.336e+00,5.162e+00,5.432e+00,5.195e+00,5.702e+00,6.717e+00,6.026e+00,7.482e+00,6.198e+00,7.921e+00,7.119e+00,7.116e+00,6.416e+00,6.847e+00,6.946e+00,7.246e+00,7.600e+00,8.596e+00,7.616e+00,9.139e+00,7.448e+00,8.203e+00,9.980e+00,1.012e+01,9.690e+00,9.900e+00,9.025e+00,9.552e+00,1.011e+01,8.460e+00,6.407e+00,1.013e+01,9.222e+00,9.478e+00,8.079e+00,8.647e+00,9.192e+00
2.604e-02,4.463e-01,5.877e-01,7.758e-01,6.439e-01,8.831e-01,2.292e+00,2.046e+00,2.689e+00,3.066e+00,2.570e+00,4.441e+00,3.849e+00,4.906e+00,3.852e+00,4.895e+00,5.469e+00,6.964e+00,6.666e+00,7.877e+00,7.060e+00,6.831e+00,8.162e+00,7.397e+00,8.530e+00,7.229e+00,9.435e+00,8.119e+00,8.862e+00,8.332e+00,8.345e+00,8.511e+00,9.064e+00,9.166e+00,9.116e+00,9.503e+00,1.057e+01,9.819e+00,1.014e+01,1.156e+01,1.128e+01,1.167e+01,1.107e+01,1.121e+01,1.082e+01,1.153e+01,9.974e+00,8.892e+00,1.246e+01,1.208e+01,1.108e+01,9.765e+00,1.041e+01,1.197e+01
9.953e-02,6.663e-01,1.440e+00,1.643e+00,1.187e+00,1.555e+00,3.013e+00,2.075e+00,2.604e+00,3.638e+00,2.881e+00,4.796e+00,4.222e+00,4.685e+00,3.413e+00,5.117e+00,5.591e+00,6.104e+00,5.818e+00,7.658e+00,6.572e+00,6.680e+00,7.121e+00,7.177e+00,8.636e+00,7.642e+00,9.025e+00,7.690e+00,8.166e+00,7.928e+00,8.089e+00,7.752e+00,8.770e+00,9.414e+00,9.480e+00,7.959e+00,9.306e+00,9.443e+00,1.048e+01,9.143e+00,1.075e+01,1.126e+01,1.006e+01,9.967e+00,1.009e+01,1.067e+01,1.065e+01,8.687e+00,1.134e+01,1.080e+01,1.015e+01,9.771e+00,9.725e+00,1.036e+01
1.711e-01,8.580e-01,1.313e+00,1.786e+00,7.221e-01,1.227e+00,2.592e+00,2.034e+00,3.217e+00,3.667e+00,3.314e+00,4.278e+00,3.891e+00,5.351e+00,3.274e+00,5.059e+00,4.898e+00,4.989e+00,5.394e+00,5.637e+00,5.885e+00,6.183e+00,6.844e+00,6.487e+00,7.210e+00,7.380e+00,8.556e+00,6.871e+00,7.965e+00,7.826e+00,8.046e+00,7.240e+00,9.420e+00,7.906e+00,9.959e+00,8.662e+00,9.311e+00,1.122e+01,1.041e+01,1.054e+01,1.191e+01,1.202e+01,9.928e+00,9.139e+00,1.062e+01,1.220e+01,1.072e+01,8.364e+00,1.113e+01,1.141e+01,1.026e+01,9.571e+00,1.096e+01,1.070e+01
1.748e-01,5.937e-01,1.355e+00,1.719e+00,1.178e+00,1.200e+00,2.947e+00,1.954e+00,3.082e+00,3.790e+00,3.533e+00,5.154e+00,4.473e+00,5.816e+00,4.671e+00,5.673e+00,5.554e+00,6.563e+00,5.993e+00,7.468e+00,7.893e+00,7.087e+00,8.797e+00,7.282e+00,8.597e+00,8.551e+00,9.304e+00,9.190e+00,9.576e+00,8.272e+00,8.412e+00,8.359e+00,1.021e+01,9.733e+00,1.086e+01,9.822e+00,1.141e+01,1.101e+01,1.215e+01,1.275e+01,1.400e+01,1.523e+01,1.340e+01,1.346e+01,1.171e+01,1.416e+01,1.214e+01,9.885e+00,1.367e+01,1.306e+01,1.238e+01,1.263e+01,1.194e+01,1.363e+01
2.415e-03,2.331e-01,6.046e-01,1.008e+00,8.328e-01,1.283e+00,1.788e+00,2.108e+00,2.527e+00,3.387e+00,2.634e+00,3.464e+00,2.518e+00,4.469e+00,2.255e+00,4.401e+00,3.724e+00,4.075e+00,4.548e+00,4.442e+00,4.475e+00,4.661e+00,5.821e+00,5.195e+00,4.925e+00,5.077e+00,5.552e+00,5.896e+00,6.173e+00,6.144e+00,6.708e+00,6.013e+00,7.217e+00,5.713e+00,7.678e+00,7.381e+00,7.619e+00,8.199e+00,7.441e+00,9.541e+00,9.122e+00,8.495e+00,9.330e+00,9.013e+00,8.644e+00,9.058e+00,8.282e+00,7.028e+00,8.908e+00,1.004e+01,9.288e+00,7.596e+00,7.596e+00,9.396e+00
1.110e-01,2.746e-01,8.519e-01,9.621e-01,5.379e-01,6.211e-01,1.059e+00,8.290e-01,1.614e+00,2.186e+00,2.439e+00,2.378e+00,2.279e+00,3.598e+00,2.811e+00,3.396e+00,3.305e+00,3.739e+00,3.773e+00,4.919e+00,5.288e+00,4.187e+00,5.856e+00,5.322e+00,6.007e+00,6.125e+00,7.485e+00,5.865e+00,6.371e+00,6.333e+00,5.733e+00,6.136e+00,6.587e+00,7.640e+00,7.822e+00,7.284e+00,8.031e+00,7.367e+00,8.005e+00,9.259e+00,1.013e+01,1.142e+01,1.044e+01,1.003e+01,9.552e+00,1.099e+01,1.025e+01,8.748e+00,1.110e+01,9.006e+00,8.249e+00,9.403e+00,9.659e+00,9.218e+00
1.276e-01,3.258e-01,6.709e-01,1.102e+00,6.543e-01,5.836e-01,1.621e+00,1.210e+00,2.836e+00,2.270e+00,2.978e+00,3.700e+00,3.576e+00,4.885e+00,3.301e+00,4.498e+00,4.388e+00,5.854e+00,6.122e+00,6.376e+00,6.745e+00,6.274e+00,7.390e+00,6.173e+00,8.050e+00,6.752e+00,8.763e+00,7.189e+00,8.535e+00,6.921e+00,7.852e+00,7.588e+00,8.672e+00,8.459e+00,8.854e+00,8.490e+00,9.236e+00,9.244e+00,1.019e+01,1.057e+01,1.129e+01,1.182e+01,1.177e+01,1.139e+01,1.076e+01,1.156e+01,1.180e+01,8.689e+00,1.305e+01,1.201e+01,1.160e+01,1.170e+01,1.165e+01,1.165e+01
1.225e-01,5.897e-01,1.359e+00,1.620e+00,1.086e+00,1.374e+00,2.649e+00,2.093e+00,3.335e+00,3.766e+00,3.523e+00,4.386e+00,4.289e+00,5.719e+00,3.418e+00,5.731e+00,5.512e+00,6.381e+00,6.974e+00,7.112e+00,6.836e+00,6.708e+00,7.623e+00,6.449e+00,7.473e+00,7.737e+00,8.138e+00,7.261e+00,8.683e+00,7.303e+00,7.114e+00,7.559e+00,9.017e+00,7.086e+00,9.908e+00,8.547e+00,1.020e+01,9.301e+00,1.120e+01,1.185e+01,1.301e+01,1.255e+01,1.279e+01,1.230e+01,1.144e+01,1.259e+01,1.219e+01,8.959e+00,1.345e+01,1.316e+01,1.244e+01,1.279e+01,1.186e+01,1.256e+01
5.999e-03,4.050e-02,2.913e-01,6.392e-01,5.966e-01,7.579e-01,1.053e+00,1.445e+00,1.466e+00,1.933e+00,2.249e+00,2.746e+00,2.320e+00,3.544e+00,2.016e+00,3.691e+00,3.066e+00,3.277e+00,4.176e+00,4.713e+00,3.960e+00,4.718e+00,4.825e+00,4.537e+00,6.135e+00,5.736e+00,6.599e+00,6.474e+00,5.840e+00,6.489e+00,6.495e+00,6.422e+00,7.187e+00,6.945e+00,8.370e+00,7.367e+00,8.944e+00,8.585e+00,8.492e+00,1.035e+01,1.112e+01,1.188e+01,1.131e+01,1.259e+01,1.080e+01,1.188e+01,1.054e+01,1.017e+01,1.170e+01,1.155e+01,1.072e+01,1.015e+01,1.120e+01,1.056e+01
1.075e-02,3.990e-01,8.362e-01,7.788e-01,7.918e-01,9.767e-01,2.065e+00,1.315e+00,2.628e+00,2.985e+00,2.168e+00,3.847e+00,3.424e+00,3.823e+00,2.874e+00,4.022e+00,4.381e+00,5.004e+00,4.942e+00,5.986e+00,6.037e+00,6.196e+00,6.621e+00,6.868e+00,7.009e+00,6.455e+00,8.439e+00,7.276e+00,7.215e+00,7.761e+00,7.511e+00,6.747e+00,8.314e+00,9.306e+00,9.062e+00,8.164e+00,9.088e+00,9.355e+00,9.649e+00,1.084e+01,1.116e+01,1.172e+01,1.196e+01,1.245e+01,1.265e+01,1.209e+01,1.187e+01,1.112e+01,1.413e+01,1.356e+01,1.260e+01,1.194e+01,1.161e+01,1.153e+01
1.551e-01,4.166e-01,1.145e+00,1.758e+00,1.086e+00,1.226e+00,2.085e+00,1.418e+00,2.737e+00,2.962e+00,3.511e+00,4.121e+00,3.813e+00,4.884e+00,2.757e+00,4.919e+00,4.855e+00,5.269e+00,5.570e+00,5.712e+00,5.832e+00,5.572e+00,6.295e+00,5.394e+00,7.343e+00,6.775e+00,8.247e+00,7.561e+00,8.374e+00,7.400e+00,7.561e+00,6.948e+00,8.746e+00,7.800e+00,9.863e+00,8.325e+00,9.442e+00,9.191e+00,1.040e+01,9.742e+00,1.156e+01,1.101e+01,1.102e+01,1.233e+01,1.210e+01,1.235e+01,1.263e+01,9.091e+00,1.295e+01,1.170e+01,1.304e+01,1.273e+01,1.270e+01,1.300e+01
4.407e-03,1.170e-01,3.788e-01,7.458e-01,6.951e-01,8.606e-01,1.257e+00,8.148e-01,1.636e+00,1.939e+00,1.934e+00,2.872e+00,2.288e+00,4.155e+00,3.168e+00,3.818e+00,5.401e+00,5.684e+00,4.947e+00,5.137e+00,5.879e+00,4.863e+00,7.374e+00,5.886e+00,6.882e+00,5.595e+00,7.122e+00,7.045e+00,7.021e+00,5.941e+00,6.533e+00,7.159e+00,7.419e+00,7.667e+00,8.545e+00,8.387e+00,9.390e+00,7.609e+00,9.311e+00,1.062e+01,1.084e+01,1.110e+01,1.017e+01,1.186e+01,1.119e+01,1.060e+01,1.199e+01,1.119e+01,1.383e+01,1.344e+01,1.304e+01,1.134e+01,1.297e+01,1.349e+01
1.683e-01,5.497e-01,1.244e+00,1.383e+00,7.912e-01,8.023e-01,2.043e+00,9.884e-01,2.650e+00,2.492e+00,2.497e+00,3.467e+00,3.326e+00,4.418e+00,3.445e+00,3.696e+00,4.753e+00,4.628e+00,4.444e+00,5.766e+00,5.871e+00,5.820e+00,5.697e+00,6.111e+00,5.412e+00,6.093e+00,6.585e+00,5.978e+00,6.786e+00,6.578e+00,6.551e+00,6.429e+00,7.113e+00,7.663e+00,8.322e+00,5.793e+00,8.905e+00,8.243e+00,9.413e+00,9.621e+00,1.056e+01,1.045e+01,1.046e+01,1.030e+01,1.149e+01,1.060e+01,1.033e+01,1.004e+01,1.175e+01,1.293e+01,1.158e+01,1.135e+01,1.165e+01,1.187e+01
1.092e-01,2.606e-01,6.989e-01,1.026e+00,8.436e-01,6.633e-01,1.953e+00,1.550e+00,3.283e+00,2.950e+00,2.911e+00,4.078e+00,3.479e+00,4.929e+00,3.213e+00,4.908e+00,4.636e+00,4.995e+00,5.118e+00,5.643e+00,5.881e+00,5.877e+00,7.549e+00,5.966e+00,6.461e+00,6.150e+00,5.956e+00,7.010e+00,7.925e+00,6.295e+00,7.706e+00,7.314e+00,7.643e+00,6.322e+00,8.344e+00,7.719e+00,8.812e+00,8.316e+00,8.412e+00,9.814e+00,9.073e+00,1.035e+01,1.034e+01,1.035e+01,1.014e+01,1.081e+01,9.230e+00,9.717e+00,1.141e+01,1.207e+01,1.205e+01,1.063e+01,1.081e+01,1.203e+01
5.268e-02,2.857e-01,3.831e-01,5.012e-01,4.693e-01,3.657e-01,1.725e+00,1.638e+00,3.019e+00,2.559e+00,2.465e+00,3.917e+00,3.430e+00,4.232e+00,3.120e+00,4.444e+00,4.167e+00,5.037e+00,5.519e+00,6.834e+00,6.113e+00,6.458e+00,6.895e+00,6.330e+00,7.753e+00,6.790e+00,8.683e+00,8.871e+00,8.520e+00,8.785e+00,8.199e+00,8.002e+00,9.273e+00,8.879e+00,9.345e+00,9.023e+00,1.105e+01,1.068e+01,1.078e+01,1.201e+01,1.257e+01,1.330e+01,1.198e+01,1.349e+01,1.290e+01,1.276e+01,1.300e+01,1.164e+01,1.439e+01,1.619e+01,1.475e+01,1.304e+01,1.337e+01,1.457e+01
1.443e-01,6.803e-01,1.156e+00,1.325e+00,7.900e-01,9.117e-01,2.685e+00,1.659e+00,3.079e+00,3.462e+00,3.433e+00,4.864e+00,4.383e+00,5.065e+00,4.035e+00,5.067e+00,5.283e+00,6.400e+00,6.727e+00,7.549e+00,7.643e+00,7.704e+00,8.368e+00,7.754e+00,8.654e+00,7.874e+00,1.022e+01,8.874e+00,9.725e+00,8.548e+00,8.993e+00,8.735e+00,9.648e+00,9.658e+00,9.652e+00,9.942e+00,1.142e+01,1.097e+01,1.217e+01,1.268e+01,1.320e+01,1.309e+01,1.325e+01,1.417e+01,1.395e+01,1.380e+01,1.332e+01,1.245e+01,1.635e+01,1.704e+01,1.649e+01,1.560e+01,1.639e+01,1.693e+01
8.595e-03,1.151e-01,1.954e-01,1.882e-01,4.000e-01,2.199e-01,1.166e+00,5.244e-01,1.823e+00,1.476e+00,1.824e+00,2.317e+00,2.151e+00,3.199e+00,2.519e+00,2.991e+00,3.567e+00,3.540e+00,4.112e+00,4.649e+00,4.648e+00,4.666e+00,5.519e+00,5.477e+00,5.882e+00,5.646e+00,7.181e+00,7.267e+00,6.192e+00,6.319e+00,5.993e+00,5.177e+00,7.453e+00,6.788e+00,7.639e+00,7.554e+00,9.574e+00,7.378e+00,9.285e+00,1.018e+01,1.082e+01,1.046e+01,1.039e+01,1.180e+01,1.072e+01,1.057e+01,1.093e+01,8.918e+00,1.267e+01,1.157e+01,1.292e+01,1.189e+01,1.145e+01,1.197e+01
5.164e-02,4.100e-01,9.577e-01,1.212e+00,1.075e+00,1.247e+00,2.474e+00,1.508e+00,2.690e+00,3.384e+00,2.662e+00,4.107e+00,3.327e+00,4.734e+00,3.276e+00,4.524e+00,4.465e+00,5.300e+00,4.505e+00,5.524e+00,6.052e+00,5.003e+00,6.292e+00,5.641e+00,5.353e+00,6.146e+00,6.279e+00,6.107e+00,6.574e+00,6.938e+00,6.909e+00,6.143e+00,8.241e+00,7.147e+00,8.900e+00,7.008e+00,7.701e+00,8.192e+00,8.892e+00,9.619e+00,9.683e+00,1.109e+01,1.033e+01,1.173e+01,9.487e+00,1.073e+01,9.959e+00,9.287e+00,1.168e+01,1.205e+01,1.282e+01,1.235e+01,1.251e+01,1.210e+01
4.619e-02,4.667e-01,7.496e-01,1.046e+00,8.077e-01,1.082e+00,2.383e+00,1.664e+00,2.049e+00,2.992e+00,2.807e+00,3.868e+00,3.262e+00,4.293e+00,3.054e+00,4.237e+00,3.522e+00,4.479e+00,5.050e+00,5.929e+00,5.921e+00,5.609e+00,5.632e+00,5.892e+00,6.141e+00,6.568e+00,7.678e+00,7.076e+00,6.320e+00,6.630e+00,6.887e+00,5.724e+00,7.762e+00,7.290e+00,7.642e+00,6.146e+00,7.659e+00,8.105e+00,9.909e+00,9.188e+00,1.004e+01,1.008e+01,1.118e+01,1.090e+01,1.031e+01,1.124e+01,1.042e+01,1.033e+01,1.075e+01,1.259e+01,1.253e+01,1.306e+01,1.226e+01,1.342e+01
