1.312e-01,3.589e-01,3.499e-01,5.957e-01,8.973e-01,5.450e-01,4.913e-02,8.072e-01,2.035e-01,6.604e-01,6.305e-01,4.374e-01,6.291e-01,3.176e-01,7.481e-01,4.249e-02,2.370e-01,7.046e-01,4.842e-01,9.020e-01,6.615e-01,9.953e-01,9.400e-01,4.796e-01,7.079e-01,4.077e-01,9.785e-01,3.545e-02,5.098e-01,2.264e-02,9.102e-01,3.905e-01,8.196e-01,8.855e-01,4.541e-01,1.429e-01,7.479e-01,2.527e-01,5.990e-01,5.449e-01,3.740e-01,8.405e-01,5.591e-01,7.540e-01,6.556e-01,5.637e-01,3.270e-01,6.750e-01,3.330e-01,8.862e-02,7.650e-01,1.437e-01,9.959e-01,2.215e-01,3.275e-01
1.070e-01,9.547e-01,4.056e-01,1.364e+00,1.436e+00,1.400e+00,4.771e-01,1.184e+00,3.942e-01,1.360e+00,1.269e+00,5.301e-01,1.241e+00,1.188e+00,1.207e+00,5.021e-01,4.541e-01,1.378e+00,1.130e+00,1.370e+00,8.286e-01,1.215e+00,1.763e+00,4.280e-01,1.037e+00,1.138e+00,1.662e+00,3.739e-02,1.317e+00,8.785e-01,9.310e-01,4.154e-01,7.234e-01,9.753e-01,1.042e+00,1.878e-01,8.346e-01,1.087e+00,1.293e+00,1.322e+00,9.371e-01,1.185e+00,1.071e+00,1.396e+00,1.439e+00,9.653e-01,1.034e+00,1.129e+00,6.125e-01,9.092e-01,6.814e-01,5.470e-01,1.232e+00,9.649e-01,2.843e-01
9.853e-02,6.500e-01,7.690e-01,1.001e+00,1.618e+00,1.952e+00,9.464e-01,9.457e-01,4.014e-01,1.715e+00,1.144e+00,1.390e+00,1.501e+00,1.471e+00,1.206e+00,4.120e-01,4.781e-01,1.197e+00,1.744e+00,1.681e+00,1.175e+00,1.969e+00,2.043e+00,1.029e+00,8.685e-01,1.405e+00,1.770e+00,7.550e-01,1.112e+00,1.116e+00,8.239e-01,5.785e-01,1.084e+00,1.793e+00,9.032e-01,1.145e+00,1.292e+00,1.205e+00,1.613e+00,1.335e+00,1.306e+00,1.589e+00,1.396e+00,1.041e+00,1.687e+00,1.709e+00,1.481e+00,1.205e+00,7.325e-01,7.405e-01,1.477e+00,1.301e+00,1.587e+00,8.983e-01,2.969e-01
3.926e-02,3.370e-01,4.935e-01,1.423e+00,1.907e+00,2.139e+00,1.068e+00,1.426e+00,3.885e-01,1.879e+00,7.129e-01,1.930e+00,1.478e+00,1.442e+00,8.445e-01,5.641e-01,1.096e+00,8.550e-01,1.527e+00,1.772e+00,1.066e+00,1.280e+00,2.068e+00,1.473e+00,1.236e+00,1.296e+00,1.762e+00,1.057e+00,9.530e-01,1.666e+00,4.621e-01,1.202e+00,1.305e+00,1.944e+00,1.231e+00,9.340e-01,1.539e+00,1.072e+00,1.301e+00,1.173e+00,1.284e+00,1.765e+00,1.573e+00,1.401e+00,1.253e+00,2.045e+00,1.273e+00,8.814e-01,7.887e-01,8.058e-01,1.548e+00,1.809e+00,1.391e+00,1.354e+00,1.036e+00
6.685e-02,2.177e-01,5.871e-01,8.105e-01,1.858e+00,2.258e+00,9.993e-01,1.024e+00,7.108e-01,1.900e+00,1.351e+00,1.930e+00,1.407e+00,1.842e+00,1.723e+00,8.287e-01,1.444e+00,7.731e-01,1.607e+00,2.020e+00,1.206e+00,1.838e+00,2.096e+00,1.315e+00,1.516e+00,1.396e+00,1.771e+00,1.767e+00,1.226e+00,1.633e+00,5.677e-01,1.622e+00,1.219e+00,2.603e+00,1.740e+00,1.764e+00,1.897e+00,1.286e+00,1.792e+00,9.247e-01,1.352e+00,2.377e+00,1.493e+00,1.752e+00,1.609e+00,2.258e+00,1.365e+00,9.383e-01,1.560e+00,1.397e+00,2.411e+00,1.540e+00,1.697e+00,7.887e-01,8.858e-01
6.002e-02,5.866e-01,3.085e-01,1.484e+00,1.996e+00,3.084e+00,1.307e+00,1.694e+00,1.211e+00,2.862e+00,1.718e+00,1.848e+00,2.115e+00,2.407e+00,2.395e+00,1.529e+00,2.372e+00,1.476e+00,1.597e+00,2.721e+00,1.550e+00,2.173e+00,2.498e+00,1.441e+00,2.701e+00,1.576e+00,2.491e+00,2.018e+00,2.163e+00,2.770e+00,9.450e-01,2.088e+00,1.076e+00,2.209e+00,2.030e+00,1.307e+00,2.497e+00,1.498e+00,2.388e+00,1.838e+00,1.358e+00,2.268e+00,1.884e+00,3.139e+00,1.642e+00,1.971e+00,1.802e+00,1.220e+00,2.288e+00,1.972e+00,1.939e+00,1.967e+00,2.314e+00,1.407e+00,1.136e+00
7.377e-02,6.808e-01,6.792e-01,1.868e+00,2.797e+00,3.636e+00,1.674e+00,2.439e+00,1.325e+00,3.464e+00,2.171e+00,3.619e+00,2.751e+00,3.271e+00,3.019e+00,2.362e+00,2.759e+00,1.818e+00,2.786e+00,3.114e+00,2.518e+00,3.186e+00,4.103e+00,2.783e+00,3.150e+00,2.362e+00,3.559e+00,3.152e+00,3.126e+00,3.681e+00,1.135e+00,2.836e+00,2.593e+00,3.600e+00,3.220e+00,2.213e+00,3.330e+00,2.355e+00,3.665e+00,2.605e+00,2.232e+00,3.749e+00,3.305e+00,3.034e+00,3.098e+00,3.054e+00,3.126e+00,2.082e+00,3.104e+00,3.074e+00,3.629e+00,3.036e+00,2.919e+00,2.144e+00,1.375e+00
4.524e-02,5.533e-01,5.581e-01,1.510e+00,2.058e+00,3.193e+00,1.571e+00,2.049e+00,1.857e+00,3.151e+00,2.274e+00,2.275e+00,3.164e+00,2.701e+00,2.512e+00,2.146e+00,2.564e+00,1.780e+00,2.874e+00,3.480e+00,2.599e+00,2.818e+00,2.772e+00,1.906e+00,2.903e+00,2.471e+00,2.648e+00,2.217e+00,2.628e+00,2.816e+00,8.660e-01,2.402e+00,2.164e+00,2.996e+00,1.878e+00,1.985e+00,3.152e+00,2.461e+00,3.022e+00,2.421e+00,1.871e+00,2.439e+00,3.076e+00,2.862e+00,2.457e+00,2.795e+00,2.867e+00,1.968e+00,2.322e+00,2.515e+00,1.940e+00,2.544e+00,2.852e+00,1.691e+00,1.744e+00
7.030e-02,5.130e-01,4.437e-01,1.517e+00,1.955e+00,2.777e+00,1.283e+00,2.152e+00,2.472e+00,3.109e+00,2.794e+00,3.200e+00,2.713e+00,3.204e+00,2.614e+00,2.072e+00,3.246e+00,2.226e+00,2.368e+00,3.595e+00,3.075e+00,3.519e+00,3.282e+00,2.535e+00,3.488e+00,2.848e+00,3.423e+00,3.152e+00,2.567e+00,2.818e+00,1.446e+00,2.405e+00,2.535e+00,2.751e+00,2.750e+00,1.677e+00,3.259e+00,2.602e+00,3.416e+00,2.391e+00,2.177e+00,2.480e+00,3.382e+00,3.097e+00,2.859e+00,2.942e+00,2.676e+00,2.779e+00,2.468e+00,3.038e+00,2.368e+00,2.607e+00,3.498e+00,2.476e+00,2.379e+00
3.415e-03,3.532e-01,2.470e-01,9.083e-01,1.180e+00,2.372e+00,1.202e+00,1.776e+00,2.849e+00,3.570e+00,3.895e+00,3.186e+00,3.595e+00,3.971e+00,3.798e+00,2.861e+00,4.264e+00,2.428e+00,2.752e+00,3.934e+00,3.826e+00,4.072e+00,3.463e+00,2.920e+00,3.835e+00,3.481e+00,4.027e+00,4.086e+00,3.742e+00,3.566e+00,1.758e+00,3.129e+00,3.335e+00,2.515e+00,3.678e+00,1.966e+00,3.994e+00,3.412e+00,4.178e+00,3.130e+00,2.264e+00,2.997e+00,3.923e+00,3.110e+00,3.473e+00,3.064e+00,3.492e+00,3.724e+00,3.323e+00,4.047e+00,2.426e+00,2.848e+00,4.314e+00,2.515e+00,2.543e+00
7.220e-02,3.802e-01,4.871e-01,6.761e-01,1.141e+00,2.014e+00,9.681e-01,1.088e+00,1.479e+00,2.285e+00,2.957e+00,1.747e+00,2.845e+00,2.730e+00,2.871e+00,1.266e+00,2.864e+00,2.175e+00,2.095e+00,2.709e+00,2.568e+00,3.297e+00,2.624e+00,1.961e+00,2.723e+00,2.459e+00,2.319e+00,2.478e+00,1.869e+00,2.526e+00,1.332e+00,1.469e+00,2.560e+00,2.705e+00,2.017e+00,1.429e+00,3.047e+00,1.991e+00,3.054e+00,2.557e+00,2.311e+00,2.555e+00,2.495e+00,2.355e+00,2.718e+00,2.318e+00,2.735e+00,2.105e+00,1.713e+00,2.051e+00,1.840e+00,1.979e+00,2.637e+00,2.094e+00,1.302e+00
1.166e-01,4.266e-01,5.264e-01,1.223e+00,2.121e+00,2.882e+00,1.180e+00,2.333e+00,2.719e+00,3.390e+00,3.760e+00,4.125e+00,3.501e+00,3.837e+00,4.178e+00,3.481e+00,4.896e+00,3.273e+00,3.446e+00,4.395e+00,4.230e+00,4.986e+00,3.837e+00,3.090e+00,5.165e+00,3.780e+00,3.701e+00,4.426e+00,3.977e+00,3.373e+00,2.414e+00,3.616e+00,3.920e+00,4.413e+00,4.435e+00,3.264e+00,4.573e+00,3.081e+00,4.648e+00,3.643e+00,3.106e+00,4.306e+00,4.206e+00,4.443e+00,4.289e+00,4.308e+00,3.673e+00,3.604e+00,4.002e+00,4.168e+00,4.205e+00,2.846e+00,4.894e+00,2.766e+00,3.151e+00
6.517e-02,2.969e-01,4.891e-01,8.740e-01,1.369e+00,1.961e+00,9.679e-01,1.563e+00,2.017e+00,2.359e+00,2.802e+00,3.286e+00,3.417e+00,3.353e+00,2.700e+00,2.304e+00,4.214e+00,2.914e+00,3.559e+00,3.937e+00,3.956e+00,4.418e+00,3.835e+00,3.563e+00,4.080e+00,3.857e+00,3.515e+00,3.361e+00,3.071e+00,2.558e+00,1.979e+00,2.413e+00,3.432e+00,3.269e+00,3.935e+00,2.556e+00,3.305e+00,2.758e+00,4.290e+00,2.914e+00,3.519e+00,2.979e+00,3.969e+00,2.883e+00,3.979e+00,3.810e+00,3.518e+00,3.272e+00,2.883e+00,3.749e+00,3.686e+00,2.868e+00,3.976e+00,2.941e+00,2.387e+00
1.086e-01,9.375e-01,7.108e-01,1.693e+00,2.546e+00,3.395e+00,1.449e+00,2.208e+00,2.847e+00,4.145e+00,5.541e+00,3.264e+00,4.624e+00,5.457e+00,5.149e+00,2.980e+00,5.126e+00,4.025e+00,3.877e+00,5.940e+00,5.203e+00,5.172e+00,5.086e+00,3.251e+00,5.241e+00,5.668e+00,5.352e+00,4.233e+00,4.489e+00,4.785e+00,2.857e+00,4.060e+00,4.182e+00,4.984e+00,5.253e+00,3.111e+00,5.396e+00,4.564e+00,5.378e+00,4.525e+00,4.358e+00,5.676e+00,4.591e+00,5.051e+00,5.222e+00,4.991e+00,5.061e+00,4.954e+00,3.889e+00,5.146e+00,4.463e+00,3.375e+00,5.113e+00,3.684e+00,3.209e+00
1.258e-01,7.586e-01,6.052e-01,1.704e+00,2.559e+00,3.203e+00,1.291e+00,2.597e+00,2.318e+00,3.860e+00,4.584e+00,3.363e+00,4.458e+00,4.603e+00,5.253e+00,3.960e+00,5.859e+00,3.872e+00,4.290e+00,6.094e+00,4.956e+00,5.603e+00,5.096e+00,3.400e+00,6.162e+00,5.356e+00,4.954e+00,4.768e+00,5.621e+00,4.828e+00,3.288e+00,4.830e+00,4.616e+00,5.999e+00,5.941e+00,3.743e+00,5.752e+00,4.524e+00,5.760e+00,5.174e+00,4.097e+00,5.974e+00,4.562e+00,5.988e+00,5.155e+00,4.777e+00,5.157e+00,4.971e+00,4.288e+00,5.149e+00,5.454e+00,4.072e+00,5.447e+00,3.646e+00,3.102e+00
3.855e-02,4.074e-01,4.903e-01,7.579e-01,1.400e+00,2.264e+00,1.098e+00,1.029e+00,1.070e+00,2.478e+00,2.669e+00,2.002e+00,3.198e+00,3.356e+00,3.151e+00,2.846e+00,3.890e+00,3.048e+00,4.129e+00,5.036e+00,3.672e+00,4.124e+00,4.226e+00,3.588e+00,4.565e+00,4.388e+00,3.677e+00,3.599e+00,3.807e+00,3.637e+00,2.855e+00,3.363e+00,3.462e+00,4.028e+00,4.258e+00,2.749e+00,4.005e+00,3.772e+00,4.219e+00,3.255e+00,3.563e+00,3.841e+00,3.120e+00,3.547e+00,3.807e+00,4.157e+00,3.840e+00,3.919e+00,3.752e+00,3.483e+00,3.974e+00,3.372e+00,3.523e+00,2.519e+00,1.404e+00
9.861e-02,5.594e-01,7.254e-01,1.316e+00,2.170e+00,2.565e+00,1.184e+00,2.282e+00,1.899e+00,2.824e+00,2.923e+00,3.746e+00,3.388e+00,3.436e+00,3.342e+00,3.441e+00,4.698e+00,3.901e+00,4.789e+00,5.262e+00,5.034e+00,4.924e+00,4.299e+00,3.927e+00,5.129e+00,4.624e+00,3.825e+00,3.636e+00,4.287e+00,3.985e+00,2.323e+00,3.850e+00,4.368e+00,5.025e+00,4.191e+00,3.581e+00,4.446e+00,3.531e+00,4.757e+00,4.526e+00,4.224e+00,4.751e+00,5.015e+00,3.791e+00,5.409e+00,5.028e+00,4.329e+00,4.215e+00,4.230e+00,4.331e+00,4.911e+00,3.432e+00,4.895e+00,2.751e+00,2.783e+00
1.262e-01,9.542e-01,4.639e-01,1.553e+00,1.730e+00,1.821e+00,6.736e-01,1.820e+00,1.295e+00,2.520e+00,2.899e+00,2.596e+00,2.758e+00,3.153e+00,3.137e+00,2.441e+00,4.357e+00,4.352e+00,4.290e+00,5.581e+00,3.918e+00,5.439e+00,4.645e+00,3.681e+00,5.485e+00,4.388e+00,5.165e+00,3.371e+00,4.289e+00,4.077e+00,3.378e+00,3.645e+00,4.040e+00,3.431e+00,5.241e+00,2.388e+00,3.525e+00,4.001e+00,4.534e+00,5.337e+00,4.054e+00,4.050e+00,3.986e+00,4.764e+00,5.266e+00,4.121e+00,4.147e+00,4.643e+00,4.045e+00,4.378e+00,4.782e+00,3.425e+00,5.364e+00,3.695e+00,2.121e+00
1.180e-01,3.648e-01,4.670e-01,8.198e-01,1.317e+00,1.676e+00,6.814e-01,1.372e+00,1.320e+00,2.071e+00,2.074e+00,2.925e+00,2.057e+00,2.523e+00,2.658e+00,2.952e+00,4.386e+00,3.881e+00,3.849e+00,5.717e+00,4.677e+00,5.318e+00,4.536e+00,3.975e+00,6.041e+00,4.191e+00,4.286e+00,4.796e+00,3.921e+00,3.538e+00,3.642e+00,3.618e+00,3.857e+00,5.022e+00,5.220e+00,3.055e+00,4.224e+00,3.230e+00,4.642e+00,4.413e+00,3.732e+00,3.823e+00,3.690e+00,5.296e+00,4.214e+00,4.344e+00,4.091e+00,5.318e+00,4.635e+00,3.997e+00,5.269e+00,4.162e+00,4.910e+00,3.827e+00,3.221e+00
2.821e-02,3.318e-01,2.545e-01,7.700e-01,1.128e+00,1.755e+00,8.152e-01,1.442e+00,1.769e+00,2.673e+00,3.512e+00,2.864e+00,3.610e+00,3.956e+00,3.777e+00,3.251e+00,5.793e+00,4.232e+00,4.397e+00,6.978e+00,6.820e+00,5.243e+00,5.496e+00,4.887e+00,6.724e+00,5.359e+00,5.613e+00,5.400e+00,5.545e+00,4.993e+00,3.668e+00,5.129e+00,4.646e+00,5.099e+00,6.110e+00,3.673e+00,4.993e+00,4.631e+00,6.065e+00,5.839e+00,5.526e+00,4.937e+00,5.573e+00,5.251e+00,6.252e+00,5.383e+00,5.976e+00,6.350e+00,6.029e+00,5.979e+00,6.328e+00,4.956e+00,5.899e+00,4.769e+00,3.714e+00
1.009e-01,6.714e-01,7.061e-01,1.556e+00,2.388e+00,3.086e+00,1.378e+00,1.859e+00,2.179e+00,3.371e+00,3.420e+00,3.086e+00,3.163e+00,3.869e+00,3.368e+00,2.314e+00,4.318e+00,3.086e+00,3.733e+00,6.561e+00,5.778e+00,5.338e+00,5.730e+00,3.869e+00,6.065e+00,4.591e+00,6.199e+00,5.277e+00,5.258e+00,4.611e+00,3.279e+00,4.421e+00,3.731e+00,6.204e+00,5.984e+00,4.346e+00,4.322e+00,4.836e+00,6.059e+00,4.302e+00,5.061e+00,4.574e+00,5.405e+00,5.817e+00,5.302e+00,5.694e+00,5.522e+00,6.203e+00,4.841e+00,5.624e+00,6.426e+00,5.695e+00,6.334e+00,5.230e+00,3.732e+00
4.620e-02,5.656e-01,5.761e-01,8.722e-01,1.607e+00,2.935e+00,1.415e+00,1.226e+00,2.394e+00,3.105e+00,4.098e+00,3.274e+00,3.408e+00,4.659e+00,4.137e+00,3.168e+00,6.269e+00,4.912e+00,5.022e+00,7.911e+00,6.944e+00,7.600e+00,6.622e+00,5.076e+00,8.388e+00,6.740e+00,6.673e+00,7.429e+00,6.608e+00,6.492e+00,4.501e+00,5.799e+00,4.958e+00,7.580e+00,6.908e+00,5.500e+00,5.660e+00,5.625e+00,8.009e+00,7.098e+00,7.186e+00,6.408e+00,6.728e+00,7.070e+00,7.890e+00,6.578e+00,7.226e+00,7.330e+00,6.910e+00,7.662e+00,8.176e+00,7.042e+00,7.839e+00,6.559e+00,4.814e+00
6.122e-02,4.871e-01,2.406e-01,9.629e-01,1.113e+00,1.094e+00,4.140e-01,1.184e+00,1.323e+00,1.789e+00,2.570e+00,1.964e+00,2.001e+00,2.651e+00,2.385e+00,1.719e+00,3.796e+00,3.112e+00,3.149e+00,4.971e+00,4.185e+00,4.625e+00,4.285e+00,3.671e+00,6.164e+00,4.568e+00,5.944e+00,4.651e+00,4.504e+00,5.002e+00,3.787e+00,4.260e+00,4.119e+00,4.303e+00,5.075e+00,3.101e+00,3.485e+00,4.829e+00,4.673e+00,4.767e+00,5.351e+00,4.721e+00,4.625e+00,4.370e+00,5.518e+00,4.353e+00,5.048e+00,5.179e+00,4.467e+00,5.390e+00,5.559e+00,5.017e+00,6.232e+00,5.142e+00,3.403e+00
5.721e-02,2.393e-01,3.940e-01,5.962e-01,1.256e+00,2.034e+00,9.332e-01,1.344e+00,1.813e+00,2.444e+00,2.537e+00,3.566e+00,2.613e+00,3.629e+00,3.042e+00,2.879e+00,4.214e+00,3.211e+00,3.609e+00,5.039e+00,4.705e+00,5.505e+00,4.742e+00,4.727e+00,6.622e+00,5.007e+00,5.942e+00,5.487e+00,5.021e+00,5.826e+00,4.535e+00,4.920e+00,4.728e+00,5.474e+00,5.395e+00,4.636e+00,4.872e+00,4.707e+00,5.936e+00,5.573e+00,5.842e+00,5.978e+00,5.234e+00,4.606e+00,5.607e+00,5.053e+00,5.533e+00,5.057e+00,5.441e+00,6.626e+00,6.923e+00,5.004e+00,6.646e+00,4.822e+00,4.242e+00
5.731e-02,1.685e-01,3.537e-01,4.320e-01,9.753e-01,1.723e+00,7.947e-01,1.019e+00,1.982e+00,2.367e+00,3.540e+00,2.638e+00,3.390e+00,3.904e+00,3.356e+00,2.048e+00,5.406e+00,4.104e+00,4.252e+00,6.114e+00,5.318e+00,5.970e+00,4.988e+00,5.172e+00,7.295e+00,5.576e+00,6.088e+00,5.183e+00,5.196e+00,6.269e+00,4.133e+00,5.283e+00,5.619e+00,5.185e+00,5.845e+00,3.855e+00,5.640e+00,5.332e+00,6.770e+00,6.480e+00,6.883e+00,5.728e+00,6.269e+00,5.075e+00,7.187e+00,5.783e+00,6.173e+00,5.851e+00,5.488e+00,6.655e+00,6.275e+00,4.898e+00,7.029e+00,5.238e+00,4.949e+00
4.550e-02,3.695e-01,4.680e-01,8.562e-01,1.600e+00,2.409e+00,1.125e+00,1.722e+00,2.500e+00,3.193e+00,3.780e+00,3.317e+00,3.535e+00,4.148e+00,3.936e+00,3.204e+00,4.833e+00,3.194e+00,4.113e+00,6.474e+00,6.358e+00,5.984e+00,5.971e+00,4.602e+00,7.505e+00,5.612e+00,7.894e+00,7.300e+00,7.761e+00,7.159e+00,4.557e+00,7.072e+00,6.283e+00,7.123e+00,7.374e+00,5.442e+00,6.574e+00,6.275e+00,8.259e+00,7.168e+00,6.461e+00,6.603e+00,7.807e+00,6.860e+00,8.175e+00,6.503e+00,7.905e+00,7.906e+00,7.283e+00,8.585e+00,7.643e+00,6.490e+00,8.454e+00,6.116e+00,5.973e+00
9.913e-02,6.384e-01,7.025e-01,1.326e+00,1.926e+00,2.889e+00,1.405e+00,1.968e+00,1.586e+00,3.686e+00,2.906e+00,3.714e+00,3.554e+00,3.881e+00,3.547e+00,2.634e+00,4.630e+00,4.135e+00,4.384e+00,6.507e+00,6.206e+00,6.364e+00,5.827e+00,5.197e+00,7.038e+00,5.394e+00,8.280e+00,6.892e+00,7.837e+00,7.858e+00,5.624e+00,6.906e+00,6.257e+00,6.621e+00,6.007e+00,5.547e+00,6.590e+00,5.935e+00,8.012e+00,8.738e+00,7.284e+00,7.426e+00,8.108e+00,6.893e+00,8.570e+00,7.030e+00,7.128e+00,7.709e+00,7.455e+00,6.730e+00,7.491e+00,6.860e+00,9.703e+00,6.415e+00,5.672e+00
7.484e-02,8.526e-01,6.247e-01,1.614e+00,2.343e+00,3.024e+00,1.341e+00,2.221e+00,2.582e+00,3.897e+00,5.463e+00,3.897e+00,5.000e+00,5.569e+00,5.486e+00,4.049e+00,7.168e+00,5.381e+00,5.893e+00,7.889e+00,6.887e+00,7.318e+00,6.846e+00,5.298e+00,9.299e+00,7.550e+00,7.921e+00,7.300e+00,8.747e+00,8.614e+00,5.242e+00,7.748e+00,7.406e+00,7.749e+00,9.414e+00,5.452e+00,7.617e+00,8.430e+00,9.337e+00,9.375e+00,8.677e+00,8.866e+00,7.762e+00,8.440e+00,9.661e+00,7.812e+00,9.145e+00,8.405e+00,7.777e+00,9.459e+00,8.301e+00,6.777e+00,8.738e+00,7.611e+00,6.259e+00
3.296e-02,5.026e-01,5.761e-01,1.357e+00,2.080e+00,2.630e+00,1.297e+00,2.041e+00,2.221e+00,3.023e+00,3.317e+00,3.653e+00,3.452e+00,4.110e+00,3.252e+00,3.308e+00,4.192e+00,3.225e+00,4.600e+00,5.884e+00,5.094e+00,4.914e+00,5.430e+00,4.805e+00,6.413e+00,5.508e+00,7.079e+00,6.945e+00,7.639e+00,7.619e+00,5.723e+00,7.638e+00,6.422e+00,7.426e+00,7.426e+00,5.169e+00,7.062e+00,8.146e+00,8.534e+00,7.912e+00,8.000e+00,8.246e+00,7.572e+00,7.240e+00,8.434e+00,7.021e+00,7.206e+00,7.970e+00,7.671e+00,7.946e+00,7.238e+00,6.702e+00,8.082e+00,6.901e+00,5.798e+00
1.252e-02,5.450e-01,1.501e-01,1.002e+00,1.270e+00,1.755e+00,7.345e-01,1.629e+00,2.555e+00,2.271e+00,4.118e+00,2.379e+00,3.473e+00,3.943e+00,3.866e+00,3.515e+00,6.113e+00,4.189e+00,5.140e+00,7.309e+00,6.005e+00,6.112e+00,6.020e+00,4.930e+00,8.815e+00,6.061e+00,7.179e+00,7.559e+00,8.033e+00,8.263e+00,5.834e+00,7.911e+00,7.606e+00,7.565e+00,8.630e+00,4.870e+00,7.239e+00,9.204e+00,9.255e+00,9.239e+00,8.930e+00,6.818e+00,8.289e+00,8.228e+00,9.790e+00,6.985e+00,8.174e+00,8.996e+00,8.323e+00,9.600e+00,8.286e+00,6.959e+00,8.732e+00,7.916e+00,5.905e+00
8.743e-02,7.242e-01,4.676e-01,1.776e+00,2.473e+00,3.430e+00,1.456e+00,2.374e+00,2.396e+00,4.261e+00,4.322e+00,3.870e+00,4.349e+00,5.097e+00,4.898e+00,3.300e+00,6.931e+00,4.552e+00,5.276e+00,7.732e+00,5.997e+00,7.331e+00,7.021e+00,6.244e+00,9.162e+00,6.439e+00,9.163e+00,7.790e+00,8.644e+00,9.749e+00,6.397e+00,8.140e+00,8.000e+00,8.735e+00,9.566e+00,5.917e+00,7.517e+00,8.431e+00,9.670e+00,9.693e+00,9.440e+00,9.299e+00,8.918e+00,9.734e+00,9.325e+00,8.204e+00,8.596e+00,8.767e+00,8.531e+00,1.008e+01,9.416e+00,8.036e+00,1.113e+01,8.358e+00,6.339e+00
1.988e-02,8.339e-02,3.294e-01,4.763e-01,1.201e+00,1.725e+00,8.198e-01,1.177e+00,1.720e+00,2.017e+00,2.921e+00,3.536e+00,2.691e+00,3.757e+00,3.099e+00,3.187e+00,4.919e+00,3.991e+00,4.668e+00,6.190e+00,5.956e+00,6.018e+00,5.521e+00,5.628e+00,8.457e+00,5.896e+00,6.929e+00,6.847e+00,7.468e+00,8.545e+00,6.090e+00,7.972e+00,7.504e+00,7.841e+00,8.320e+00,6.654e+00,7.866e+00,8.663e+00,9.160e+00,9.109e+00,9.743e+00,9.017e+00,8.272e+00,7.667e+00,9.214e+00,8.323e+00,8.185e+00,8.739e+00,8.118e+00,8.906e+00,9.469e+00,7.188e+00,9.335e+00,7.977e+00,6.299e+00
5.898e-02,1.844e-01,3.717e-01,4.998e-01,1.166e+00,2.142e+00,9.635e-01,1.057e+00,1.378e+00,2.690e+00,3.072e+00,2.136e+00,3.689e+00,3.615e+00,3.599e+00,2.329e+00,5.275e+00,3.953e+00,4.623e+00,7.078e+00,5.928e+00,6.017e+00,5.707e+00,5.317e+00,7.925e+00,5.741e+00,7.450e+00,6.872e+00,6.852e+00,7.779e+00,5.940e+00,7.558e+00,7.038e+00,8.259e+00,7.949e+00,6.333e+00,7.725e+00,7.137e+00,8.863e+00,8.899e+00,9.736e+00,8.400e+00,8.342e+00,9.052e+00,9.483e+00,7.462e+00,8.504e+00,7.892e+00,9.392e+00,7.779e+00,9.293e+00,7.761e+00,9.665e+00,7.748e+00,6.688e+00
1.296e-01,7.953e-01,7.061e-01,1.873e+00,2.484e+00,3.356e+00,1.495e+00,2.537e+00,1.965e+00,3.987e+00,3.321e+00,3.284e+00,4.623e+00,4.021e+00,3.953e+00,3.943e+00,5.104e+00,4.748e+00,5.957e+00,8.241e+00,6.428e+00,6.374e+00,6.186e+00,5.395e+00,9.370e+00,6.422e+00,8.386e+00,6.312e+00,8.224e+00,8.689e+00,7.282e+00,8.773e+00,7.916e+00,8.808e+00,9.401e+00,7.089e+00,9.878e+00,1.043e+01,1.015e+01,9.930e+00,1.025e+01,9.464e+00,9.199e+00,1.120e+01,9.878e+00,8.865e+00,9.734e+00,1.056e+01,9.310e+00,8.045e+00,9.958e+00,9.117e+00,1.070e+01,8.542e+00,7.796e+00
1.025e-01,5.791e-01,4.728e-01,1.682e+00,2.098e+00,2.835e+00,1.268e+00,2.530e+00,2.289e+00,3.769e+00,4.022e+00,4.516e+00,4.678e+00,5.048e+00,4.359e+00,3.803e+00,7.146e+00,5.825e+00,5.866e+00,8.372e+00,7.801e+00,7.322e+00,7.232e+00,6.971e+00,9.022e+00,6.795e+00,8.254e+00,7.111e+00,7.502e+00,8.536e+00,6.145e+00,7.317e+00,7.588e+00,8.978e+00,1.097e+01,6.910e+00,9.406e+00,8.530e+00,1.071e+01,9.914e+00,1.001e+01,9.686e+00,9.841e+00,1.042e+01,9.801e+00,9.558e+00,8.757e+00,1.079e+01,9.298e+00,8.770e+00,1.084e+01,9.438e+00,9.942e+00,9.246e+00,8.098e+00
2.306e-02,6.064e-01,1.850e-01,1.014e+00,1.279e+00,2.077e+00,8.926e-01,1.345e+00,1.697e+00,2.357e+00,3.400e+00,2.605e+00,3.232e+00,4.022e+00,3.581e+00,3.521e+00,5.060e+00,4.263e+00,4.606e+00,5.866e+00,4.946e+00,5.388e+00,5.825e+00,5.272e+00,8.797e+00,6.086e+00,7.641e+00,7.527e+00,7.455e+00,9.454e+00,7.028e+00,7.521e+00,8.081e+00,8.479e+00,9.304e+00,6.595e+00,9.826e+00,9.867e+00,1.049e+01,1.008e+01,1.147e+01,9.688e+00,9.072e+00,9.906e+00,1.063e+01,8.291e+00,9.751e+00,9.599e+00,9.524e+00,1.014e+01,9.658e+00,8.184e+00,9.864e+00,9.524e+00,7.807e+00
1.005e-02,5.474e-01,2.656e-01,1.571e+00,1.945e+00,2.932e+00,1.355e+00,1.637e+00,1.728e+00,3.158e+00,2.616e+00,3.194e+00,2.996e+00,3.885e+00,2.900e+00,3.196e+00,5.201e+00,4.150e+00,4.804e+00,6.852e+00,5.132e+00,5.386e+00,5.560e+00,5.216e+00,8.132e+00,5.774e+00,7.585e+00,6.757e+00,7.049e+00,8.461e+00,5.956e+00,7.153e+00,6.095e+00,7.855e+00,8.867e+00,6.705e+00,8.374e+00,8.957e+00,9.621e+00,8.127e+00,9.826e+00,8.549e+00,8.090e+00,1.011e+01,9.084e+00,9.287e+00,8.320e+00,8.888e+00,9.329e+00,9.360e+00,9.292e+00,9.168e+00,9.957e+00,8.125e+00,7.231e+00
9.729e-02,4.358e-01,6.630e-01,1.035e+00,1.948e+00,2.438e+00,1.079e+00,1.607e+00,2.244e+00,2.850e+00,3.930e+00,3.656e+00,3.165e+00,4.166e+00,3.877e+00,3.045e+00,5.504e+00,4.173e+00,4.220e+00,7.013e+00,6.515e+00,6.040e+00,5.719e+00,4.606e+00,7.655e+00,5.819e+00,6.799e+00,7.506e+00,7.379e+00,7.724e+00,6.348e+00,7.496e+00,7.007e+00,9.340e+00,9.406e+00,7.342e+00,9.752e+00,1.056e+01,1.110e+01,1.103e+01,1.083e+01,9.972e+00,9.311e+00,1.158e+01,9.910e+00,1.003e+01,9.450e+00,1.065e+01,9.889e+00,1.051e+01,1.145e+01,8.812e+00,1.052e+01,9.989e+00,8.782e+00
8.907e-02,5.885e-01,4.195e-01,1.344e+00,1.769e+00,2.701e+00,1.197e+00,2.076e+00,2.165e+00,3.268e+00,3.530e+00,3.335e+00,3.520e+00,4.077e+00,3.734e+00,2.444e+00,5.224e+00,4.074e+00,3.918e+00,5.917e+00,5.627e+00,5.820e+00,5.639e+00,5.508e+00,8.199e+00,5.163e+00,7.679e+00,6.407e+00,6.464e+00,9.042e+00,5.478e+00,6.485e+00,6.834e+00,7.687e+00,8.010e+00,5.827e+00,8.960e+00,8.377e+00,9.693e+00,1.005e+01,1.066e+01,9.568e+00,8.940e+00,9.005e+00,1.026e+01,7.864e+00,8.979e+00,8.609e+00,8.646e+00,1.020e+01,9.814e+00,8.430e+00,1.000e+01,8.892e+00,7.804e+00
2.741e-02,1.012e-01,1.610e-01,1.750e-01,5.889e-01,9.748e-01,4.136e-01,9.150e-01,1.276e+00,1.454e+00,2.656e+00,1.921e+00,2.440e+00,2.877e+00,2.948e+00,2.636e+00,3.658e+00,2.652e+00,2.973e+00,4.142e+00,4.284e+00,4.092e+00,4.083e+00,4.088e+00,6.160e+00,4.773e+00,5.724e+00,6.226e+00,5.850e+00,7.233e+00,5.938e+00,6.337e+00,6.987e+00,7.678e+00,6.888e+00,6.607e+00,8.827e+00,8.614e+00,8.981e+00,9.641e+00,1.020e+01,1.006e+01,8.058e+00,8.522e+00,9.265e+00,7.935e+00,9.098e+00,8.787e+00,8.893e+00,9.338e+00,1.009e+01,8.069e+00,8.703e+00,7.609e+00,7.158e+00
1.099e-01,7.684e-01,4.069e-01,1.618e+00,2.043e+00,2.144e+00,7.772e-01,1.998e+00,1.951e+00,2.486e+00,3.157e+00,2.634e+00,3.098e+00,3.577e+00,2.965e+00,2.357e+00,4.883e+00,3.990e+00,4.131e+00,6.797e+00,6.197e+00,5.028e+00,5.724e+00,4.524e+00,7.100e+00,5.172e+00,6.645e+00,5.095e+00,6.717e+00,6.672e+00,5.256e+00,6.631e+00,6.069e+00,7.640e+00,8.829e+00,5.531e+00,7.248e+00,8.384e+00,9.383e+00,9.710e+00,1.056e+01,8.535e+00,8.804e+00,1.048e+01,1.049e+01,9.277e+00,9.218e+00,1.031e+01,1.020e+01,1.051e+01,1.197e+01,9.119e+00,9.418e+00,9.052e+00,7.750e+00
1.102e-02,1.024e-01,1.785e-01,3.677e-01,7.634e-01,1.109e+00,5.288e-01,1.169e+00,1.936e+00,2.108e+00,3.674e+00,3.260e+00,3.316e+00,3.718e+00,3.747e+00,3.642e+00,5.776e+00,4.270e+00,5.195e+00,6.271e+00,5.940e+00,6.684e+00,5.691e+00,5.726e+00,8.809e+00,6.221e+00,7.486e+00,8.185e+00,8.581e+00,8.080e+00,7.050e+00,8.472e+00,8.266e+00,8.463e+00,9.782e+00,7.900e+00,9.007e+00,1.097e+01,1.162e+01,1.080e+01,1.181e+01,1.185e+01,1.097e+01,1.155e+01,1.231e+01,1.049e+01,1.129e+01,1.222e+01,1.192e+01,1.207e+01,1.307e+01,1.138e+01,1.269e+01,1.140e+01,8.806e+00
4.032e-02,6.909e-01,3.944e-01,1.152e+00,1.613e+00,2.913e+00,1.330e+00,1.293e+00,1.938e+00,3.290e+00,3.557e+00,2.744e+00,3.096e+00,4.085e+00,3.753e+00,3.110e+00,4.958e+00,4.335e+00,4.088e+00,6.649e+00,5.954e+00,5.825e+00,5.514e+00,4.382e+00,8.308e+00,5.842e+00,7.282e+00,7.172e+00,7.740e+00,8.927e+00,6.528e+00,7.468e+00,6.878e+00,8.069e+00,7.906e+00,6.055e+00,8.288e+00,9.087e+00,9.663e+00,1.148e+01,1.045e+01,1.006e+01,1.000e+01,1.127e+01,1.097e+01,1.120e+01,1.108e+01,1.141e+01,1.162e+01,1.140e+01,1.174e+01,1.011e+01,1.152e+01,1.040e+01,8.098e+00
7.233e-02,2.905e-01,4.889e-01,1.192e+00,1.889e+00,2.342e+00,1.053e+00,1.604e+00,1.286e+00,2.624e+00,2.709e+00,2.494e+00,3.178e+00,3.324e+00,3.098e+00,2.275e+00,5.249e+00,3.869e+00,4.766e+00,7.655e+00,5.758e+00,6.160e+00,5.856e+00,5.540e+00,8.424e+00,5.901e+00,7.686e+00,7.115e+00,8.235e+00,8.571e+00,6.942e+00,8.493e+00,7.380e+00,9.634e+00,8.742e+00,7.593e+00,8.612e+00,9.689e+00,1.069e+01,1.279e+01,1.211e+01,1.180e+01,1.060e+01,1.231e+01,1.232e+01,1.137e+01,1.166e+01,1.188e+01,1.191e+01,1.249e+01,1.438e+01,1.162e+01,1.300e+01,1.191e+01,9.783e+00
7.683e-02,3.973e-01,6.636e-01,1.158e+00,2.051e+00,3.267e+00,1.564e+00,2.021e+00,2.108e+00,3.576e+00,3.208e+00,3.086e+00,4.130e+00,3.694e+00,3.981e+00,3.816e+00,5.768e+00,4.069e+00,5.662e+00,7.562e+00,5.989e+00,6.221e+00,5.771e+00,5.128e+00,7.739e+00,5.410e+00,6.535e+00,7.171e+00,8.122e+00,7.887e+00,5.729e+00,8.065e+00,7.098e+00,9.582e+00,9.384e+00,7.230e+00,1.046e+01,1.023e+01,1.141e+01,1.021e+01,9.785e+00,9.914e+00,9.549e+00,1.267e+01,1.129e+01,1.026e+01,9.896e+00,1.242e+01,1.125e+01,1.018e+01,1.173e+01,1.108e+01,1.121e+01,9.598e+00,8.902e+00
9.890e-02,7.942e-01,5.940e-01,1.363e+00,1.805e+00,2.096e+00,9.147e-01,1.585e+00,1.691e+00,2.866e+00,3.633e+00,3.378e+00,3.023e+00,3.708e+00,3.406e+00,2.686e+00,4.384e+00,4.550e+00,4.501e+00,5.709e+00,5.227e+00,5.779e+00,5.318e+00,4.429e+00,6.684e+00,5.081e+00,6.611e+00,5.822e+00,6.795e+00,7.236e+00,6.034e+00,6.490e+00,6.897e+00,7.475e+00,9.164e+00,5.625e+00,7.883e+00,9.294e+00,9.748e+00,1.058e+01,9.914e+00,9.727e+00,9.427e+00,1.092e+01,1.102e+01,1.186e+01,1.051e+01,1.245e+01,1.184e+01,1.086e+01,1.260e+01,1.041e+01,1.134e+01,1.119e+01,9.032e+00
1.232e-01,3.562e-01,4.808e-01,1.012e+00,1.870e+00,2.113e+00,7.806e-01,2.175e+00,2.834e+00,2.847e+00,4.588e+00,3.811e+00,4.187e+00,4.545e+00,4.669e+00,4.162e+00,7.338e+00,5.542e+00,6.473e+00,8.982e+00,7.323e+00,8.111e+00,7.114e+00,6.722e+00,1.062e+01,7.441e+00,8.159e+00,8.448e+00,8.306e+00,8.262e+00,7.433e+00,9.034e+00,9.076e+00,9.495e+00,9.796e+00,6.929e+00,9.458e+00,1.081e+01,1.144e+01,1.175e+01,1.140e+01,1.021e+01,1.141e+01,1.235e+01,1.335e+01,1.152e+01,1.280e+01,1.373e+01,1.368e+01,1.392e+01,1.649e+01,1.189e+01,1.394e+01,1.351e+01,1.144e+01
4.952e-02,6.436e-01,4.090e-01,9.866e-01,1.265e+00,2.418e+00,1.169e+00,1.549e+00,2.249e+00,2.750e+00,3.056e+00,2.562e+00,2.880e+00,3.428e+00,3.218e+00,3.481e+00,4.295e+00,3.834e+00,4.440e+00,5.908e+00,4.988e+00,5.983e+00,5.157e+00,4.416e+00,7.415e+00,5.357e+00,6.545e+00,7.089e+00,7.853e+00,8.152e+00,6.337e+00,7.216e+00,6.950e+00,8.096e+00,7.769e+00,6.232e+00,8.587e+00,9.704e+00,1.036e+01,1.046e+01,9.822e+00,9.624e+00,9.654e+00,1.097e+01,1.090e+01,9.875e+00,1.057e+01,1.267e+01,1.093e+01,1.243e+01,1.161e+01,1.147e+01,1.155e+01,1.103e+01,7.660e+00
9.106e-02,4.529e-01,5.580e-01,1.198e+00,1.710e+00,1.828e+00,8.466e-01,1.775e+00,1.287e+00,2.352e+00,2.968e+00,3.347e+00,3.276e+00,3.411e+00,3.089e+00,2.725e+00,4.407e+00,3.865e+00,4.441e+00,5.781e+00,5.772e+00,5.847e+00,6.209e+00,5.901e+00,8.113e+00,5.773e+00,7.385e+00,7.364e+00,8.076e+00,8.502e+00,7.590e+00,7.723e+00,8.723e+00,8.943e+00,9.022e+00,7.427e+00,9.575e+00,1.081e+01,1.127e+01,1.148e+01,1.241e+01,1.138e+01,1.069e+01,1.056e+01,1.288e+01,1.210e+01,1.293e+01,1.419e+01,1.374e+01,1.472e+01,1.606e+01,1.484e+01,1.367e+01,1.561e+01,1.139e+01
1.145e-01,5.175e-01,6.436e-01,1.365e+00,2.174e+00,2.516e+00,1.087e+00,2.003e+00,1.383e+00,2.747e+00,2.501e+00,3.232e+00,2.710e+00,3.317e+00,3.103e+00,2.955e+00,4.543e+00,4.080e+00,4.886e+00,7.201e+00,5.639e+00,6.165e+00,6.326e+00,5.786e+00,8.857e+00,5.915e+00,8.481e+00,7.699e+00,7.916e+00,9.336e+00,7.032e+00,8.432e+00,8.277e+00,9.885e+00,8.874e+00,7.303e+00,9.354e+00,9.782e+00,1.074e+01,1.263e+01,1.148e+01,1.182e+01,1.093e+01,1.225e+01,1.238e+01,1.130e+01,1.248e+01,1.262e+01,1.340e+01,1.505e+01,1.494e+01,1.304e+01,1.356e+01,1.280e+01,1.178e+01
1.294e-01,1.003e+00,6.440e-01,2.087e+00,2.641e+00,2.960e+00,1.207e+00,2.392e+00,1.972e+00,3.510e+00,3.722e+00,3.002e+00,3.444e+00,3.874e+00,3.668e+00,2.789e+00,4.652e+00,4.212e+00,4.424e+00,6.595e+00,5.330e+00,5.645e+00,5.964e+00,4.498e+00,7.482e+00,5.814e+00,7.697e+00,6.470e+00,7.759e+00,7.888e+00,6.140e+00,7.382e+00,7.331e+00,8.195e+00,9.135e+00,6.249e+00,9.245e+00,9.729e+00,9.972e+00,9.727e+00,9.431e+00,1.019e+01,9.465e+00,1.122e+01,1.095e+01,1.007e+01,1.038e+01,1.255e+01,1.073e+01,1.241e+01,1.203e+01,1.196e+01,1.312e+01,1.261e+01,9.949e+00
9.394e-02,3.119e-01,6.598e-01,7.981e-01,1.767e+00,2.393e+00,1.077e+00,1.316e+00,1.418e+00,2.536e+00,3.062e+00,2.961e+00,3.583e+00,3.513e+00,3.510e+00,2.820e+00,5.529e+00,4.330e+00,5.477e+00,7.393e+00,6.498e+00,6.504e+00,6.234e+00,5.681e+00,8.887e+00,5.962e+00,7.536e+00,7.511e+00,7.440e+00,7.959e+00,6.237e+00,7.690e+00,7.389e+00,9.424e+00,9.600e+00,8.128e+00,9.540e+00,1.073e+01,1.148e+01,1.070e+01,1.176e+01,1.083e+01,1.007e+01,1.267e+01,1.145e+01,1.160e+01,1.259e+01,1.251e+01,1.302e+01,1.401e+01,1.536e+01,1.345e+01,1.512e+01,1.419e+01,1.142e+01
8.730e-02,7.768e-01,7.003e-01,1.742e+00,2.571e+00,3.201e+00,1.425e+00,2.102e+00,2.039e+00,3.640e+00,3.648e+00,3.241e+00,4.029e+00,4.253e+00,3.851e+00,3.565e+00,5.592e+00,4.798e+00,6.228e+00,8.345e+00,6.299e+00,6.522e+00,6.351e+00,5.578e+00,9.305e+00,6.849e+00,8.332e+00,6.397e+00,8.156e+00,8.989e+00,6.538e+00,8.498e+00,7.429e+00,9.536e+00,1.076e+01,7.912e+00,1.026e+01,1.131e+01,1.101e+01,1.076e+01,1.213e+01,1.149e+01,1.014e+01,1.225e+01,1.308e+01,1.270e+01,1.286e+01,1.427e+01,1.357e+01,1.486e+01,1.559e+01,1.501e+01,1.540e+01,1.468e+01,1.193e+01
1.158e-01,5.227e-01,7.381e-01,1.729e+00,2.828e+00,3.737e+00,1.664e+00,2.557e+00,2.351e+00,3.997e+00,3.943e+00,4.220e+00,3.993e+00,4.770e+00,4.460e+00,3.503e+00,5.720e+00,4.274e+00,5.309e+00,7.846e+00,6.339e+00,7.281e+00,7.373e+00,6.354e+00,9.060e+00,6.284e+00,8.716e+00,8.586e+00,9.070e+00,1.018e+01,7.431e+00,9.447e+00,8.694e+00,1.159e+01,1.040e+01,7.973e+00,1.023e+01,1.039e+01,1.213e+01,1.202e+01,1.203e+01,1.306e+01,1.134e+01,1.360e+01,1.232e+01,1.168e+01,1.299e+01,1.420e+01,1.291e+01,1.496e+01,1.598e+01,1.429e+01,1.550e+01,1.587e+01,1.231e+01
3.058e-03,1.796e-01,1.846e-01,7.612e-01,1.080e+00,2.185e+00,1.087e+00,1.293e+00,1.839e+00,2.725e+00,2.820e+00,2.682e+00,2.982e+00,3.527e+00,3.148e+00,3.076e+00,4.873e+00,3.519e+00,4.225e+00,6.282e+00,4.768e+00,5.507e+00,5.041e+00,5.293e+00,7.659e+00,5.058e+00,6.319e+00,6.810e+00,7.388e+00,8.081e+00,6.469e+00,7.546e+00,6.731e+00,6.959e+00,7.727e+00,6.500e+00,9.052e+00,1.068e+01,1.046e+01,1.015e+01,1.006e+01,9.133e+00,8.516e+00,1.077e+01,9.618e+00,9.454e+00,1.033e+01,1.238e+01,1.136e+01,1.322e+01,1.350e+01,1.315e+01,1.317e+01,1.396e+01,1.218e+01
