1.391e-01,5.778e-01,3.362e-01,3.453e-01,5.500e-02,6.871e-01,7.351e-01,3.684e-01,6.771e-01,7.050e-01,2.130e-01,1.255e-03,4.719e-03,3.366e-01,4.249e-01,3.619e-01,5.099e-01,9.406e-01,3.980e-01,8.869e-01,2.769e-01,1.234e-01,9.390e-01,4.005e-01,1.889e-01,2.706e-01,6.646e-01,3.711e-01,6.619e-01,5.101e-01,9.995e-01,1.701e-02,9.324e-01,3.063e-01,6.663e-01,9.169e-01,5.234e-01,8.880e-01,7.678e-01,4.097e-01,9.156e-01,9.704e-01,1.710e-01,3.349e-01,6.390e-01,6.239e-01,5.083e-01,6.979e-01,3.911e-02,4.850e-02,9.295e-02
8.118e-02,6.033e-01,4.478e-01,3.909e-01,8.615e-01,6.470e-01,1.006e+00,2.629e-01,1.316e+00,1.156e+00,7.768e-01,5.681e-01,4.793e-02,8.323e-01,4.105e-01,3.023e-01,5.365e-01,8.993e-01,1.162e+00,1.022e+00,1.628e-01,1.170e-01,1.417e+00,8.039e-01,1.944e-01,1.742e-01,1.057e+00,5.804e-01,6.803e-01,6.563e-01,6.902e-01,4.684e-01,9.473e-01,2.372e-01,4.040e-01,1.485e+00,6.986e-01,1.362e+00,1.028e+00,1.133e+00,1.216e+00,1.134e+00,3.423e-01,1.132e+00,6.063e-01,6.122e-01,1.274e+00,7.767e-01,4.213e-01,7.068e-01,5.110e-01
1.100e-01,5.806e-01,5.865e-01,9.457e-01,1.337e+00,1.505e+00,1.811e+00,1.216e+00,1.134e+00,1.078e+00,9.428e-01,6.628e-01,2.637e-01,1.444e+00,1.210e+00,1.218e+00,1.443e+00,1.805e+00,8.317e-01,1.579e+00,1.178e+00,1.035e+00,1.835e+00,1.117e+00,9.937e-01,6.039e-01,1.544e+00,8.887e-01,1.364e+00,8.071e-01,9.855e-01,1.103e+00,9.837e-01,9.491e-01,1.042e+00,1.576e+00,1.535e+00,2.026e+00,1.849e+00,1.249e+00,1.579e+00,1.630e+00,7.868e-01,1.166e+00,1.480e+00,9.374e-01,1.011e+00,9.882e-01,1.212e+00,1.085e+00,4.528e-01
5.307e-02,2.555e-01,3.507e-01,1.700e+00,1.219e+00,1.928e+00,1.433e+00,1.947e+00,1.013e+00,5.787e-01,1.256e+00,6.981e-01,1.162e+00,1.944e+00,1.173e+00,1.725e+00,2.031e+00,1.622e+00,9.052e-01,1.725e+00,1.058e+00,1.445e+00,1.681e+00,1.416e+00,1.562e+00,1.267e+00,1.105e+00,1.203e+00,1.731e+00,5.266e-01,6.352e-01,1.298e+00,1.164e+00,9.469e-01,9.283e-01,1.666e+00,2.009e+00,1.699e+00,1.737e+00,1.672e+00,1.673e+00,1.026e+00,9.850e-01,1.623e+00,1.953e+00,8.489e-01,8.283e-01,1.250e+00,1.908e+00,1.535e+00,4.688e-01
1.021e-01,4.286e-01,4.068e-01,1.256e+00,1.199e+00,2.234e+00,2.141e+00,2.242e+00,1.705e+00,1.119e+00,1.300e+00,5.247e-01,8.760e-01,2.245e+00,1.120e+00,1.612e+00,1.857e+00,1.603e+00,9.761e-01,1.734e+00,1.205e+00,1.943e+00,2.390e+00,1.382e+00,1.920e+00,1.507e+00,1.816e+00,1.615e+00,1.718e+00,1.324e+00,1.287e+00,1.173e+00,1.866e+00,1.325e+00,1.252e+00,2.235e+00,2.182e+00,2.003e+00,2.396e+00,1.411e+00,2.129e+00,1.482e+00,1.583e+00,1.766e+00,1.795e+00,1.194e+00,1.707e+00,1.822e+00,2.210e+00,1.364e+00,7.624e-01
1.104e-01,6.188e-01,4.763e-01,1.290e+00,1.272e+00,2.159e+00,2.210e+00,2.008e+00,2.464e+00,2.277e+00,1.816e+00,1.593e+00,1.431e+00,2.646e+00,1.182e+00,2.163e+00,2.227e+00,2.211e+00,1.988e+00,2.389e+00,1.501e+00,2.175e+00,3.020e+00,1.862e+00,1.821e+00,1.737e+00,2.245e+00,2.475e+00,2.485e+00,1.786e+00,2.059e+00,1.198e+00,2.407e+00,1.530e+00,2.052e+00,3.313e+00,2.259e+00,2.988e+00,2.558e+00,2.765e+00,3.127e+00,1.843e+00,1.838e+00,2.679e+00,2.236e+00,1.892e+00,2.913e+00,2.731e+00,2.494e+00,1.809e+00,1.438e+00
7.266e-02,4.965e-01,4.196e-01,1.292e+00,1.186e+00,1.657e+00,2.290e+00,1.899e+00,1.972e+00,1.647e+00,1.850e+00,1.947e+00,1.251e+00,2.575e+00,1.431e+00,2.241e+00,2.223e+00,2.219e+00,2.070e+00,2.731e+00,1.109e+00,2.187e+00,2.544e+00,2.016e+00,2.186e+00,1.519e+00,1.777e+00,2.417e+00,2.461e+00,1.490e+00,1.780e+00,1.661e+00,1.992e+00,1.465e+00,1.323e+00,3.222e+00,1.804e+00,2.859e+00,2.444e+00,2.349e+00,2.971e+00,1.866e+00,2.049e+00,3.149e+00,2.532e+00,1.767e+00,2.356e+00,2.071e+00,2.779e+00,1.900e+00,1.338e+00
1.091e-01,6.382e-01,6.235e-01,1.915e+00,1.708e+00,2.362e+00,2.648e+00,3.202e+00,2.562e+00,2.059e+00,2.208e+00,2.481e+00,1.816e+00,3.266e+00,1.935e+00,2.970e+00,3.530e+00,3.516e+00,2.099e+00,3.791e+00,2.382e+00,3.065e+00,3.666e+00,2.265e+00,3.340e+00,2.618e+00,2.136e+00,2.284e+00,3.251e+00,1.888e+00,2.180e+00,2.476e+00,2.392e+00,2.166e+00,2.067e+00,3.882e+00,2.661e+00,3.627e+00,3.291e+00,2.525e+00,3.664e+00,2.879e+00,1.947e+00,3.471e+00,3.797e+00,1.891e+00,2.794e+00,2.551e+00,3.863e+00,2.742e+00,1.282e+00
4.977e-02,2.701e-01,2.931e-01,1.046e+00,9.720e-01,1.495e+00,1.855e+00,1.975e+00,2.241e+00,1.652e+00,1.877e+00,2.643e+00,1.549e+00,2.779e+00,1.790e+00,2.554e+00,2.999e+00,3.026e+00,2.184e+00,2.740e+00,2.426e+00,2.543e+00,3.011e+00,2.507e+00,2.561e+00,2.287e+00,1.922e+00,2.597e+00,2.815e+00,1.497e+00,1.758e+00,1.545e+00,2.503e+00,2.004e+00,2.083e+00,3.089e+00,2.331e+00,3.341e+00,2.529e+00,2.287e+00,3.119e+00,2.438e+00,1.812e+00,3.314e+00,2.948e+00,1.616e+00,2.634e+00,2.808e+00,2.817e+00,1.757e+00,1.496e+00
1.196e-01,7.221e-01,6.119e-01,9.820e-01,1.368e+00,1.624e+00,2.077e+00,2.016e+00,2.848e+00,2.863e+00,2.360e+00,3.352e+00,1.497e+00,2.665e+00,2.069e+00,3.212e+00,3.795e+00,3.894e+00,3.050e+00,3.748e+00,3.492e+00,3.186e+00,4.462e+00,2.344e+00,3.296e+00,2.375e+00,2.835e+00,2.913e+00,3.399e+00,2.204e+00,3.212e+00,1.850e+00,3.062e+00,2.620e+00,3.677e+00,4.036e+00,3.004e+00,3.918e+00,2.934e+00,2.886e+00,3.676e+00,3.776e+00,1.704e+00,3.480e+00,3.270e+00,2.594e+00,3.736e+00,3.897e+00,2.790e+00,2.152e+00,1.858e+00
1.041e-01,6.021e-01,5.857e-01,1.102e+00,1.476e+00,1.765e+00,2.509e+00,2.407e+00,2.604e+00,2.502e+00,2.234e+00,3.718e+00,2.115e+00,3.526e+00,3.045e+00,3.811e+00,4.465e+00,4.434e+00,3.292e+00,3.906e+00,3.752e+00,4.033e+00,4.632e+00,3.256e+00,4.077e+00,2.965e+00,3.456e+00,2.780e+00,3.330e+00,2.564e+00,3.107e+00,2.338e+00,2.690e+00,3.137e+00,3.018e+00,4.800e+00,3.045e+00,4.294e+00,3.400e+00,3.083e+00,3.687e+00,3.485e+00,2.232e+00,4.000e+00,3.715e+00,2.477e+00,3.691e+00,4.075e+00,3.974e+00,3.177e+00,2.619e+00
1.148e-01,6.904e-01,5.146e-01,1.331e+00,1.324e+00,2.123e+00,2.174e+00,2.218e+00,2.839e+00,2.562e+00,2.249e+00,3.533e+00,2.398e+00,3.704e+00,2.789e+00,4.061e+00,3.784e+00,3.524e+00,3.971e+00,3.965e+00,3.233e+00,3.683e+00,4.968e+00,3.671e+00,3.775e+00,2.981e+00,4.065e+00,3.099e+00,2.889e+00,3.020e+00,3.392e+00,2.487e+00,3.467e+00,2.923e+00,3.402e+00,5.519e+00,3.875e+00,3.484e+00,2.948e+00,3.846e+00,3.832e+00,3.052e+00,2.557e+00,4.287e+00,2.804e+00,2.996e+00,4.294e+00,4.270e+00,3.943e+00,3.558e+00,3.332e+00
1.600e-02,2.173e-01,3.155e-01,1.133e+00,1.494e+00,1.845e+00,2.133e+00,2.277e+00,2.289e+00,1.908e+00,2.200e+00,3.284e+00,2.868e+00,3.754e+00,3.046e+00,4.399e+00,3.499e+00,3.587e+00,4.029e+00,3.882e+00,4.141e+00,3.760e+00,4.960e+00,3.295e+00,4.469e+00,3.456e+00,3.368e+00,3.513e+00,2.745e+00,2.511e+00,2.535e+00,2.974e+00,3.230e+00,3.739e+00,3.338e+00,4.870e+00,3.479e+00,3.773e+00,3.352e+00,3.839e+00,3.246e+00,3.026e+00,3.229e+00,4.653e+00,3.497e+00,3.054e+00,3.932e+00,3.861e+00,4.785e+00,3.366e+00,2.933e+00
1.319e-01,7.965e-01,7.080e-01,1.685e+00,1.831e+00,2.423e+00,2.613e+00,2.834e+00,3.188e+00,2.524e+00,2.654e+00,3.102e+00,2.506e+00,3.941e+00,3.813e+00,4.664e+00,4.869e+00,4.972e+00,4.464e+00,4.781e+00,4.399e+00,4.064e+00,6.078e+00,3.714e+00,5.142e+00,3.887e+00,3.528e+00,3.469e+00,4.302e+00,2.702e+00,3.037e+00,3.126e+00,4.614e+00,4.118e+00,3.856e+00,5.837e+00,4.321e+00,5.038e+00,4.527e+00,3.977e+00,4.926e+00,4.232e+00,3.005e+00,5.341e+00,4.325e+00,3.276e+00,4.800e+00,4.703e+00,4.492e+00,3.837e+00,2.494e+00
1.575e-02,1.425e-01,1.198e-01,7.757e-01,6.518e-01,1.143e+00,1.580e+00,2.242e+00,2.475e+00,1.399e+00,1.957e+00,3.215e+00,2.165e+00,3.300e+00,3.577e+00,4.535e+00,3.898e+00,4.164e+00,3.905e+00,3.931e+00,4.304e+00,4.118e+00,4.549e+00,3.363e+00,5.037e+00,4.299e+00,3.307e+00,3.042e+00,3.806e+00,3.163e+00,3.137e+00,3.353e+00,3.913e+00,4.178e+00,2.891e+00,5.358e+00,3.770e+00,3.594e+00,3.398e+00,3.171e+00,4.699e+00,3.413e+00,2.819e+00,5.188e+00,3.706e+00,2.842e+00,4.113e+00,4.173e+00,4.588e+00,3.936e+00,3.359e+00
1.125e-01,5.158e-01,3.461e-01,8.654e-01,4.577e-01,1.191e+00,1.748e+00,1.434e+00,1.496e+00,1.657e+00,1.563e+00,3.414e+00,2.166e+00,3.003e+00,4.423e+00,6.228e+00,4.354e+00,4.572e+00,4.483e+00,5.006e+00,4.725e+00,4.815e+00,4.779e+00,4.721e+00,5.189e+00,3.436e+00,4.620e+00,3.240e+00,4.291e+00,3.449e+00,4.129e+00,3.457e+00,4.439e+00,4.722e+00,4.062e+00,6.455e+00,4.225e+00,4.286e+00,4.046e+00,4.394e+00,5.379e+00,3.648e+00,3.244e+00,5.595e+00,3.654e+00,4.084e+00,4.584e+00,5.141e+00,4.017e+00,4.325e+00,4.061e+00
1.222e-01,6.638e-01,4.944e-01,8.559e-01,1.149e+00,1.830e+00,2.160e+00,1.740e+00,2.639e+00,1.952e+00,1.880e+00,2.675e+00,2.300e+00,3.543e+00,3.427e+00,4.769e+00,4.468e+00,4.515e+00,5.358e+00,4.895e+00,4.926e+00,4.520e+00,5.930e+00,4.583e+00,4.887e+00,3.571e+00,5.369e+00,3.916e+00,3.297e+00,3.567e+00,3.846e+00,3.521e+00,5.112e+00,4.552e+00,4.147e+00,6.836e+00,4.862e+00,4.896e+00,4.896e+00,4.640e+00,5.114e+00,4.589e+00,3.263e+00,5.811e+00,3.617e+00,3.809e+00,5.039e+00,6.080e+00,4.366e+00,3.789e+00,4.468e+00
1.172e-01,7.082e-01,5.926e-01,1.711e+00,1.575e+00,2.357e+00,2.845e+00,2.607e+00,2.758e+00,2.445e+00,2.739e+00,3.114e+00,2.231e+00,3.725e+00,3.093e+00,5.208e+00,4.753e+00,4.491e+00,5.176e+00,5.303e+00,4.808e+00,5.347e+00,5.516e+00,4.670e+00,5.406e+00,3.939e+00,4.514e+00,4.149e+00,5.437e+00,3.504e+00,4.663e+00,3.529e+00,5.399e+00,4.431e+00,4.611e+00,7.030e+00,4.574e+00,5.552e+00,5.813e+00,5.455e+00,6.515e+00,4.768e+00,4.247e+00,6.311e+00,4.590e+00,4.367e+00,5.739e+00,6.179e+00,4.408e+00,4.359e+00,3.182e+00
8.881e-02,3.930e-01,2.589e-01,3.821e-01,4.426e-01,1.046e+00,1.860e+00,2.064e+00,1.875e+00,1.594e+00,1.324e+00,2.394e+00,1.835e+00,2.552e+00,2.442e+00,3.708e+00,3.150e+00,3.573e+00,3.981e+00,4.387e+00,4.780e+00,5.260e+00,4.688e+00,3.629e+00,5.633e+00,4.405e+00,3.347e+00,3.462e+00,3.762e+00,4.170e+00,4.807e+00,2.951e+00,4.104e+00,4.876e+00,3.943e+00,5.782e+00,2.614e+00,4.255e+00,5.235e+00,3.175e+00,4.534e+00,4.235e+00,3.485e+00,5.290e+00,4.405e+00,3.660e+00,5.221e+00,4.880e+00,4.182e+00,4.160e+00,3.044e+00
5.508e-02,3.243e-01,3.631e-01,6.935e-01,1.204e+00,1.514e+00,2.060e+00,2.034e+00,2.498e+00,2.105e+00,2.057e+00,4.122e+00,2.456e+00,3.773e+00,4.042e+00,5.751e+00,4.960e+00,5.337e+00,6.227e+00,5.841e+00,8.133e+00,7.528e+00,7.265e+00,6.085e+00,7.039e+00,5.513e+00,6.020e+00,5.825e+00,6.000e+00,6.178e+00,6.242e+00,4.833e+00,6.755e+00,6.671e+00,6.606e+00,8.600e+00,5.937e+00,6.791e+00,6.684e+00,5.818e+00,7.259e+00,6.538e+00,4.566e+00,8.148e+00,5.981e+00,5.226e+00,6.981e+00,7.873e+00,6.166e+00,5.836e+00,5.233e+00
1.019e-01,5.649e-01,4.721e-01,7.589e-01,1.100e+00,1.507e+00,2.091e+00,1.714e+00,2.430e+00,2.244e+00,1.792e+00,3.224e+00,2.100e+00,3.376e+00,3.957e+00,5.014e+00,4.374e+00,4.812e+00,4.594e+00,4.587e+00,6.242e+00,6.304e+00,5.996e+00,5.022e+00,6.140e+00,4.872e+00,5.863e+00,4.412e+00,4.688e+00,5.521e+00,4.753e+00,3.520e+00,5.343e+00,5.626e+00,5.082e+00,7.053e+00,4.336e+00,6.063e+00,5.277e+00,5.603e+00,5.972e+00,5.052e+00,3.349e+00,6.284e+00,5.339e+00,4.630e+00,5.807e+00,6.609e+00,4.745e+00,5.684e+00,4.665e+00
1.086e-01,5.580e-01,3.842e-01,1.291e+00,7.637e-01,1.632e+00,1.717e+00,2.070e+00,2.422e+00,1.674e+00,2.217e+00,3.452e+00,1.989e+00,3.182e+00,3.427e+00,5.354e+00,4.923e+00,4.690e+00,5.275e+00,5.558e+00,5.980e+00,6.538e+00,6.319e+00,5.609e+00,6.244e+00,5.122e+00,5.796e+00,5.296e+00,5.738e+00,4.938e+00,5.719e+00,4.758e+00,6.697e+00,5.402e+00,6.065e+00,7.784e+00,5.754e+00,5.352e+00,5.148e+00,6.248e+00,7.364e+00,5.911e+00,3.883e+00,7.512e+00,5.069e+00,4.754e+00,5.495e+00,7.326e+00,5.361e+00,4.570e+00,5.063e+00
8.121e-02,4.790e-01,5.195e-01,1.162e+00,1.614e+00,2.048e+00,2.953e+00,2.573e+00,2.339e+00,2.314e+00,2.152e+00,3.523e+00,2.531e+00,4.025e+00,4.812e+00,6.928e+00,4.782e+00,5.576e+00,5.227e+00,6.103e+00,7.237e+00,7.571e+00,7.595e+00,6.663e+00,7.974e+00,6.285e+00,7.121e+00,5.963e+00,7.148e+00,6.102e+00,6.643e+00,5.941e+00,6.415e+00,7.271e+00,6.572e+00,9.423e+00,5.959e+00,6.980e+00,6.993e+00,7.208e+00,8.070e+00,6.445e+00,5.763e+00,8.939e+00,6.972e+00,6.069e+00,6.726e+00,7.458e+00,7.406e+00,6.450e+00,5.745e+00
9.077e-02,3.958e-01,2.423e-01,1.116e+00,4.555e-01,1.491e+00,1.759e+00,1.960e+00,2.156e+00,1.653e+00,2.134e+00,3.618e+00,3.078e+00,3.651e+00,4.083e+00,5.905e+00,5.142e+00,5.026e+00,5.890e+00,5.931e+00,6.687e+00,7.095e+00,7.066e+00,6.470e+00,7.536e+00,5.512e+00,6.214e+00,6.987e+00,6.432e+00,5.769e+00,5.927e+00,4.589e+00,6.956e+00,6.478e+00,6.752e+00,9.305e+00,5.581e+00,6.709e+00,6.740e+00,6.787e+00,7.185e+00,6.090e+00,4.824e+00,9.140e+00,7.270e+00,5.944e+00,6.409e+00,7.996e+00,6.819e+00,5.374e+00,5.449e+00
4.993e-02,2.424e-01,3.212e-01,7.996e-01,1.098e+00,1.477e+00,2.360e+00,2.510e+00,1.856e+00,1.435e+00,1.808e+00,3.413e+00,2.006e+00,3.461e+00,3.998e+00,5.164e+00,4.400e+00,4.630e+00,4.582e+00,4.861e+00,6.800e+00,7.470e+00,6.136e+00,5.421e+00,8.089e+00,7.020e+00,7.232e+00,5.920e+00,6.593e+00,6.441e+00,6.327e+00,5.972e+00,5.974e+00,7.064e+00,7.223e+00,8.517e+00,4.959e+00,6.415e+00,6.423e+00,7.135e+00,7.454e+00,6.170e+00,5.987e+00,8.002e+00,6.754e+00,6.298e+00,6.170e+00,6.466e+00,7.188e+00,6.443e+00,5.659e+00
8.412e-02,5.788e-01,5.915e-01,1.237e+00,1.655e+00,1.771e+00,2.242e+00,2.050e+00,2.480e+00,2.023e+00,2.187e+00,3.638e+00,2.454e+00,3.858e+00,4.240e+00,5.188e+00,5.200e+00,5.297e+00,5.564e+00,5.410e+00,5.984e+00,5.936e+00,6.776e+00,5.960e+00,6.649e+00,6.022e+00,7.020e+00,6.482e+00,5.813e+00,5.680e+00,5.271e+00,5.217e+00,5.970e+00,6.965e+00,6.922e+00,8.365e+00,5.662e+00,6.696e+00,6.278e+00,6.831e+00,6.938e+00,6.130e+00,5.570e+00,8.014e+00,6.316e+00,6.175e+00,6.613e+00,7.233e+00,6.803e+00,6.513e+00,5.674e+00
1.174e-01,5.081e-01,3.038e-01,1.222e+00,5.208e-01,1.754e+00,1.520e+00,2.146e+00,2.534e+00,1.873e+00,1.804e+00,2.880e+00,2.400e+00,3.233e+00,3.329e+00,5.014e+00,4.385e+00,4.665e+00,5.043e+00,5.004e+00,6.372e+00,6.302e+00,6.146e+00,5.554e+00,6.192e+00,5.982e+00,5.723e+00,5.377e+00,7.286e+00,6.339e+00,6.762e+00,5.119e+00,7.582e+00,6.329e+00,7.109e+00,8.974e+00,6.103e+00,7.031e+00,6.600e+00,7.452e+00,8.393e+00,6.124e+00,4.865e+00,7.592e+00,6.034e+00,5.405e+00,6.575e+00,8.146e+00,5.937e+00,6.245e+00,5.096e+00
1.629e-02,1.075e-01,2.307e-01,7.491e-01,9.834e-01,1.198e+00,1.558e+00,1.751e+00,1.873e+00,1.485e+00,2.003e+00,3.400e+00,1.979e+00,2.987e+00,3.885e+00,5.120e+00,4.877e+00,4.864e+00,4.866e+00,4.671e+00,6.710e+00,6.399e+00,6.231e+00,5.695e+00,7.160e+00,5.743e+00,6.704e+00,6.569e+00,7.857e+00,6.410e+00,7.236e+00,5.923e+00,6.977e+00,7.846e+00,7.595e+00,9.400e+00,6.607e+00,7.446e+00,7.200e+00,7.904e+00,7.573e+00,7.370e+00,5.181e+00,8.328e+00,7.143e+00,6.852e+00,6.466e+00,8.478e+00,7.095e+00,7.412e+00,6.012e+00
3.280e-02,2.401e-01,2.712e-01,4.489e-01,8.056e-01,7.749e-01,1.470e+00,1.540e+00,1.867e+00,1.596e+00,1.752e+00,3.146e+00,2.036e+00,2.596e+00,3.309e+00,4.715e+00,3.766e+00,4.312e+00,4.125e+00,4.504e+00,5.854e+00,5.077e+00,5.739e+00,4.772e+00,6.842e+00,6.048e+00,6.129e+00,6.096e+00,7.507e+00,6.565e+00,6.431e+00,5.663e+00,6.172e+00,7.700e+00,7.562e+00,8.948e+00,5.191e+00,7.200e+00,6.713e+00,7.441e+00,6.756e+00,7.414e+00,6.343e+00,7.974e+00,7.857e+00,7.624e+00,6.126e+00,7.021e+00,6.876e+00,6.531e+00,5.849e+00
3.896e-02,2.975e-01,2.580e-01,1.141e+00,8.871e-01,1.374e+00,1.869e+00,1.969e+00,2.047e+00,1.757e+00,2.165e+00,2.928e+00,1.779e+00,2.892e+00,2.770e+00,4.486e+00,4.262e+00,3.768e+00,4.045e+00,4.437e+00,4.129e+00,5.323e+00,4.930e+00,4.974e+00,6.103e+00,5.545e+00,5.973e+00,6.544e+00,7.485e+00,6.025e+00,6.841e+00,5.736e+00,6.428e+00,6.906e+00,6.964e+00,9.351e+00,5.412e+00,7.243e+00,6.691e+00,7.948e+00,8.468e+00,6.741e+00,6.851e+00,8.233e+00,6.820e+00,7.169e+00,6.798e+00,7.742e+00,6.491e+00,6.712e+00,5.591e+00
1.287e-01,5.731e-01,4.252e-01,7.412e-01,7.974e-01,1.628e+00,2.142e+00,1.975e+00,2.527e+00,2.114e+00,2.012e+00,4.036e+00,2.550e+00,3.879e+00,4.524e+00,5.391e+00,5.348e+00,5.459e+00,6.218e+00,5.369e+00,6.607e+00,6.771e+00,7.409e+00,6.894e+00,7.822e+00,7.525e+00,8.019e+00,7.295e+00,8.102e+00,7.728e+00,1.027e+01,7.856e+00,8.212e+00,9.635e+00,9.803e+00,1.214e+01,7.365e+00,8.889e+00,8.318e+00,9.650e+00,9.577e+00,9.736e+00,8.296e+00,9.822e+00,8.192e+00,9.410e+00,8.505e+00,9.730e+00,7.882e+00,9.057e+00,8.671e+00
3.635e-02,1.694e-01,1.486e-01,5.295e-01,5.345e-01,1.045e+00,1.450e+00,1.562e+00,1.713e+00,1.563e+00,1.502e+00,2.991e+00,1.950e+00,2.754e+00,3.428e+00,5.257e+00,4.128e+00,4.339e+00,4.883e+00,4.920e+00,7.212e+00,7.602e+00,6.322e+00,5.742e+00,7.265e+00,6.779e+00,7.593e+00,7.765e+00,8.079e+00,8.392e+00,7.589e+00,7.290e+00,8.859e+00,8.517e+00,1.021e+01,1.103e+01,6.564e+00,8.603e+00,8.575e+00,9.707e+00,9.612e+00,8.277e+00,7.511e+00,9.963e+00,8.556e+00,9.252e+00,7.720e+00,9.827e+00,8.388e+00,7.873e+00,7.491e+00
1.833e-02,1.784e-01,3.392e-01,1.666e+00,1.650e+00,2.265e+00,2.163e+00,2.580e+00,2.509e+00,1.882e+00,2.643e+00,3.590e+00,3.209e+00,4.305e+00,4.095e+00,5.485e+00,5.416e+00,5.160e+00,6.061e+00,5.177e+00,7.197e+00,7.304e+00,7.052e+00,6.334e+00,7.856e+00,7.882e+00,7.227e+00,8.337e+00,7.960e+00,7.192e+00,8.190e+00,7.698e+00,9.218e+00,9.997e+00,9.449e+00,1.126e+01,7.578e+00,1.039e+01,9.126e+00,1.099e+01,1.029e+01,8.789e+00,8.602e+00,1.110e+01,1.008e+01,9.218e+00,9.395e+00,1.081e+01,9.763e+00,1.060e+01,7.470e+00
3.040e-02,3.414e-01,4.677e-01,1.482e+00,1.929e+00,2.190e+00,2.913e+00,3.296e+00,3.389e+00,2.363e+00,2.904e+00,4.475e+00,2.477e+00,4.713e+00,4.060e+00,5.334e+00,5.777e+00,5.578e+00,5.446e+00,5.925e+00,6.203e+00,7.106e+00,7.331e+00,6.654e+00,8.131e+00,7.028e+00,7.467e+00,7.598e+00,8.545e+00,7.360e+00,8.542e+00,8.623e+00,8.463e+00,1.024e+01,9.782e+00,1.227e+01,8.208e+00,1.093e+01,9.498e+00,1.024e+01,1.107e+01,9.866e+00,9.024e+00,1.159e+01,1.047e+01,9.430e+00,9.648e+00,9.909e+00,1.053e+01,1.088e+01,9.111e+00
4.020e-02,2.979e-01,3.862e-01,1.539e+00,1.681e+00,2.362e+00,2.529e+00,2.616e+00,2.524e+00,1.731e+00,2.299e+00,2.737e+00,2.390e+00,4.006e+00,3.549e+00,5.042e+00,4.512e+00,4.364e+00,4.597e+00,4.563e+00,6.200e+00,7.052e+00,6.387e+00,5.601e+00,6.663e+00,6.357e+00,7.515e+00,7.122e+00,7.224e+00,7.427e+00,7.117e+00,6.821e+00,7.033e+00,8.926e+00,9.000e+00,1.084e+01,8.250e+00,9.935e+00,7.969e+00,9.777e+00,1.027e+01,7.792e+00,8.045e+00,1.021e+01,8.966e+00,8.637e+00,8.111e+00,1.011e+01,9.672e+00,9.305e+00,8.866e+00
2.255e-02,3.340e-01,3.205e-01,9.523e-01,1.246e+00,1.368e+00,2.170e+00,2.199e+00,2.578e+00,2.279e+00,2.364e+00,4.036e+00,2.608e+00,3.808e+00,3.203e+00,5.144e+00,5.140e+00,4.767e+00,6.042e+00,5.726e+00,6.374e+00,7.313e+00,6.679e+00,6.260e+00,7.281e+00,5.911e+00,7.250e+00,7.315e+00,7.790e+00,7.411e+00,8.193e+00,7.439e+00,8.413e+00,8.739e+00,9.380e+00,1.311e+01,7.543e+00,1.084e+01,1.001e+01,1.041e+01,1.092e+01,9.463e+00,8.474e+00,1.131e+01,9.853e+00,9.168e+00,9.889e+00,1.151e+01,9.493e+00,9.933e+00,8.556e+00
9.802e-02,6.464e-01,5.000e-01,1.070e+00,1.398e+00,1.971e+00,2.676e+00,2.463e+00,3.276e+00,2.856e+00,2.619e+00,3.386e+00,2.632e+00,3.811e+00,3.142e+00,5.042e+00,3.965e+00,4.468e+00,4.874e+00,5.183e+00,5.794e+00,6.017e+00,6.939e+00,4.911e+00,6.809e+00,5.744e+00,5.801e+00,6.273e+00,6.708e+00,6.353e+00,7.466e+00,6.148e+00,7.753e+00,8.306e+00,7.869e+00,1.065e+01,6.359e+00,1.050e+01,8.372e+00,1.021e+01,9.538e+00,9.194e+00,7.152e+00,9.887e+00,8.936e+00,9.139e+00,9.044e+00,1.002e+01,8.206e+00,8.648e+00,7.881e+00
4.108e-04,9.577e-02,1.995e-01,5.814e-01,9.545e-01,9.626e-01,1.496e+00,1.592e+00,1.326e+00,1.055e+00,1.367e+00,2.521e+00,1.239e+00,2.395e+00,3.053e+00,4.653e+00,3.320e+00,3.313e+00,3.558e+00,4.173e+00,4.841e+00,5.532e+00,4.629e+00,4.991e+00,5.816e+00,4.246e+00,5.437e+00,4.861e+00,6.156e+00,5.522e+00,6.833e+00,6.498e+00,6.137e+00,7.619e+00,6.638e+00,9.238e+00,6.148e+00,8.310e+00,7.649e+00,7.708e+00,8.899e+00,7.592e+00,6.516e+00,9.150e+00,7.349e+00,7.191e+00,7.115e+00,8.446e+00,7.599e+00,9.056e+00,7.414e+00
1.077e-01,4.890e-01,4.847e-01,1.301e+00,1.170e+00,1.870e+00,1.904e+00,2.206e+00,1.762e+00,1.658e+00,1.654e+00,3.118e+00,2.493e+00,3.446e+00,4.411e+00,5.988e+00,5.196e+00,5.315e+00,5.100e+00,5.288e+00,7.134e+00,6.798e+00,6.828e+00,6.424e+00,7.334e+00,6.554e+00,7.478e+00,5.728e+00,7.777e+00,6.960e+00,7.625e+00,6.794e+00,7.930e+00,9.117e+00,9.142e+00,1.250e+01,8.422e+00,1.100e+01,9.734e+00,1.070e+01,1.132e+01,1.082e+01,8.330e+00,1.141e+01,1.030e+01,1.076e+01,9.727e+00,1.197e+01,9.406e+00,1.159e+01,9.448e+00
3.069e-02,2.073e-01,1.884e-01,1.075e+00,6.775e-01,1.167e+00,1.452e+00,2.098e+00,2.138e+00,1.159e+00,2.136e+00,3.245e+00,2.632e+00,3.190e+00,3.578e+00,4.791e+00,4.285e+00,4.677e+00,5.282e+00,4.803e+00,6.452e+00,5.650e+00,6.242e+00,5.097e+00,7.561e+00,7.607e+00,6.546e+00,6.590e+00,7.362e+00,6.697e+00,7.673e+00,7.157e+00,7.788e+00,9.383e+00,9.217e+00,1.221e+01,7.871e+00,1.134e+01,8.781e+00,1.136e+01,1.243e+01,1.054e+01,1.032e+01,1.276e+01,1.187e+01,1.080e+01,1.098e+01,1.228e+01,1.071e+01,1.098e+01,1.032e+01
1.687e-02,1.451e-01,2.070e-01,1.090e+00,1.062e+00,1.598e+00,1.979e+00,2.102e+00,1.676e+00,1.107e+00,1.779e+00,2.541e+00,2.248e+00,3.249e+00,3.413e+00,4.814e+00,3.378e+00,3.742e+00,4.798e+00,4.299e+00,6.090e+00,6.305e+00,5.690e+00,5.033e+00,6.738e+00,6.577e+00,6.338e+00,6.414e+00,7.027e+00,7.179e+00,7.995e+00,7.293e+00,7.604e+00,8.987e+00,7.854e+00,1.126e+01,7.419e+00,1.030e+01,8.701e+00,1.095e+01,1.177e+01,9.708e+00,9.395e+00,1.097e+01,9.012e+00,1.057e+01,9.821e+00,1.113e+01,1.058e+01,1.173e+01,9.499e+00
9.150e-02,5.226e-01,4.128e-01,1.176e+00,9.392e-01,1.486e+00,1.959e+00,2.361e+00,2.256e+00,1.928e+00,1.791e+00,3.440e+00,2.589e+00,3.457e+00,4.087e+00,5.476e+00,4.656e+00,5.489e+00,5.698e+00,5.991e+00,7.005e+00,6.834e+00,6.949e+00,5.588e+00,7.744e+00,7.606e+00,7.187e+00,6.919e+00,8.964e+00,8.839e+00,9.718e+00,8.820e+00,8.334e+00,1.012e+01,1.046e+01,1.341e+01,8.304e+00,1.179e+01,9.713e+00,1.124e+01,1.288e+01,1.145e+01,1.034e+01,1.250e+01,1.142e+01,1.208e+01,1.035e+01,1.249e+01,1.194e+01,1.359e+01,1.162e+01
7.055e-02,3.798e-01,3.147e-01,1.305e+00,9.872e-01,1.831e+00,1.810e+00,2.363e+00,2.227e+00,1.647e+00,1.879e+00,2.467e+00,2.527e+00,3.419e+00,3.346e+00,4.526e+00,4.534e+00,4.188e+00,4.323e+00,4.209e+00,4.583e+00,5.289e+00,5.224e+00,4.595e+00,5.661e+00,5.132e+00,5.382e+00,5.134e+00,7.027e+00,6.239e+00,6.647e+00,6.482e+00,7.249e+00,7.457e+00,7.384e+00,1.137e+01,6.995e+00,9.747e+00,9.147e+00,1.009e+01,1.121e+01,8.710e+00,9.039e+00,1.100e+01,9.466e+00,1.006e+01,1.050e+01,1.205e+01,1.096e+01,1.154e+01,1.020e+01
1.038e-01,6.441e-01,5.083e-01,5.953e-01,1.266e+00,1.584e+00,2.410e+00,1.812e+00,3.027e+00,2.515e+00,2.217e+00,3.101e+00,2.052e+00,3.364e+00,3.101e+00,4.336e+00,3.826e+00,4.444e+00,4.841e+00,4.605e+00,6.120e+00,6.292e+00,7.247e+00,5.855e+00,6.982e+00,7.178e+00,8.349e+00,8.074e+00,7.869e+00,8.019e+00,7.738e+00,6.019e+00,7.482e+00,8.139e+00,9.259e+00,1.116e+01,6.845e+00,1.009e+01,8.625e+00,1.068e+01,1.141e+01,9.954e+00,9.524e+00,1.224e+01,1.087e+01,1.189e+01,1.184e+01,1.242e+01,1.088e+01,1.047e+01,1.076e+01
1.880e-02,1.732e-01,2.686e-01,1.412e+00,1.392e+00,2.070e+00,2.442e+00,2.755e+00,2.211e+00,1.920e+00,2.458e+00,3.929e+00,2.896e+00,4.184e+00,3.986e+00,6.162e+00,5.001e+00,4.619e+00,5.108e+00,5.210e+00,6.667e+00,7.622e+00,6.702e+00,5.824e+00,7.581e+00,6.624e+00,7.537e+00,6.907e+00,7.501e+00,7.860e+00,9.046e+00,8.381e+00,8.241e+00,9.818e+00,9.397e+00,1.243e+01,8.334e+00,1.129e+01,8.735e+00,1.132e+01,1.251e+01,1.005e+01,1.078e+01,1.205e+01,1.068e+01,1.139e+01,1.099e+01,1.418e+01,1.321e+01,1.363e+01,1.177e+01
2.694e-02,3.375e-01,4.490e-01,1.493e+00,1.746e+00,1.880e+00,2.442e+00,2.645e+00,2.251e+00,1.819e+00,2.664e+00,3.977e+00,3.198e+00,4.212e+00,4.065e+00,5.923e+00,5.205e+00,4.821e+00,5.510e+00,5.610e+00,6.297e+00,6.594e+00,6.948e+00,5.446e+00,7.418e+00,5.900e+00,6.353e+00,6.846e+00,7.550e+00,6.539e+00,7.359e+00,7.947e+00,8.444e+00,9.466e+00,9.205e+00,1.229e+01,8.316e+00,1.197e+01,9.186e+00,1.069e+01,1.152e+01,9.921e+00,9.704e+00,1.243e+01,1.101e+01,1.199e+01,1.163e+01,1.256e+01,1.298e+01,1.298e+01,1.049e+01
7.252e-02,3.801e-01,3.236e-01,9.026e-01,1.028e+00,1.733e+00,1.872e+00,1.848e+00,2.430e+00,1.360e+00,2.062e+00,2.211e+00,2.047e+00,3.266e+00,3.884e+00,5.128e+00,4.291e+00,4.289e+00,5.007e+00,4.355e+00,6.536e+00,6.597e+00,6.919e+00,6.012e+00,7.596e+00,6.618e+00,6.982e+00,5.825e+00,7.863e+00,7.281e+00,7.502e+00,6.524e+00,8.689e+00,8.221e+00,9.044e+00,1.168e+01,8.041e+00,1.046e+01,9.241e+00,1.018e+01,1.096e+01,9.205e+00,8.509e+00,1.160e+01,9.534e+00,1.098e+01,1.059e+01,1.286e+01,1.006e+01,1.135e+01,1.043e+01
8.166e-02,5.062e-01,4.016e-01,5.373e-01,9.824e-01,1.238e+00,1.974e+00,1.847e+00,2.576e+00,2.256e+00,1.921e+00,3.740e+00,2.808e+00,3.604e+00,3.941e+00,5.755e+00,4.587e+00,5.273e+00,6.295e+00,5.977e+00,8.176e+00,8.026e+00,7.779e+00,6.543e+00,8.475e+00,7.629e+00,7.550e+00,7.190e+00,7.875e+00,8.650e+00,9.169e+00,7.653e+00,9.404e+00,1.092e+01,1.000e+01,1.392e+01,7.643e+00,1.300e+01,1.048e+01,1.203e+01,1.254e+01,1.149e+01,1.032e+01,1.338e+01,1.116e+01,1.213e+01,1.251e+01,1.532e+01,1.236e+01,1.350e+01,1.325e+01
4.986e-02,2.532e-01,1.678e-01,5.213e-01,3.696e-01,8.355e-01,1.495e+00,1.747e+00,2.218e+00,1.853e+00,1.920e+00,3.857e+00,2.462e+00,3.040e+00,3.491e+00,5.180e+00,4.461e+00,4.975e+00,5.539e+00,5.635e+00,7.087e+00,6.652e+00,6.360e+00,5.063e+00,7.174e+00,6.199e+00,5.751e+00,7.205e+00,6.895e+00,7.675e+00,8.012e+00,6.429e+00,8.202e+00,1.001e+01,9.362e+00,1.097e+01,7.160e+00,1.071e+01,8.813e+00,9.704e+00,1.081e+01,1.018e+01,8.853e+00,1.141e+01,1.080e+01,1.188e+01,1.279e+01,1.344e+01,1.102e+01,1.216e+01,1.160e+01
7.391e-02,5.704e-01,6.207e-01,1.726e+00,2.178e+00,2.650e+00,3.005e+00,3.350e+00,3.847e+00,3.068e+00,3.398e+00,5.140e+00,3.178e+00,5.329e+00,5.172e+00,6.961e+00,7.132e+00,6.597e+00,6.816e+00,6.771e+00,8.082e+00,9.036e+00,8.851e+00,7.566e+00,9.339e+00,8.343e+00,9.552e+00,8.952e+00,9.501e+00,9.025e+00,9.337e+00,8.910e+00,9.746e+00,1.058e+01,1.198e+01,1.389e+01,9.808e+00,1.324e+01,1.087e+01,1.297e+01,1.386e+01,1.160e+01,1.046e+01,1.403e+01,1.162e+01,1.298e+01,1.354e+01,1.602e+01,1.285e+01,1.558e+01,1.387e+01
4.844e-02,2.185e-01,3.283e-01,7.044e-01,1.142e+00,1.491e+00,1.965e+00,1.945e+00,2.089e+00,1.746e+00,1.770e+00,3.378e+00,2.029e+00,3.401e+00,4.126e+00,5.076e+00,5.001e+00,5.278e+00,4.952e+00,4.485e+00,7.587e+00,7.156e+00,6.323e+00,5.427e+00,6.862e+00,6.356e+00,7.209e+00,6.469e+00,8.320e+00,7.905e+00,8.313e+00,7.502e+00,8.440e+00,9.240e+00,9.174e+00,1.248e+01,8.183e+00,1.194e+01,9.697e+00,1.066e+01,1.310e+01,1.139e+01,9.945e+00,1.249e+01,1.170e+01,1.215e+01,1.226e+01,1.436e+01,1.242e+01,1.473e+01,1.331e+01
