5.598e-02,5.594e-01,9.858e-02,2.111e-02,3.701e-01,8.044e-03,6.491e-01,2.435e-01,4.624e-01,3.622e-01,3.104e-01,6.188e-01,3.760e-01,8.604e-01,5.983e-01,3.097e-01,5.839e-01,8.312e-01,7.175e-01,2.144e-01,8.923e-01,6.395e-01,4.901e-01,1.177e-01,1.992e-01,4.554e-01,4.665e-01,3.013e-01,7.932e-01,1.948e-01,1.588e-01,5.432e-01,6.236e-01,1.421e-01,5.899e-01,3.401e-01,7.899e-01,8.547e-01,7.470e-01,7.000e-02,1.273e-01,5.089e-01,5.468e-01,3.180e-01,9.421e-01,6.635e-01,4.918e-01,2.172e-01,5.544e-01,7.046e-01,1.450e-01,8.596e-02,8.026e-01,6.405e-01,4.732e-01,5.552e-01,7.958e-01,5.925e-01
6.176e-03,5.555e-01,2.621e-01,1.376e-01,1.036e+00,6.900e-01,9.907e-01,1.546e-01,3.663e-01,1.001e+00,1.017e+00,3.532e-01,4.360e-01,6.376e-01,5.019e-01,6.520e-02,7.057e-01,4.068e-01,9.662e-01,2.943e-01,6.622e-01,7.041e-01,7.077e-01,7.960e-01,4.239e-01,5.126e-01,3.949e-01,2.182e-01,5.767e-01,9.270e-01,6.723e-01,9.653e-01,1.052e+00,2.486e-01,1.059e+00,1.282e-01,4.281e-01,1.086e+00,7.403e-01,9.922e-01,6.332e-01,1.692e-01,1.003e-01,6.032e-01,2.063e-01,5.965e-01,5.622e-01,4.659e-02,6.290e-02,1.024e+00,8.277e-01,7.367e-01,6.805e-01,7.345e-01,7.583e-01,6.763e-01,4.158e-01,6.602e-01
1.843e-02,4.290e-01,8.604e-01,7.353e-01,6.960e-01,8.127e-01,1.365e+00,3.476e-01,7.552e-01,7.094e-01,7.302e-01,1.268e+00,1.057e+00,1.346e+00,8.363e-01,6.264e-01,5.767e-01,6.658e-01,1.610e+00,1.160e+00,7.859e-01,5.565e-01,1.334e+00,1.268e+00,1.194e+00,8.624e-01,6.279e-01,2.550e-01,6.612e-01,1.267e+00,6.345e-01,8.180e-01,1.147e+00,5.999e-01,1.392e+00,5.551e-01,1.229e+00,1.128e+00,1.014e+00,6.724e-01,7.949e-01,4.853e-01,7.975e-01,7.810e-01,9.136e-01,6.572e-01,1.018e+00,3.003e-01,4.526e-01,1.306e+00,1.381e+00,9.207e-01,1.455e+00,7.548e-01,9.996e-01,6.291e-01,1.011e+00,8.446e-01
3.996e-02,5.548e-01,6.840e-01,8.027e-01,7.617e-01,1.155e+00,1.608e+00,4.753e-01,9.576e-01,1.523e+00,7.949e-01,1.375e+00,1.378e+00,1.459e+00,1.541e+00,1.562e+00,9.239e-01,1.365e+00,1.804e+00,1.417e+00,1.597e+00,1.641e+00,2.070e+00,1.882e+00,1.783e+00,1.699e+00,1.516e+00,1.218e+00,1.268e+00,1.824e+00,1.497e+00,1.579e+00,1.466e+00,1.406e+00,1.774e+00,7.806e-01,2.172e+00,1.948e+00,1.694e+00,1.464e+00,1.010e+00,6.401e-01,1.844e+00,1.002e+00,1.155e+00,1.324e+00,1.148e+00,1.204e+00,9.130e-01,2.149e+00,1.870e+00,9.332e-01,2.265e+00,1.116e+00,1.431e+00,1.126e+00,1.248e+00,1.124e+00
4.755e-02,5.341e-01,7.955e-01,7.809e-01,1.460e+00,1.757e+00,2.353e+00,1.386e+00,1.131e+00,1.682e+00,1.024e+00,2.408e+00,2.164e+00,1.655e+00,1.938e+00,2.090e+00,9.983e-01,1.554e+00,2.252e+00,1.724e+00,1.530e+00,1.132e+00,2.659e+00,2.037e+00,2.169e+00,1.554e+00,1.825e+00,1.085e+00,1.466e+00,2.031e+00,1.789e+00,1.467e+00,1.346e+00,1.667e+00,2.457e+00,1.275e+00,2.392e+00,1.971e+00,1.636e+00,8.724e-01,1.146e+00,1.380e+00,2.308e+00,1.787e+00,2.026e+00,1.462e+00,1.543e+00,1.067e+00,1.632e+00,2.668e+00,2.183e+00,1.135e+00,2.951e+00,1.656e+00,1.986e+00,1.604e+00,2.196e+00,1.728e+00
2.162e-02,5.098e-01,3.478e-01,3.166e-01,1.497e+00,2.030e+00,1.966e+00,1.965e+00,1.528e+00,1.898e+00,1.782e+00,1.716e+00,1.861e+00,1.423e+00,1.633e+00,1.838e+00,1.553e+00,1.331e+00,1.806e+00,1.764e+00,1.326e+00,1.395e+00,2.159e+00,2.131e+00,1.690e+00,1.605e+00,1.746e+00,1.488e+00,1.762e+00,2.261e+00,2.285e+00,1.565e+00,1.440e+00,1.620e+00,2.294e+00,1.636e+00,2.291e+00,2.494e+00,1.623e+00,1.951e+00,1.577e+00,1.001e+00,2.191e+00,1.518e+00,1.092e+00,1.854e+00,1.286e+00,1.041e+00,1.141e+00,2.891e+00,2.525e+00,1.599e+00,2.106e+00,2.099e+00,2.118e+00,1.813e+00,2.221e+00,1.786e+00
5.364e-02,8.724e-01,4.205e-01,4.908e-01,1.687e+00,1.982e+00,2.343e+00,2.197e+00,2.260e+00,3.363e+00,1.784e+00,2.749e+00,2.786e+00,2.520e+00,2.339e+00,3.115e+00,2.663e+00,2.494e+00,2.860e+00,1.876e+00,2.513e+00,2.998e+00,2.873e+00,3.203e+00,2.816e+00,2.290e+00,2.502e+00,2.251e+00,2.406e+00,2.549e+00,2.785e+00,2.878e+00,2.245e+00,2.319e+00,3.216e+00,2.418e+00,2.937e+00,3.962e+00,2.498e+00,3.031e+00,1.816e+00,1.455e+00,3.056e+00,1.817e+00,1.650e+00,2.732e+00,2.390e+00,2.135e+00,1.614e+00,3.621e+00,3.262e+00,1.829e+00,3.821e+00,2.493e+00,2.844e+00,2.388e+00,2.674e+00,2.019e+00
3.049e-02,5.106e-01,6.746e-01,5.888e-01,9.458e-01,1.045e+00,1.564e+00,1.351e+00,1.238e+00,2.066e+00,9.803e-01,1.729e+00,1.446e+00,2.020e+00,1.622e+00,1.774e+00,1.353e+00,1.700e+00,2.521e+00,1.849e+00,1.856e+00,1.876e+00,1.844e+00,1.635e+00,2.305e+00,1.529e+00,1.180e+00,1.641e+00,1.784e+00,2.211e+00,1.798e+00,1.682e+00,2.175e+00,1.317e+00,2.003e+00,1.084e+00,1.882e+00,2.549e+00,1.338e+00,1.809e+00,1.103e+00,1.230e+00,1.866e+00,2.012e+00,1.425e+00,1.281e+00,1.842e+00,1.341e+00,1.064e+00,2.647e+00,2.087e+00,1.159e+00,2.183e+00,1.988e+00,2.119e+00,1.059e+00,2.272e+00,1.850e+00
4.500e-02,7.494e-01,6.028e-01,4.928e-01,1.085e+00,1.460e+00,1.845e+00,2.244e+00,2.507e+00,2.952e+00,1.730e+00,2.599e+00,2.845e+00,3.083e+00,1.884e+00,3.289e+00,3.422e+00,2.660e+00,3.364e+00,2.261e+00,2.910e+00,2.895e+00,2.253e+00,2.650e+00,3.195e+00,2.841e+00,2.595e+00,2.618e+00,3.222e+00,3.034e+00,2.684e+00,2.960e+00,2.740e+00,2.162e+00,3.009e+00,3.054e+00,2.695e+00,3.692e+00,2.257e+00,3.713e+00,1.939e+00,1.884e+00,2.582e+00,1.984e+00,2.365e+00,2.777e+00,3.082e+00,2.496e+00,1.378e+00,3.354e+00,3.129e+00,2.502e+00,3.527e+00,2.769e+00,3.024e+00,1.900e+00,3.783e+00,2.084e+00
4.666e-02,9.330e-01,4.889e-01,3.119e-01,1.689e+00,1.710e+00,2.178e+00,1.935e+00,1.844e+00,2.485e+00,2.451e+00,2.605e+00,2.827e+00,2.602e+00,2.761e+00,2.724e+00,3.128e+00,2.498e+00,3.382e+00,2.729e+00,2.922e+00,2.340e+00,2.501e+00,3.065e+00,2.285e+00,2.308e+00,2.361e+00,1.897e+00,2.764e+00,2.632e+00,2.880e+00,2.775e+00,3.250e+00,2.463e+00,3.114e+00,2.199e+00,2.588e+00,4.193e+00,2.403e+00,3.277e+00,1.913e+00,1.778e+00,2.655e+00,2.027e+00,2.106e+00,2.541e+00,2.639e+00,2.142e+00,2.164e+00,4.230e+00,3.474e+00,2.232e+00,3.441e+00,3.285e+00,3.401e+00,2.209e+00,3.106e+00,2.881e+00
5.294e-03,3.921e-01,6.880e-01,6.142e-01,1.133e+00,1.530e+00,1.687e+00,1.843e+00,1.838e+00,2.483e+00,1.866e+00,3.311e+00,3.367e+00,3.208e+00,2.265e+00,2.961e+00,3.143e+00,1.943e+00,3.392e+00,2.843e+00,2.582e+00,2.588e+00,3.181e+00,3.095e+00,3.052e+00,1.729e+00,2.538e+00,1.621e+00,2.648e+00,2.601e+00,2.864e+00,2.779e+00,2.787e+00,2.800e+00,3.072e+00,2.773e+00,2.097e+00,3.800e+00,1.928e+00,3.226e+00,1.765e+00,2.112e+00,2.461e+00,1.771e+00,1.893e+00,2.694e+00,3.272e+00,2.205e+00,1.938e+00,3.355e+00,3.249e+00,2.590e+00,3.634e+00,2.291e+00,2.849e+00,2.124e+00,2.435e+00,1.912e+00
2.655e-02,4.248e-01,4.642e-01,5.239e-01,7.670e-01,1.056e+00,1.327e+00,1.293e+00,1.304e+00,2.687e+00,1.299e+00,2.797e+00,2.799e+00,3.507e+00,2.634e+00,4.080e+00,3.603e+00,3.283e+00,3.779e+00,3.216e+00,3.527e+00,3.133e+00,2.805e+00,2.923e+00,4.061e+00,3.116e+00,3.563e+00,2.713e+00,3.396e+00,4.005e+00,3.931e+00,3.844e+00,3.260e+00,3.466e+00,2.722e+00,3.163e+00,2.518e+00,4.235e+00,2.778e+00,4.416e+00,1.657e+00,3.147e+00,3.058e+00,3.212e+00,2.895e+00,3.295e+00,3.165e+00,3.021e+00,2.798e+00,4.360e+00,2.924e+00,3.128e+00,4.225e+00,3.446e+00,3.453e+00,2.120e+00,3.609e+00,2.737e+00
2.194e-03,3.915e-02,6.822e-01,8.565e-01,7.561e-01,2.101e+00,1.744e+00,2.655e+00,2.424e+00,3.301e+00,1.701e+00,3.603e+00,4.400e+00,3.395e+00,3.863e+00,5.171e+00,4.256e+00,3.896e+00,4.603e+00,4.080e+00,3.680e+00,3.919e+00,4.522e+00,4.984e+00,4.622e+00,3.453e+00,4.483e+00,3.604e+00,3.953e+00,4.072e+00,4.654e+00,4.343e+00,3.385e+00,4.709e+00,3.728e+00,4.270e+00,3.660e+00,5.336e+00,3.100e+00,4.915e+00,3.296e+00,3.386e+00,4.959e+00,3.131e+00,2.898e+00,3.508e+00,4.603e+00,4.695e+00,2.538e+00,4.584e+00,5.358e+00,3.946e+00,5.503e+00,3.635e+00,4.696e+00,2.976e+00,3.952e+00,2.767e+00
2.104e-03,7.191e-02,8.120e-02,1.686e-01,4.914e-01,1.108e+00,7.811e-01,1.794e+00,1.282e+00,2.153e+00,1.201e+00,1.897e+00,2.150e+00,3.195e+00,3.086e+00,3.603e+00,3.556e+00,3.714e+00,3.528e+00,2.985e+00,2.987e+00,3.296e+00,3.178e+00,3.483e+00,3.102e+00,3.083e+00,2.979e+00,3.119e+00,3.441e+00,4.016e+00,4.263e+00,4.003e+00,2.502e+00,3.476e+00,2.748e+00,3.597e+00,3.043e+00,4.462e+00,2.483e+00,3.810e+00,2.238e+00,2.841e+00,3.545e+00,3.289e+00,1.963e+00,3.452e+00,2.668e+00,2.981e+00,2.555e+00,4.295e+00,3.765e+00,3.190e+00,3.734e+00,3.988e+00,4.272e+00,2.614e+00,3.325e+00,2.911e+00
4.113e-03,3.691e-01,8.162e-01,7.047e-01,1.072e+00,1.697e+00,1.791e+00,2.175e+00,2.220e+00,2.586e+00,2.064e+00,3.683e+00,3.869e+00,4.140e+00,3.921e+00,4.571e+00,4.529e+00,3.632e+00,5.186e+00,3.975e+00,4.187e+00,3.660e+00,4.061e+00,5.339e+00,3.925e+00,3.724e+00,3.772e+00,2.805e+00,3.697e+00,4.110e+00,4.372e+00,4.689e+00,4.248e+00,4.470e+00,4.149e+00,4.797e+00,3.337e+00,5.609e+00,3.170e+00,4.891e+00,3.553e+00,3.600e+00,3.902e+00,3.077e+00,2.982e+00,4.525e+00,4.897e+00,3.453e+00,3.377e+00,4.930e+00,4.671e+00,4.895e+00,5.461e+00,4.078e+00,4.439e+00,3.518e+00,4.123e+00,3.024e+00
4.411e-02,7.676e-01,3.033e-01,1.946e-01,1.105e+00,1.169e+00,1.526e+00,1.442e+00,1.615e+00,2.075e+00,1.834e+00,2.130e+00,2.479e+00,2.864e+00,2.565e+00,3.436e+00,4.183e+00,3.257e+00,4.178e+00,2.884e+00,3.444e+00,3.686e+00,3.417e+00,3.609e+00,3.394e+00,3.044e+00,3.903e+00,2.341e+00,3.881e+00,3.770e+00,3.987e+00,3.693e+00,3.677e+00,3.266e+00,2.887e+00,3.789e+00,3.046e+00,4.307e+00,2.783e+00,4.164e+00,2.335e+00,2.411e+00,3.087e+00,2.282e+00,3.042e+00,3.445e+00,3.477e+00,2.491e+00,2.913e+00,4.025e+00,3.362e+00,3.315e+00,4.117e+00,4.169e+00,3.923e+00,3.046e+00,3.406e+00,3.318e+00
5.015e-02,7.643e-01,8.077e-01,8.109e-01,1.872e+00,2.190e+00,2.762e+00,2.480e+00,2.137e+00,3.826e+00,1.767e+00,3.678e+00,3.522e+00,4.521e+00,4.724e+00,5.638e+00,5.013e+00,5.701e+00,7.381e+00,4.697e+00,6.002e+00,5.880e+00,6.417e+00,6.912e+00,6.527e+00,5.667e+00,5.367e+00,4.574e+00,5.503e+00,6.666e+00,6.728e+00,5.959e+00,5.663e+00,5.135e+00,5.758e+00,5.844e+00,5.851e+00,6.793e+00,4.242e+00,5.473e+00,4.342e+00,4.393e+00,5.854e+00,5.023e+00,4.336e+00,5.701e+00,5.710e+00,4.484e+00,4.953e+00,6.638e+00,5.904e+00,5.683e+00,7.384e+00,5.902e+00,6.517e+00,4.658e+00,5.432e+00,4.967e+00
1.880e-02,3.198e-01,4.293e-01,4.071e-01,4.877e-01,8.317e-01,1.005e+00,1.871e+00,1.915e+00,2.730e+00,1.038e+00,2.320e+00,2.548e+00,2.949e+00,2.719e+00,3.845e+00,3.890e+00,3.968e+00,5.169e+00,3.313e+00,4.637e+00,5.043e+00,3.736e+00,4.701e+00,5.235e+00,3.297e+00,3.759e+00,3.378e+00,4.516e+00,4.027e+00,4.812e+00,4.395e+00,4.687e+00,3.856e+00,3.097e+00,4.767e+00,3.087e+00,5.501e+00,3.289e+00,4.954e+00,3.688e+00,3.673e+00,4.413e+00,3.621e+00,2.725e+00,3.889e+00,5.311e+00,4.571e+00,3.187e+00,3.879e+00,4.216e+00,3.901e+00,4.479e+00,3.951e+00,4.136e+00,2.960e+00,3.553e+00,3.558e+00
4.825e-02,7.233e-01,6.008e-01,5.311e-01,1.467e+00,1.734e+00,2.195e+00,1.941e+00,1.919e+00,2.712e+00,1.630e+00,2.823e+00,3.190e+00,3.386e+00,3.368e+00,4.022e+00,4.186e+00,4.461e+00,5.822e+00,3.426e+00,5.002e+00,4.034e+00,5.239e+00,5.542e+00,4.733e+00,4.236e+00,5.284e+00,3.811e+00,5.220e+00,4.799e+00,4.894e+00,5.226e+00,4.119e+00,3.606e+00,4.907e+00,5.244e+00,4.659e+00,5.850e+00,4.440e+00,4.936e+00,3.944e+00,3.935e+00,4.906e+00,4.379e+00,3.982e+00,4.394e+00,4.725e+00,4.263e+00,3.113e+00,4.939e+00,5.098e+00,5.272e+00,5.800e+00,4.716e+00,4.873e+00,3.938e+00,4.406e+00,3.597e+00
2.712e-02,7.152e-01,5.199e-01,3.948e-01,1.430e+00,1.416e+00,1.815e+00,1.137e+00,1.175e+00,1.875e+00,2.058e+00,2.616e+00,2.959e+00,3.337e+00,3.830e+00,3.313e+00,4.392e+00,3.999e+00,5.652e+00,4.762e+00,5.043e+00,4.812e+00,5.757e+00,5.827e+00,4.245e+00,3.520e+00,5.308e+00,2.529e+00,4.901e+00,4.791e+00,6.231e+00,6.114e+00,5.182e+00,4.712e+00,3.895e+00,5.123e+00,4.441e+00,6.370e+00,4.768e+00,4.809e+00,4.549e+00,4.590e+00,4.487e+00,4.328e+00,3.871e+00,4.695e+00,5.800e+00,4.046e+00,4.148e+00,5.522e+00,5.081e+00,5.853e+00,6.110e+00,5.510e+00,4.909e+00,5.301e+00,3.415e+00,4.713e+00
2.430e-02,5.140e-01,8.488e-01,8.150e-01,1.356e+00,1.749e+00,2.148e+00,1.846e+00,1.871e+00,2.981e+00,1.869e+00,3.775e+00,4.003e+00,3.920e+00,3.881e+00,4.729e+00,4.368e+00,3.996e+00,6.455e+00,4.646e+00,7.311e+00,5.238e+00,6.524e+00,6.782e+00,6.242e+00,5.375e+00,5.767e+00,4.487e+00,6.203e+00,5.063e+00,6.412e+00,6.731e+00,6.071e+00,4.887e+00,5.718e+00,5.959e+00,5.019e+00,7.474e+00,4.905e+00,6.688e+00,5.476e+00,5.100e+00,5.416e+00,4.866e+00,4.956e+00,6.037e+00,6.639e+00,5.518e+00,5.586e+00,6.428e+00,5.950e+00,6.044e+00,6.966e+00,5.031e+00,5.516e+00,5.052e+00,4.960e+00,4.639e+00
3.562e-02,5.478e-01,3.542e-01,3.064e-01,1.535e+00,1.800e+00,2.011e+00,2.189e+00,1.593e+00,2.810e+00,2.074e+00,3.218e+00,3.558e+00,3.413e+00,3.953e+00,4.755e+00,4.463e+00,4.067e+00,5.381e+00,4.607e+00,5.625e+00,5.372e+00,5.620e+00,5.490e+00,5.095e+00,4.599e+00,5.720e+00,4.004e+00,5.463e+00,5.254e+00,6.963e+00,5.839e+00,5.395e+00,5.589e+00,4.379e+00,5.592e+00,5.140e+00,6.223e+00,4.991e+00,6.080e+00,4.604e+00,5.495e+00,5.316e+00,5.299e+00,5.304e+00,5.743e+00,6.179e+00,5.411e+00,5.576e+00,6.454e+00,4.922e+00,5.300e+00,6.678e+00,6.349e+00,5.761e+00,5.613e+00,5.331e+00,5.164e+00
5.074e-02,6.101e-01,4.677e-01,5.739e-01,1.132e+00,1.903e+00,2.041e+00,2.382e+00,2.284e+00,3.002e+00,1.905e+00,3.487e+00,3.548e+00,4.026e+00,3.221e+00,4.630e+00,4.500e+00,4.445e+00,6.051e+00,4.613e+00,6.516e+00,6.374e+00,7.103e+00,7.208e+00,7.074e+00,4.937e+00,7.893e+00,5.763e+00,7.859e+00,5.852e+00,8.316e+00,6.795e+00,6.367e+00,5.986e+00,5.406e+00,6.914e+00,6.174e+00,8.140e+00,6.423e+00,8.171e+00,6.044e+00,5.733e+00,7.292e+00,5.906e+00,5.452e+00,6.807e+00,6.453e+00,6.990e+00,6.502e+00,6.818e+00,6.264e+00,5.896e+00,7.038e+00,6.502e+00,6.279e+00,5.978e+00,5.799e+00,5.109e+00
5.019e-02,8.272e-01,7.777e-01,6.139e-01,1.647e+00,1.757e+00,2.415e+00,2.393e+00,2.140e+00,3.125e+00,2.116e+00,3.750e+00,3.602e+00,4.663e+00,4.558e+00,4.582e+00,4.718e+00,4.875e+00,6.733e+00,4.740e+00,6.252e+00,6.122e+00,6.457e+00,7.127e+00,6.583e+00,5.374e+00,6.910e+00,5.049e+00,6.855e+00,6.642e+00,7.899e+00,7.139e+00,7.339e+00,6.496e+00,5.638e+00,6.819e+00,6.314e+00,8.227e+00,6.278e+00,7.160e+00,6.047e+00,7.123e+00,6.922e+00,6.851e+00,5.773e+00,6.693e+00,7.897e+00,6.285e+00,6.814e+00,7.797e+00,6.258e+00,6.549e+00,7.743e+00,6.927e+00,7.334e+00,6.557e+00,7.159e+00,6.024e+00
1.971e-03,1.926e-01,2.759e-01,2.534e-01,1.102e+00,1.555e+00,1.399e+00,1.975e+00,1.376e+00,2.176e+00,1.846e+00,3.087e+00,3.370e+00,3.807e+00,3.663e+00,4.150e+00,4.649e+00,4.208e+00,6.014e+00,5.207e+00,6.145e+00,4.941e+00,6.600e+00,6.762e+00,6.826e+00,5.572e+00,7.309e+00,4.793e+00,6.799e+00,6.689e+00,8.373e+00,7.165e+00,6.085e+00,6.182e+00,6.060e+00,7.694e+00,6.277e+00,7.818e+00,6.230e+00,6.768e+00,5.458e+00,6.711e+00,6.641e+00,6.239e+00,5.507e+00,5.924e+00,6.715e+00,5.400e+00,6.161e+00,8.103e+00,6.686e+00,6.708e+00,7.605e+00,7.172e+00,6.636e+00,6.744e+00,5.540e+00,6.212e+00
3.187e-02,8.108e-01,8.936e-01,8.096e-01,1.367e+00,1.630e+00,2.152e+00,1.270e+00,1.824e+00,2.650e+00,1.816e+00,2.528e+00,2.887e+00,3.907e+00,3.138e+00,3.954e+00,4.644e+00,4.234e+00,6.152e+00,4.035e+00,5.795e+00,6.515e+00,6.426e+00,6.704e+00,7.039e+00,6.700e+00,7.569e+00,5.658e+00,7.829e+00,7.853e+00,8.525e+00,7.725e+00,7.239e+00,6.978e+00,5.876e+00,7.626e+00,6.823e+00,6.647e+00,7.236e+00,8.115e+00,6.969e+00,6.886e+00,6.994e+00,6.349e+00,6.216e+00,7.094e+00,7.636e+00,6.239e+00,6.812e+00,6.961e+00,6.096e+00,6.653e+00,8.550e+00,7.069e+00,7.230e+00,7.216e+00,6.537e+00,6.135e+00
4.740e-02,6.851e-01,2.571e-01,1.906e-01,1.291e+00,1.074e+00,1.609e+00,1.632e+00,1.361e+00,2.559e+00,1.372e+00,2.467e+00,2.415e+00,3.365e+00,3.795e+00,4.039e+00,4.276e+00,4.586e+00,5.981e+00,4.277e+00,5.844e+00,5.072e+00,5.847e+00,6.698e+00,5.569e+00,5.403e+00,7.204e+00,5.615e+00,6.439e+00,6.230e+00,8.196e+00,8.170e+00,6.669e+00,5.638e+00,6.453e+00,6.420e+00,6.550e+00,7.946e+00,6.870e+00,6.872e+00,6.270e+00,6.248e+00,7.110e+00,6.725e+00,5.749e+00,5.537e+00,6.882e+00,5.995e+00,5.907e+00,7.561e+00,6.672e+00,6.123e+00,8.712e+00,7.984e+00,7.122e+00,7.384e+00,5.839e+00,5.684e+00
2.240e-02,3.045e-01,6.412e-01,6.448e-01,1.247e+00,2.034e+00,2.068e+00,2.520e+00,2.020e+00,2.631e+00,1.961e+00,3.911e+00,3.963e+00,4.220e+00,4.018e+00,4.988e+00,4.562e+00,4.219e+00,6.079e+00,5.042e+00,6.362e+00,6.020e+00,7.151e+00,7.431e+00,6.757e+00,5.574e+00,7.527e+00,6.018e+00,7.595e+00,7.297e+00,9.839e+00,8.324e+00,7.529e+00,7.646e+00,6.915e+00,8.078e+00,7.713e+00,8.357e+00,6.932e+00,8.192e+00,7.277e+00,7.415e+00,8.231e+00,7.667e+00,6.561e+00,7.726e+00,8.907e+00,7.509e+00,8.113e+00,7.618e+00,7.733e+00,7.057e+00,9.093e+00,7.598e+00,7.933e+00,8.069e+00,7.526e+00,6.397e+00
8.939e-03,2.787e-01,5.794e-01,6.937e-01,1.215e+00,2.133e+00,1.955e+00,2.134e+00,1.769e+00,2.827e+00,1.809e+00,2.854e+00,3.184e+00,2.681e+00,3.268e+00,4.130e+00,3.321e+00,3.301e+00,5.309e+00,4.243e+00,5.445e+00,5.237e+00,5.882e+00,6.195e+00,6.763e+00,5.485e+00,6.520e+00,5.333e+00,6.016e+00,7.220e+00,8.310e+00,5.607e+00,7.246e+00,6.820e+00,6.729e+00,6.392e+00,6.577e+00,6.775e+00,6.112e+00,7.306e+00,6.643e+00,6.619e+00,7.540e+00,6.484e+00,5.736e+00,6.139e+00,7.867e+00,6.975e+00,5.968e+00,7.141e+00,6.792e+00,6.164e+00,8.072e+00,5.665e+00,6.934e+00,6.751e+00,6.379e+00,5.499e+00
6.675e-03,4.064e-01,2.231e-01,2.468e-01,1.215e+00,1.697e+00,1.505e+00,2.166e+00,1.924e+00,2.852e+00,2.107e+00,3.232e+00,3.366e+00,3.713e+00,3.482e+00,4.628e+00,4.768e+00,4.150e+00,5.430e+00,4.616e+00,5.146e+00,5.406e+00,5.612e+00,7.618e+00,6.623e+00,5.523e+00,8.217e+00,5.924e+00,7.350e+00,8.266e+00,1.031e+01,9.217e+00,8.007e+00,7.740e+00,6.724e+00,8.109e+00,7.254e+00,9.264e+00,8.491e+00,1.031e+01,7.988e+00,7.932e+00,9.158e+00,8.853e+00,5.829e+00,7.336e+00,8.558e+00,7.842e+00,8.535e+00,9.054e+00,8.354e+00,7.498e+00,9.848e+00,8.550e+00,8.692e+00,8.761e+00,7.505e+00,6.876e+00
4.975e-02,5.172e-01,6.555e-01,7.443e-01,1.150e+00,1.590e+00,2.063e+00,1.924e+00,1.892e+00,2.943e+00,1.420e+00,3.791e+00,4.020e+00,4.091e+00,4.581e+00,5.017e+00,4.566e+00,4.790e+00,6.203e+00,4.754e+00,6.529e+00,5.631e+00,6.745e+00,6.787e+00,6.734e+00,6.133e+00,6.808e+00,4.979e+00,6.261e+00,7.086e+00,9.310e+00,7.990e+00,7.592e+00,7.218e+00,7.443e+00,7.926e+00,7.855e+00,8.362e+00,6.893e+00,7.551e+00,6.898e+00,6.913e+00,8.195e+00,7.780e+00,6.873e+00,6.658e+00,9.322e+00,7.213e+00,7.444e+00,8.926e+00,8.484e+00,7.469e+00,1.063e+01,7.193e+00,7.997e+00,7.997e+00,7.447e+00,6.014e+00
3.319e-02,4.626e-01,6.198e-01,6.968e-01,1.411e+00,2.311e+00,2.327e+00,2.744e+00,2.203e+00,3.462e+00,2.211e+00,4.035e+00,4.118e+00,5.042e+00,4.738e+00,6.157e+00,5.513e+00,5.589e+00,7.846e+00,6.162e+00,7.990e+00,6.761e+00,7.483e+00,8.116e+00,8.790e+00,7.856e+00,8.808e+00,7.362e+00,9.048e+00,1.056e+01,1.173e+01,1.012e+01,1.032e+01,9.319e+00,1.012e+01,1.061e+01,1.010e+01,1.036e+01,9.546e+00,1.042e+01,8.673e+00,9.580e+00,1.034e+01,1.019e+01,8.521e+00,9.935e+00,1.073e+01,9.056e+00,9.498e+00,1.089e+01,9.673e+00,9.535e+00,1.234e+01,9.930e+00,9.822e+00,9.597e+00,9.862e+00,9.034e+00
1.442e-02,2.053e-01,6.043e-01,5.381e-01,9.486e-01,1.608e+00,1.651e+00,2.288e+00,1.903e+00,2.008e+00,1.343e+00,2.930e+00,2.912e+00,3.513e+00,3.036e+00,3.532e+00,3.476e+00,3.646e+00,5.176e+00,3.678e+00,5.124e+00,4.108e+00,5.889e+00,6.307e+00,5.695e+00,5.555e+00,6.470e+00,5.875e+00,7.256e+00,6.727e+00,7.964e+00,7.964e+00,7.565e+00,6.798e+00,8.754e+00,8.884e+00,7.770e+00,8.599e+00,7.830e+00,8.104e+00,7.889e+00,7.392e+00,8.651e+00,7.625e+00,6.753e+00,7.791e+00,7.381e+00,7.156e+00,7.490e+00,7.552e+00,8.141e+00,7.592e+00,9.806e+00,7.723e+00,7.754e+00,7.542e+00,7.317e+00,6.428e+00
4.513e-02,8.544e-01,8.842e-01,8.366e-01,1.299e+00,1.710e+00,2.248e+00,2.076e+00,2.459e+00,3.536e+00,1.887e+00,3.323e+00,3.336e+00,4.650e+00,3.479e+00,4.931e+00,5.273e+00,5.298e+00,7.098e+00,5.401e+00,6.310e+00,6.196e+00,6.585e+00,7.378e+00,8.100e+00,6.747e+00,7.926e+00,6.208e+00,8.033e+00,9.696e+00,1.014e+01,9.806e+00,9.890e+00,8.324e+00,1.008e+01,1.079e+01,1.053e+01,1.049e+01,1.006e+01,1.029e+01,8.747e+00,8.677e+00,9.838e+00,1.012e+01,8.093e+00,9.165e+00,1.002e+01,8.344e+00,8.946e+00,1.074e+01,1.061e+01,1.018e+01,1.310e+01,9.663e+00,1.009e+01,8.770e+00,1.036e+01,9.218e+00
2.266e-04,4.432e-01,9.009e-01,9.627e-01,1.694e+00,2.747e+00,2.579e+00,2.148e+00,1.999e+00,3.162e+00,2.507e+00,3.553e+00,3.988e+00,4.142e+00,3.690e+00,5.022e+00,4.601e+00,4.142e+00,5.606e+00,5.240e+00,5.562e+00,5.101e+00,6.378e+00,7.052e+00,7.381e+00,6.344e+00,7.728e+00,5.745e+00,6.927e+00,8.791e+00,1.092e+01,9.325e+00,8.438e+00,8.275e+00,9.399e+00,8.566e+00,9.106e+00,9.294e+00,9.656e+00,1.049e+01,9.067e+00,7.762e+00,9.447e+00,9.282e+00,8.071e+00,8.931e+00,8.731e+00,8.851e+00,9.226e+00,1.118e+01,1.009e+01,8.438e+00,1.175e+01,1.011e+01,9.466e+00,9.140e+00,8.687e+00,8.277e+00
3.120e-02,7.407e-01,2.927e-01,2.246e-01,1.247e+00,1.168e+00,1.510e+00,1.785e+00,1.809e+00,2.956e+00,1.890e+00,2.762e+00,2.916e+00,4.127e+00,4.118e+00,4.015e+00,5.225e+00,5.017e+00,6.736e+00,4.233e+00,6.622e+00,7.327e+00,7.641e+00,7.353e+00,6.909e+00,6.271e+00,8.024e+00,6.740e+00,8.292e+00,8.870e+00,1.052e+01,1.031e+01,1.010e+01,8.226e+00,9.707e+00,1.001e+01,1.010e+01,1.086e+01,1.052e+01,1.107e+01,1.055e+01,1.021e+01,1.139e+01,1.021e+01,8.908e+00,1.031e+01,1.197e+01,9.881e+00,1.059e+01,9.620e+00,1.030e+01,1.019e+01,1.277e+01,1.043e+01,1.198e+01,1.103e+01,8.557e+00,9.524e+00
1.591e-02,5.584e-01,2.359e-01,3.583e-01,1.066e+00,1.245e+00,1.317e+00,4.862e-01,7.556e-01,1.987e+00,1.757e+00,2.220e+00,2.587e+00,2.991e+00,3.401e+00,3.685e+00,4.271e+00,3.882e+00,5.590e+00,4.592e+00,5.740e+00,5.153e+00,6.118e+00,7.334e+00,5.998e+00,5.313e+00,8.209e+00,5.101e+00,7.419e+00,8.282e+00,1.024e+01,9.604e+00,9.311e+00,8.172e+00,8.291e+00,8.548e+00,8.526e+00,9.467e+00,9.761e+00,9.941e+00,9.482e+00,8.470e+00,9.750e+00,9.500e+00,7.607e+00,8.026e+00,9.323e+00,8.554e+00,1.020e+01,1.023e+01,9.670e+00,9.407e+00,1.218e+01,8.789e+00,9.215e+00,9.206e+00,8.194e+00,7.895e+00
4.924e-02,4.988e-01,4.682e-01,3.785e-01,9.388e-01,1.041e+00,1.578e+00,2.167e+00,1.867e+00,2.459e+00,1.346e+00,3.909e+00,3.534e+00,5.131e+00,4.198e+00,4.860e+00,5.208e+00,5.429e+00,6.667e+00,5.255e+00,6.390e+00,6.286e+00,7.220e+00,7.517e+00,7.437e+00,5.856e+00,9.161e+00,6.436e+00,8.560e+00,8.735e+00,1.159e+01,1.084e+01,9.331e+00,9.398e+00,9.690e+00,1.136e+01,1.049e+01,1.169e+01,1.146e+01,1.052e+01,1.063e+01,1.147e+01,1.225e+01,1.248e+01,1.098e+01,1.075e+01,1.167e+01,1.055e+01,1.194e+01,1.218e+01,1.117e+01,1.067e+01,1.467e+01,1.202e+01,1.162e+01,1.148e+01,1.111e+01,9.548e+00
1.983e-02,3.487e-01,4.832e-01,4.240e-01,7.627e-01,1.353e+00,1.395e+00,2.521e+00,2.314e+00,2.800e+00,1.891e+00,3.728e+00,3.718e+00,4.405e+00,3.608e+00,4.834e+00,5.131e+00,4.852e+00,6.105e+00,5.671e+00,6.103e+00,5.928e+00,6.292e+00,7.087e+00,7.284e+00,5.675e+00,7.221e+00,5.564e+00,7.195e+00,7.898e+00,1.002e+01,8.530e+00,9.084e+00,8.309e+00,8.892e+00,1.004e+01,9.370e+00,1.048e+01,9.699e+00,1.105e+01,9.721e+00,9.976e+00,1.148e+01,1.054e+01,9.659e+00,9.728e+00,1.071e+01,9.696e+00,1.103e+01,1.121e+01,1.127e+01,1.047e+01,1.353e+01,1.009e+01,1.083e+01,9.937e+00,1.007e+01,9.564e+00
2.651e-02,4.813e-01,5.178e-01,5.638e-01,1.494e+00,2.297e+00,2.241e+00,2.539e+00,2.143e+00,3.091e+00,2.480e+00,3.780e+00,4.397e+00,3.924e+00,4.469e+00,5.200e+00,5.031e+00,4.534e+00,6.196e+00,4.840e+00,6.201e+00,5.559e+00,6.274e+00,7.280e+00,6.313e+00,5.141e+00,7.153e+00,5.418e+00,7.266e+00,7.273e+00,9.956e+00,8.604e+00,9.021e+00,8.083e+00,8.682e+00,8.247e+00,7.992e+00,9.975e+00,8.790e+00,1.030e+01,1.020e+01,8.709e+00,1.158e+01,1.032e+01,8.736e+00,9.555e+00,1.047e+01,1.053e+01,9.996e+00,1.135e+01,1.118e+01,8.306e+00,1.254e+01,9.333e+00,9.981e+00,8.902e+00,9.790e+00,8.084e+00
1.947e-02,5.664e-01,2.243e-01,1.443e-01,1.345e+00,1.292e+00,1.488e+00,1.386e+00,1.239e+00,2.217e+00,1.951e+00,2.660e+00,3.075e+00,2.899e+00,3.411e+00,3.629e+00,4.192e+00,3.136e+00,5.146e+00,3.555e+00,5.280e+00,4.237e+00,5.160e+00,5.593e+00,4.743e+00,4.240e+00,6.595e+00,4.188e+00,5.786e+00,5.580e+00,7.837e+00,7.191e+00,8.137e+00,7.023e+00,8.773e+00,8.362e+00,7.173e+00,8.551e+00,8.632e+00,8.940e+00,9.682e+00,8.831e+00,9.912e+00,9.186e+00,9.125e+00,8.723e+00,9.822e+00,8.661e+00,8.720e+00,1.103e+01,9.670e+00,9.601e+00,1.166e+01,9.161e+00,9.091e+00,9.600e+00,8.656e+00,7.676e+00
4.647e-02,6.253e-01,7.957e-01,7.882e-01,8.290e-01,1.205e+00,1.774e+00,1.757e+00,2.062e+00,2.907e+00,1.213e+00,3.112e+00,2.799e+00,4.354e+00,2.970e+00,4.446e+00,4.231e+00,4.608e+00,5.843e+00,4.393e+00,5.740e+00,5.555e+00,5.494e+00,6.277e+00,6.929e+00,6.272e+00,6.867e+00,6.259e+00,7.221e+00,7.998e+00,9.042e+00,8.775e+00,8.289e+00,7.285e+00,8.781e+00,9.403e+00,9.459e+00,9.495e+00,1.015e+01,1.047e+01,1.030e+01,1.047e+01,1.272e+01,1.100e+01,9.571e+00,1.101e+01,1.085e+01,1.090e+01,1.135e+01,1.133e+01,1.034e+01,1.093e+01,1.417e+01,1.050e+01,1.082e+01,9.869e+00,1.105e+01,8.873e+00
4.370e-02,5.016e-01,3.401e-01,4.368e-01,8.192e-01,1.175e+00,1.449e+00,1.477e+00,1.341e+00,2.388e+00,1.458e+00,2.467e+00,2.750e+00,2.782e+00,3.949e+00,3.940e+00,3.679e+00,3.903e+00,5.325e+00,4.833e+00,5.992e+00,5.558e+00,6.051e+00,6.278e+00,5.793e+00,5.676e+00,6.774e+00,5.282e+00,5.963e+00,6.259e+00,8.957e+00,7.206e+00,8.102e+00,6.871e+00,6.986e+00,7.258e+00,8.513e+00,8.809e+00,8.229e+00,8.889e+00,9.268e+00,8.614e+00,1.151e+01,9.256e+00,9.386e+00,8.656e+00,1.053e+01,1.028e+01,1.002e+01,1.134e+01,1.008e+01,9.344e+00,1.180e+01,9.803e+00,1.025e+01,9.396e+00,8.582e+00,7.887e+00
3.138e-02,5.476e-01,6.142e-01,5.888e-01,1.332e+00,1.993e+00,2.116e+00,2.239e+00,1.899e+00,2.402e+00,1.849e+00,2.702e+00,2.655e+00,3.115e+00,3.198e+00,3.421e+00,3.226e+00,3.983e+00,5.343e+00,4.182e+00,5.025e+00,4.425e+00,5.629e+00,6.761e+00,6.519e+00,4.677e+00,7.442e+00,5.902e+00,7.053e+00,7.845e+00,1.018e+01,8.248e+00,8.268e+00,7.395e+00,8.519e+00,8.404e+00,8.442e+00,9.566e+00,9.131e+00,9.477e+00,9.881e+00,9.195e+00,1.189e+01,1.162e+01,9.001e+00,8.298e+00,1.091e+01,9.749e+00,9.843e+00,1.109e+01,1.146e+01,9.917e+00,1.150e+01,9.618e+00,1.034e+01,1.070e+01,9.548e+00,8.658e+00
5.131e-02,9.442e-01,9.417e-01,9.587e-01,1.647e+00,2.383e+00,2.782e+00,2.207e+00,2.352e+00,3.354e+00,2.402e+00,3.257e+00,3.181e+00,4.288e+00,3.811e+00,4.551e+00,4.134e+00,4.478e+00,5.769e+00,5.340e+00,5.661e+00,5.826e+00,5.869e+00,6.452e+00,6.998e+00,6.465e+00,6.942e+00,5.707e+00,7.041e+00,1.007e+01,1.067e+01,9.199e+00,9.863e+00,8.536e+00,9.578e+00,9.360e+00,1.078e+01,1.086e+01,1.148e+01,1.186e+01,1.194e+01,1.131e+01,1.447e+01,1.325e+01,1.121e+01,1.258e+01,1.247e+01,1.176e+01,1.208e+01,1.443e+01,1.297e+01,1.235e+01,1.590e+01,1.232e+01,1.273e+01,1.257e+01,1.276e+01,1.182e+01
2.824e-02,6.878e-01,8.415e-01,7.037e-01,1.637e+00,2.083e+00,2.420e+00,2.318e+00,2.126e+00,2.932e+00,2.448e+00,3.532e+00,3.744e+00,3.790e+00,4.076e+00,4.515e+00,4.498e+00,3.944e+00,6.535e+00,5.319e+00,6.222e+00,5.034e+00,6.093e+00,7.136e+00,6.389e+00,5.594e+00,7.347e+00,5.554e+00,7.282e+00,8.000e+00,9.917e+00,9.719e+00,1.049e+01,7.929e+00,9.740e+00,9.500e+00,9.143e+00,1.086e+01,1.005e+01,1.050e+01,9.810e+00,9.149e+00,1.145e+01,1.072e+01,9.775e+00,1.055e+01,1.219e+01,1.117e+01,1.096e+01,1.240e+01,1.219e+01,1.133e+01,1.398e+01,1.144e+01,1.168e+01,1.171e+01,1.053e+01,1.044e+01
1.405e-02,4.047e-01,4.181e-01,4.087e-01,8.404e-01,1.072e+00,1.241e+00,1.677e+00,1.691e+00,2.919e+00,1.740e+00,3.464e+00,3.713e+00,4.352e+00,4.163e+00,5.070e+00,5.376e+00,4.975e+00,6.406e+00,4.917e+00,6.640e+00,6.388e+00,6.081e+00,6.742e+00,7.550e+00,6.089e+00,7.782e+00,5.700e+00,7.642e+00,7.924e+00,9.747e+00,8.964e+00,9.404e+00,9.007e+00,8.392e+00,1.028e+01,8.061e+00,1.100e+01,1.031e+01,1.097e+01,1.019e+01,1.109e+01,1.209e+01,1.053e+01,1.044e+01,1.139e+01,1.228e+01,1.247e+01,1.223e+01,1.275e+01,1.104e+01,1.156e+01,1.428e+01,1.129e+01,1.200e+01,1.187e+01,1.029e+01,1.076e+01
4.477e-02,7.389e-01,7.291e-01,6.494e-01,1.256e+00,1.590e+00,2.082e+00,2.273e+00,2.445e+00,3.364e+00,2.155e+00,4.054e+00,4.387e+00,5.330e+00,4.183e+00,5.138e+00,5.889e+00,5.357e+00,6.725e+00,5.378e+00,6.843e+00,6.084e+00,6.431e+00,6.507e+00,6.609e+00,6.313e+00,6.555e+00,5.564e+00,7.926e+00,8.234e+00,9.260e+00,9.832e+00,8.673e+00,7.931e+00,9.699e+00,1.071e+01,1.001e+01,1.077e+01,1.059e+01,1.039e+01,1.050e+01,1.059e+01,1.263e+01,1.161e+01,1.094e+01,1.284e+01,1.314e+01,1.315e+01,1.338e+01,1.464e+01,1.321e+01,1.348e+01,1.642e+01,1.224e+01,1.338e+01,1.268e+01,1.234e+01,1.208e+01
1.202e-02,6.001e-01,8.197e-01,8.157e-01,1.541e+00,2.066e+00,2.242e+00,1.503e+00,1.528e+00,2.646e+00,2.203e+00,2.765e+00,3.037e+00,3.444e+00,3.694e+00,3.718e+00,3.630e+00,3.330e+00,5.315e+00,4.081e+00,4.907e+00,4.759e+00,5.724e+00,6.449e+00,5.256e+00,5.516e+00,6.315e+00,5.136e+00,6.383e+00,7.308e+00,8.312e+00,7.837e+00,8.064e+00,7.440e+00,8.044e+00,7.804e+00,8.708e+00,8.323e+00,9.112e+00,9.862e+00,9.752e+00,8.701e+00,1.188e+01,1.012e+01,8.870e+00,1.106e+01,1.063e+01,1.106e+01,1.316e+01,1.380e+01,1.254e+01,1.162e+01,1.522e+01,1.174e+01,1.184e+01,1.201e+01,1.148e+01,1.112e+01
2.039e-02,2.501e-01,1.522e-01,3.161e-01,5.916e-01,9.562e-01,9.647e-01,1.235e+00,1.008e+00,2.316e+00,7.927e-01,1.868e+00,1.713e+00,2.908e+00,2.979e+00,3.912e+00,3.180e+00,3.700e+00,4.839e+00,3.460e+00,5.418e+00,4.530e+00,4.710e+00,6.167e+00,6.324e+00,6.196e+00,7.282e+00,6.559e+00,6.942e+00,7.573e+00,8.691e+00,8.489e+00,8.041e+00,7.265e+00,8.237e+00,8.341e+00,8.476e+00,8.918e+00,9.444e+00,1.058e+01,1.016e+01,9.876e+00,1.239e+01,1.155e+01,9.596e+00,1.161e+01,1.059e+01,1.193e+01,1.302e+01,1.420e+01,1.200e+01,1.194e+01,1.464e+01,1.120e+01,1.216e+01,1.307e+01,1.186e+01,1.185e+01
6.714e-03,2.981e-01,5.762e-01,6.540e-01,9.870e-01,1.781e+00,1.668e+00,2.113e+00,1.991e+00,2.946e+00,1.756e+00,3.068e+00,3.218e+00,3.091e+00,3.379e+00,4.521e+00,3.635e+00,3.431e+00,5.051e+00,4.211e+00,5.688e+00,4.980e+00,5.391e+00,6.940e+00,6.603e+00,5.468e+00,7.473e+00,6.440e+00,6.834e+00,7.586e+00,1.059e+01,8.887e+00,9.086e+00,8.336e+00,9.132e+00,9.093e+00,9.014e+00,1.023e+01,1.032e+01,1.208e+01,1.146e+01,1.017e+01,1.413e+01,1.275e+01,1.087e+01,1.090e+01,1.382e+01,1.365e+01,1.294e+01,1.417e+01,1.441e+01,1.335e+01,1.638e+01,1.312e+01,1.274e+01,1.448e+01,1.308e+01,1.271e+01
4.892e-02,6.255e-01,4.110e-01,4.721e-01,7.484e-01,9.523e-01,1.397e+00,1.229e+00,1.487e+00,2.469e+00,1.283e+00,2.543e+00,2.807e+00,3.731e+00,4.022e+00,4.501e+00,4.774e+00,4.913e+00,6.216e+00,4.391e+00,6.098e+00,6.045e+00,6.485e+00,6.990e+00,6.828e+00,6.024e+00,8.418e+00,5.918e+00,7.444e+00,7.600e+00,9.042e+00,8.454e+00,8.600e+00,8.229e+00,8.397e+00,9.175e+00,9.010e+00,9.493e+00,9.404e+00,9.812e+00,9.411e+00,9.708e+00,1.144e+01,1.045e+01,1.072e+01,1.001e+01,1.129e+01,1.065e+01,1.172e+01,1.250e+01,1.138e+01,1.233e+01,1.499e+01,1.211e+01,1.220e+01,1.165e+01,1.117e+01,1.214e+01
2.904e-03,2.508e-01,7.082e-01,8.409e-01,9.732e-01,1.912e+00,1.783e+00,1.802e+00,1.924e+00,3.004e+00,1.821e+00,3.498e+00,4.223e+00,3.723e+00,4.222e+00,5.467e+00,5.123e+00,4.476e+00,6.466e+00,5.318e+00,6.214e+00,6.236e+00,7.018e+00,7.718e+00,7.426e+00,6.003e+00,8.257e+00,5.363e+00,6.927e+00,7.857e+00,9.818e+00,8.255e+00,8.578e+00,8.795e+00,7.903e+00,9.337e+00,8.255e+00,9.342e+00,8.571e+00,1.037e+01,9.861e+00,9.980e+00,1.228e+01,1.009e+01,9.991e+00,1.047e+01,1.268e+01,1.193e+01,1.203e+01,1.324e+01,1.269e+01,1.309e+01,1.590e+01,1.112e+01,1.336e+01,1.343e+01,1.151e+01,1.171e+01
4.582e-03,3.786e-01,8.299e-01,7.613e-01,1.696e+00,2.412e+00,2.433e+00,2.793e+00,2.211e+00,3.402e+00,2.397e+00,3.946e+00,4.209e+00,4.331e+00,4.516e+00,5.561e+00,5.253e+00,4.791e+00,7.076e+00,5.980e+00,6.472e+00,6.661e+00,7.502e+00,8.137e+00,8.018e+00,6.982e+00,8.376e+00,6.808e+00,8.452e+00,1.015e+01,1.236e+01,1.082e+01,1.107e+01,1.036e+01,1.114e+01,1.189e+01,1.133e+01,1.143e+01,1.165e+01,1.272e+01,1.155e+01,1.174e+01,1.483e+01,1.365e+01,1.140e+01,1.342e+01,1.505e+01,1.442e+01,1.542e+01,1.615e+01,1.569e+01,1.555e+01,2.008e+01,1.663e+01,1.651e+01,1.713e+01,1.550e+01,1.720e+01
3.004e-02,5.737e-01,8.291e-01,7.186e-01,1.414e+00,1.878e+00,2.237e+00,1.905e+00,1.755e+00,2.238e+00,1.900e+00,3.049e+00,3.114e+00,3.139e+00,3.433e+00,3.993e+00,3.790e+00,3.734e+00,6.099e+00,4.351e+00,6.026e+00,5.170e+00,6.657e+00,6.830e+00,6.602e+00,5.275e+00,7.284e+00,5.256e+00,7.386e+00,7.214e+00,8.637e+00,7.569e+00,8.382e+00,7.199e+00,8.319e+00,8.464e+00,8.105e+00,9.343e+00,8.551e+00,9.383e+00,9.875e+00,8.703e+00,1.133e+01,9.572e+00,1.001e+01,1.071e+01,1.104e+01,1.077e+01,1.098e+01,1.161e+01,1.105e+01,1.165e+01,1.427e+01,1.186e+01,1.461e+01,1.254e+01,1.266e+01,1.380e+01
4.052e-02,8.291e-01,5.444e-01,5.958e-01,1.330e+00,1.734e+00,2.028e+00,2.289e+00,2.472e+00,3.935e+00,2.049e+00,3.193e+00,3.272e+00,4.386e+00,4.406e+00,5.032e+00,4.798e+00,5.102e+00,6.245e+00,4.876e+00,6.703e+00,5.935e+00,5.932e+00,7.707e+00,7.237e+00,6.770e+00,8.170e+00,7.051e+00,7.519e+00,8.546e+00,1.058e+01,1.044e+01,9.723e+00,8.469e+00,9.815e+00,1.015e+01,9.907e+00,1.187e+01,1.123e+01,1.162e+01,1.098e+01,1.055e+01,1.371e+01,1.262e+01,1.124e+01,1.195e+01,1.399e+01,1.348e+01,1.279e+01,1.623e+01,1.567e+01,1.509e+01,1.739e+01,1.458e+01,1.600e+01,1.662e+01,1.502e+01,1.538e+01
6.187e-04,2.372e-01,1.303e-01,1.598e-01,8.275e-01,1.209e+00,1.005e+00,1.858e+00,1.439e+00,2.530e+00,1.748e+00,2.542e+00,2.721e+00,3.183e+00,3.558e+00,4.119e+00,4.042e+00,3.487e+00,5.130e+00,4.340e+00,5.757e+00,5.505e+00,5.420e+00,6.737e+00,5.545e+00,5.238e+00,7.090e+00,6.095e+00,7.138e+00,7.338e+00,1.034e+01,8.850e+00,9.109e+00,8.509e+00,8.514e+00,9.030e+00,8.673e+00,1.010e+01,9.535e+00,1.157e+01,1.115e+01,1.024e+01,1.363e+01,1.259e+01,1.098e+01,1.199e+01,1.306e+01,1.283e+01,1.330e+01,1.445e+01,1.384e+01,1.424e+01,1.691e+01,1.392e+01,1.494e+01,1.515e+01,1.418e+01,1.383e+01
1.984e-02,3.747e-01,6.462e-01,6.873e-01,1.457e+00,2.340e+00,2.284e+00,2.940e+00,2.335e+00,3.605e+00,2.203e+00,3.997e+00,4.299e+00,4.052e+00,4.686e+00,5.776e+00,5.067e+00,5.414e+00,7.465e+00,6.006e+00,7.216e+00,6.420e+00,7.199e+00,8.196e+00,8.366e+00,6.536e+00,7.833e+00,6.166e+00,7.776e+00,8.806e+00,1.010e+01,8.267e+00,9.416e+00,8.642e+00,9.314e+00,1.065e+01,9.753e+00,1.133e+01,1.019e+01,1.111e+01,1.117e+01,1.144e+01,1.448e+01,1.270e+01,1.146e+01,1.248e+01,1.367e+01,1.394e+01,1.306e+01,1.485e+01,1.475e+01,1.513e+01,1.692e+01,1.355e+01,1.578e+01,1.363e+01,1.455e+01,1.572e+01
