7.099e-01,2.192e-01,7.281e-01,1.589e-01,7.969e-01,5.323e-01,3.637e-01,8.201e-01,6.922e-01,1.233e-01,4.092e-01,1.310e-01,2.171e-01,7.554e-02,1.315e-01,7.292e-01,2.426e-01,7.515e-01,9.648e-01,3.840e-01,3.820e-02,4.454e-01,9.255e-01,3.725e-01,1.315e-01,2.528e-01,9.335e-01,1.657e-01,5.838e-01,1.585e-01,4.002e-02,4.589e-01,3.214e-01,7.825e-01,5.865e-01,2.208e-01,5.111e-02,4.382e-01,3.164e-01,3.504e-02,6.359e-01,9.140e-01,5.827e-01,9.059e-01,6.824e-02,4.813e-01,2.686e-02,8.728e-01,8.280e-01,5.756e-01,7.341e-01,7.374e-01,8.872e-01,7.135e-01,4.377e-01,7.665e-01,2.565e-01,1.986e-01,4.715e-01
6.723e-01,6.228e-01,1.262e+00,1.884e-01,1.114e+00,8.220e-01,1.199e+00,1.764e+00,1.066e+00,3.330e-01,1.134e+00,9.265e-01,1.003e+00,7.714e-01,9.783e-01,1.167e+00,5.693e-01,1.204e+00,1.616e+00,1.101e+00,2.231e-01,5.692e-01,1.721e+00,5.779e-01,7.251e-01,8.685e-01,1.522e+00,4.148e-01,8.399e-01,7.162e-01,4.609e-01,4.413e-01,5.775e-01,1.511e+00,1.115e+00,2.229e-01,6.293e-02,1.232e+00,3.267e-01,4.654e-01,7.517e-01,1.376e+00,7.102e-01,9.911e-01,2.657e-01,6.690e-01,1.022e+00,1.412e+00,7.969e-01,7.717e-01,1.345e+00,8.872e-01,1.380e+00,9.289e-01,9.596e-01,1.279e+00,6.115e-01,2.656e-01,1.384e+00
2.448e-01,4.396e-01,1.058e+00,2.719e-01,1.336e+00,9.103e-01,1.610e+00,1.322e+00,9.329e-01,1.067e+00,1.116e+00,1.468e+00,9.320e-01,7.901e-01,1.162e+00,1.240e+00,7.738e-01,9.086e-01,1.015e+00,1.669e+00,9.285e-01,9.907e-01,1.979e+00,6.902e-01,1.211e+00,1.626e+00,1.705e+00,7.611e-01,6.605e-01,8.204e-01,1.227e+00,8.255e-01,7.371e-01,1.570e+00,7.174e-01,3.377e-01,3.516e-01,1.480e+00,6.678e-01,5.027e-01,1.344e+00,8.862e-01,8.473e-01,7.630e-01,4.018e-01,9.043e-01,1.169e+00,1.084e+00,8.893e-01,8.275e-01,1.177e+00,8.852e-01,1.011e+00,7.643e-01,1.052e+00,1.640e+00,1.240e+00,6.359e-01,1.969e+00
1.436e-01,4.568e-01,1.004e+00,4.343e-01,1.811e+00,1.190e+00,1.647e+00,1.389e+00,1.313e+00,1.867e+00,1.707e+00,1.618e+00,1.538e+00,1.455e+00,1.664e+00,2.072e+00,9.618e-01,1.651e+00,1.308e+00,1.965e+00,1.426e+00,1.542e+00,2.549e+00,8.796e-01,1.860e+00,2.464e+00,1.944e+00,1.214e+00,1.144e+00,1.808e+00,1.837e+00,1.183e+00,9.155e-01,2.064e+00,1.021e+00,3.913e-01,1.240e+00,2.368e+00,1.569e+00,5.506e-01,1.661e+00,8.275e-01,1.101e+00,8.877e-01,1.111e+00,9.274e-01,1.716e+00,1.347e+00,1.321e+00,1.252e+00,1.294e+00,8.590e-01,1.069e+00,1.394e+00,1.693e+00,2.208e+00,1.515e+00,6.622e-01,2.821e+00
5.987e-01,5.051e-01,1.191e+00,4.241e-01,1.923e+00,1.974e+00,1.929e+00,1.926e+00,2.363e+00,2.339e+00,2.432e+00,1.715e+00,1.834e+00,1.827e+00,2.079e+00,2.388e+00,1.516e+00,2.756e+00,2.640e+00,2.365e+00,1.469e+00,2.380e+00,3.290e+00,1.096e+00,2.016e+00,2.666e+00,2.179e+00,1.901e+00,2.038e+00,2.257e+00,2.080e+00,1.122e+00,1.593e+00,2.761e+00,2.138e+00,1.024e+00,1.342e+00,2.767e+00,2.257e+00,1.322e+00,1.798e+00,1.298e+00,1.625e+00,1.274e+00,1.141e+00,1.372e+00,1.902e+00,2.105e+00,1.525e+00,1.684e+00,1.681e+00,1.443e+00,1.957e+00,2.053e+00,2.596e+00,2.747e+00,1.559e+00,1.089e+00,3.261e+00
1.442e-01,1.393e-01,5.682e-01,2.177e-01,9.607e-01,1.017e+00,1.602e+00,7.752e-01,1.405e+00,1.299e+00,1.478e+00,1.382e+00,5.304e-01,1.166e+00,1.143e+00,1.486e+00,1.204e+00,9.075e-01,1.209e+00,1.570e+00,1.053e+00,1.045e+00,2.161e+00,1.218e+00,1.141e+00,1.774e+00,1.840e+00,9.161e-01,8.921e-01,1.176e+00,1.542e+00,1.047e+00,1.464e+00,1.518e+00,1.026e+00,9.062e-01,1.144e+00,1.271e+00,1.089e+00,3.951e-01,1.964e+00,5.305e-01,1.184e+00,5.597e-01,2.789e-01,1.501e+00,1.131e+00,1.299e+00,1.151e+00,1.439e+00,1.184e+00,1.366e+00,1.131e+00,1.280e+00,1.064e+00,1.534e+00,1.673e+00,6.326e-01,1.394e+00
3.850e-01,5.103e-01,1.219e+00,3.191e-01,1.631e+00,2.065e+00,3.707e+00,2.654e+00,3.388e+00,3.320e+00,3.444e+00,2.462e+00,1.908e+00,2.631e+00,2.650e+00,3.182e+00,2.906e+00,2.952e+00,3.448e+00,3.512e+00,2.599e+00,2.531e+00,4.529e+00,1.728e+00,2.158e+00,3.836e+00,3.440e+00,2.681e+00,2.615e+00,2.865e+00,2.814e+00,1.796e+00,3.013e+00,3.355e+00,2.704e+00,1.864e+00,1.422e+00,2.970e+00,2.129e+00,1.885e+00,3.382e+00,2.205e+00,2.518e+00,1.658e+00,1.528e+00,2.130e+00,2.620e+00,2.660e+00,2.168e+00,2.936e+00,2.029e+00,1.990e+00,2.683e+00,2.654e+00,2.609e+00,3.550e+00,2.333e+00,2.102e+00,3.742e+00
3.605e-01,2.861e-01,6.204e-01,1.101e-01,6.384e-01,1.023e+00,1.669e+00,1.947e+00,2.566e+00,2.219e+00,2.320e+00,1.751e+00,1.415e+00,1.909e+00,1.385e+00,2.100e+00,1.826e+00,1.629e+00,2.782e+00,1.671e+00,1.253e+00,1.244e+00,2.585e+00,1.865e+00,1.593e+00,2.462e+00,2.394e+00,1.521e+00,1.850e+00,2.303e+00,1.471e+00,1.664e+00,2.029e+00,1.874e+00,2.524e+00,1.894e+00,1.515e+00,1.466e+00,1.019e+00,1.606e+00,1.845e+00,1.435e+00,1.645e+00,1.806e+00,9.957e-01,1.415e+00,1.476e+00,2.480e+00,1.454e+00,1.952e+00,2.039e+00,1.807e+00,1.641e+00,1.751e+00,1.526e+00,2.106e+00,1.642e+00,1.103e+00,1.509e+00
5.241e-01,5.677e-01,1.387e+00,4.372e-01,2.042e+00,2.109e+00,3.248e+00,2.880e+00,4.418e+00,4.547e+00,3.764e+00,3.454e+00,3.190e+00,3.553e+00,2.844e+00,4.035e+00,3.555e+00,3.554e+00,4.412e+00,3.807e+00,2.595e+00,3.325e+00,4.819e+00,2.779e+00,3.102e+00,4.309e+00,4.237e+00,2.726e+00,3.405e+00,4.123e+00,3.735e+00,2.445e+00,3.145e+00,3.880e+00,3.588e+00,2.411e+00,2.366e+00,4.113e+00,2.655e+00,2.208e+00,3.477e+00,2.241e+00,3.293e+00,2.693e+00,2.329e+00,2.229e+00,2.737e+00,3.627e+00,2.905e+00,3.328e+00,2.759e+00,3.236e+00,2.860e+00,2.984e+00,3.123e+00,4.176e+00,2.867e+00,2.039e+00,3.866e+00
6.152e-02,5.839e-02,2.691e-01,2.217e-01,8.224e-01,6.801e-01,1.506e+00,1.315e+00,2.840e+00,3.919e+00,3.086e+00,2.336e+00,2.497e+00,3.276e+00,2.112e+00,3.216e+00,2.939e+00,2.246e+00,3.442e+00,2.824e+00,2.717e+00,2.835e+00,2.661e+00,2.225e+00,2.162e+00,3.336e+00,3.287e+00,2.027e+00,2.732e+00,3.421e+00,3.098e+00,2.565e+00,2.320e+00,2.021e+00,3.012e+00,1.863e+00,1.992e+00,3.150e+00,1.599e+00,1.427e+00,2.834e+00,2.102e+00,2.623e+00,2.058e+00,2.655e+00,1.525e+00,1.537e+00,2.294e+00,2.738e+00,2.856e+00,2.263e+00,2.813e+00,1.639e+00,1.824e+00,1.651e+00,2.974e+00,1.709e+00,2.030e+00,2.164e+00
2.862e-01,9.176e-02,4.065e-01,2.306e-01,9.293e-01,1.073e+00,1.929e+00,1.560e+00,2.789e+00,3.116e+00,2.933e+00,2.185e+00,2.336e+00,3.155e+00,2.029e+00,3.707e+00,2.430e+00,2.904e+00,3.796e+00,2.953e+00,3.057e+00,2.482e+00,3.827e+00,2.362e+00,2.437e+00,3.050e+00,3.676e+00,2.433e+00,2.738e+00,2.837e+00,2.520e+00,2.810e+00,3.275e+00,2.886e+00,2.611e+00,2.529e+00,2.339e+00,2.545e+00,1.963e+00,2.044e+00,3.163e+00,2.732e+00,2.835e+00,2.767e+00,2.210e+00,1.971e+00,1.571e+00,2.415e+00,2.655e+00,3.444e+00,2.185e+00,2.495e+00,2.402e+00,2.840e+00,2.630e+00,2.917e+00,1.690e+00,2.145e+00,2.930e+00
5.031e-01,2.364e-01,9.075e-01,3.935e-01,1.671e+00,1.622e+00,2.024e+00,1.695e+00,3.497e+00,3.632e+00,2.911e+00,3.437e+00,3.583e+00,3.579e+00,3.003e+00,4.233e+00,3.642e+00,3.229e+00,4.710e+00,3.958e+00,3.205e+00,3.148e+00,5.107e+00,3.519e+00,3.611e+00,3.296e+00,4.432e+00,2.778e+00,3.491e+00,4.100e+00,3.514e+00,2.652e+00,3.318e+00,4.134e+00,3.613e+00,3.282e+00,3.142e+00,3.884e+00,3.163e+00,2.839e+00,4.000e+00,2.048e+00,3.988e+00,3.661e+00,2.729e+00,3.153e+00,2.229e+00,3.099e+00,3.290e+00,3.431e+00,2.735e+00,4.223e+00,2.889e+00,3.647e+00,3.923e+00,3.847e+00,3.138e+00,2.179e+00,3.458e+00
6.577e-01,2.674e-01,1.010e+00,3.082e-01,1.505e+00,1.826e+00,2.366e+00,2.192e+00,3.586e+00,4.046e+00,3.949e+00,3.820e+00,4.352e+00,4.885e+00,4.069e+00,5.182e+00,4.839e+00,4.576e+00,6.882e+00,5.417e+00,4.895e+00,4.600e+00,5.709e+00,4.473e+00,4.667e+00,4.481e+00,5.890e+00,4.020e+00,4.479e+00,4.118e+00,3.932e+00,3.865e+00,4.201e+00,4.537e+00,5.363e+00,4.118e+00,2.932e+00,4.270e+00,2.972e+00,4.534e+00,4.561e+00,3.909e+00,4.329e+00,4.951e+00,3.952e+00,3.894e+00,2.519e+00,3.509e+00,4.149e+00,4.265e+00,4.724e+00,4.808e+00,3.612e+00,4.511e+00,4.539e+00,4.604e+00,3.017e+00,4.047e+00,5.110e+00
4.178e-01,4.338e-01,8.604e-01,1.386e-01,8.384e-01,1.087e+00,1.701e+00,1.844e+00,2.376e+00,2.098e+00,2.320e+00,2.008e+00,2.322e+00,3.194e+00,2.330e+00,3.317e+00,2.448e+00,3.388e+00,4.052e+00,2.840e+00,2.179e+00,2.955e+00,3.123e+00,2.916e+00,2.266e+00,2.411e+00,3.612e+00,2.235e+00,2.272e+00,2.581e+00,2.514e+00,1.733e+00,2.908e+00,3.072e+00,2.898e+00,2.213e+00,2.143e+00,2.379e+00,2.047e+00,2.763e+00,1.982e+00,2.877e+00,2.283e+00,2.727e+00,2.620e+00,2.409e+00,1.977e+00,2.360e+00,2.704e+00,2.211e+00,2.969e+00,3.052e+00,2.119e+00,2.475e+00,2.388e+00,2.620e+00,2.094e+00,2.480e+00,3.329e+00
2.789e-01,2.445e-01,6.065e-01,3.158e-01,1.264e+00,1.322e+00,1.510e+00,1.585e+00,2.949e+00,3.074e+00,2.954e+00,2.622e+00,3.131e+00,4.457e+00,3.443e+00,5.182e+00,3.279e+00,4.622e+00,5.254e+00,3.458e+00,4.183e+00,3.770e+00,4.645e+00,4.778e+00,4.308e+00,4.657e+00,5.283e+00,3.199e+00,3.225e+00,4.511e+00,3.485e+00,3.706e+00,4.541e+00,4.689e+00,4.761e+00,3.444e+00,4.779e+00,4.042e+00,3.481e+00,3.745e+00,3.641e+00,3.290e+00,3.802e+00,4.592e+00,4.579e+00,3.943e+00,3.399e+00,3.509e+00,4.703e+00,3.462e+00,4.338e+00,4.186e+00,3.138e+00,4.887e+00,3.383e+00,3.762e+00,3.548e+00,3.202e+00,5.171e+00
7.977e-02,3.728e-01,8.599e-01,2.530e-01,1.198e+00,1.191e+00,2.576e+00,2.142e+00,3.239e+00,3.857e+00,3.719e+00,4.150e+00,4.196e+00,4.718e+00,3.933e+00,5.775e+00,5.083e+00,3.518e+00,5.561e+00,5.663e+00,4.946e+00,3.840e+00,5.614e+00,5.139e+00,5.329e+00,5.263e+00,6.378e+00,3.489e+00,4.473e+00,5.003e+00,4.846e+00,3.674e+00,4.892e+00,4.455e+00,5.395e+00,4.509e+00,3.445e+00,4.642e+00,3.520e+00,4.273e+00,5.008e+00,3.625e+00,4.757e+00,4.336e+00,3.942e+00,4.319e+00,3.409e+00,4.137e+00,4.223e+00,4.346e+00,4.355e+00,5.418e+00,3.677e+00,4.223e+00,4.585e+00,5.081e+00,4.009e+00,3.892e+00,5.178e+00
4.267e-01,3.881e-01,9.195e-01,2.020e-01,1.100e+00,1.395e+00,2.243e+00,2.030e+00,2.834e+00,2.834e+00,2.701e+00,2.585e+00,3.238e+00,3.475e+00,3.415e+00,3.951e+00,4.163e+00,3.863e+00,5.598e+00,4.331e+00,4.021e+00,3.800e+00,5.509e+00,4.107e+00,4.330e+00,4.192e+00,4.438e+00,3.424e+00,4.131e+00,4.021e+00,2.978e+00,3.480e+00,3.612e+00,4.288e+00,4.557e+00,3.701e+00,3.367e+00,4.014e+00,3.189e+00,4.545e+00,3.881e+00,3.501e+00,4.133e+00,4.831e+00,4.322e+00,3.262e+00,3.859e+00,3.710e+00,3.938e+00,3.303e+00,3.445e+00,4.176e+00,4.092e+00,4.977e+00,3.615e+00,3.654e+00,2.752e+00,3.749e+00,4.916e+00
5.656e-01,5.442e-01,1.197e+00,3.791e-01,1.725e+00,1.679e+00,2.658e+00,2.476e+00,3.496e+00,3.677e+00,3.996e+00,2.897e+00,3.490e+00,4.347e+00,4.055e+00,5.595e+00,4.521e+00,5.258e+00,6.298e+00,5.292e+00,5.223e+00,4.900e+00,6.298e+00,4.571e+00,4.741e+00,6.291e+00,6.582e+00,3.666e+00,5.146e+00,6.091e+00,4.862e+00,4.317e+00,4.927e+00,5.211e+00,6.026e+00,4.051e+00,4.873e+00,6.068e+00,4.687e+00,4.658e+00,5.742e+00,5.166e+00,5.254e+00,4.533e+00,5.243e+00,4.420e+00,4.843e+00,5.030e+00,5.937e+00,5.134e+00,4.107e+00,5.920e+00,5.111e+00,5.290e+00,4.813e+00,5.297e+00,3.730e+00,4.668e+00,5.749e+00
3.366e-01,3.297e-01,8.682e-01,2.299e-01,1.111e+00,9.395e-01,1.742e+00,1.728e+00,2.531e+00,2.632e+00,2.228e+00,2.616e+00,2.387e+00,3.166e+00,2.284e+00,3.862e+00,2.556e+00,3.409e+00,5.365e+00,3.876e+00,4.208e+00,4.386e+00,5.026e+00,4.803e+00,4.445e+00,4.513e+00,5.297e+00,3.351e+00,3.797e+00,4.057e+00,4.176e+00,4.676e+00,4.400e+00,4.702e+00,3.568e+00,3.481e+00,4.482e+00,4.002e+00,3.025e+00,4.610e+00,4.225e+00,4.618e+00,3.930e+00,4.795e+00,4.373e+00,3.581e+00,3.183e+00,3.817e+00,4.960e+00,3.444e+00,4.223e+00,4.742e+00,4.120e+00,3.759e+00,3.636e+00,3.328e+00,3.744e+00,3.697e+00,4.591e+00
3.483e-01,2.771e-01,6.575e-01,2.209e-01,9.763e-01,1.040e+00,1.419e+00,1.488e+00,2.699e+00,2.521e+00,2.353e+00,2.260e+00,2.504e+00,3.098e+00,2.647e+00,4.031e+00,3.376e+00,3.509e+00,5.403e+00,3.953e+00,5.036e+00,4.938e+00,5.867e+00,5.061e+00,5.789e+00,5.117e+00,5.671e+00,3.448e+00,4.785e+00,5.648e+00,4.553e+00,4.755e+00,5.061e+00,5.530e+00,5.147e+00,4.387e+00,5.533e+00,5.218e+00,4.577e+00,5.462e+00,5.549e+00,4.436e+00,5.268e+00,5.090e+00,4.886e+00,4.657e+00,4.235e+00,5.243e+00,5.194e+00,4.361e+00,4.578e+00,5.516e+00,4.606e+00,5.158e+00,4.736e+00,3.702e+00,3.945e+00,3.843e+00,4.664e+00
1.402e-01,8.923e-02,4.759e-01,2.808e-01,1.133e+00,1.094e+00,2.240e+00,1.643e+00,3.004e+00,3.740e+00,2.810e+00,2.652e+00,2.984e+00,3.457e+00,3.124e+00,5.134e+00,4.672e+00,3.593e+00,5.554e+00,5.046e+00,7.170e+00,5.326e+00,6.802e+00,5.552e+00,6.445e+00,6.306e+00,7.018e+00,5.179e+00,6.069e+00,6.599e+00,5.020e+00,5.155e+00,6.178e+00,6.289e+00,6.026e+00,4.951e+00,4.996e+00,5.858e+00,4.676e+00,5.559e+00,6.985e+00,4.817e+00,6.226e+00,5.672e+00,5.793e+00,4.972e+00,4.025e+00,5.623e+00,5.907e+00,4.982e+00,4.819e+00,5.157e+00,4.801e+00,6.414e+00,5.150e+00,5.099e+00,4.434e+00,4.812e+00,6.692e+00
1.617e-01,4.432e-01,8.531e-01,3.398e-01,1.451e+00,1.189e+00,1.545e+00,1.813e+00,2.041e+00,2.862e+00,3.365e+00,3.111e+00,3.918e+00,4.657e+00,3.963e+00,5.633e+00,3.839e+00,4.989e+00,6.816e+00,5.719e+00,7.088e+00,6.163e+00,7.286e+00,6.111e+00,8.116e+00,7.298e+00,8.544e+00,5.381e+00,6.256e+00,6.111e+00,6.209e+00,6.373e+00,5.786e+00,6.157e+00,6.420e+00,5.636e+00,6.595e+00,6.545e+00,5.752e+00,7.039e+00,6.418e+00,6.337e+00,5.785e+00,6.657e+00,6.261e+00,5.380e+00,5.273e+00,6.010e+00,6.912e+00,5.641e+00,7.418e+00,5.659e+00,5.663e+00,5.705e+00,6.898e+00,5.500e+00,4.632e+00,5.824e+00,7.400e+00
1.594e-01,2.739e-01,5.733e-01,2.255e-01,1.003e+00,1.067e+00,1.584e+00,1.586e+00,2.076e+00,2.872e+00,3.150e+00,2.918e+00,3.597e+00,4.297e+00,4.144e+00,5.596e+00,3.973e+00,4.602e+00,6.753e+00,5.896e+00,7.503e+00,6.301e+00,7.248e+00,6.044e+00,7.744e+00,7.211e+00,8.520e+00,6.430e+00,6.606e+00,6.867e+00,6.935e+00,6.263e+00,6.592e+00,6.968e+00,7.339e+00,6.147e+00,6.816e+00,7.158e+00,6.203e+00,7.313e+00,7.644e+00,6.369e+00,6.979e+00,6.770e+00,7.020e+00,6.930e+00,4.896e+00,5.683e+00,6.887e+00,5.483e+00,6.650e+00,6.790e+00,6.144e+00,6.387e+00,7.634e+00,5.616e+00,5.617e+00,6.878e+00,7.695e+00
4.447e-02,5.574e-02,2.306e-01,2.489e-01,9.199e-01,8.389e-01,1.231e+00,8.753e-01,1.764e+00,2.483e+00,1.855e+00,1.828e+00,2.659e+00,3.000e+00,2.677e+00,3.797e+00,2.845e+00,3.788e+00,4.812e+00,3.911e+00,5.385e+00,4.622e+00,5.591e+00,4.256e+00,5.437e+00,5.099e+00,5.995e+00,5.424e+00,5.169e+00,5.410e+00,4.755e+00,5.118e+00,4.386e+00,5.287e+00,5.285e+00,4.648e+00,6.319e+00,5.981e+00,5.446e+00,5.965e+00,6.192e+00,4.670e+00,5.217e+00,5.485e+00,5.921e+00,5.186e+00,3.831e+00,3.837e+00,6.039e+00,4.517e+00,3.905e+00,4.964e+00,4.227e+00,5.928e+00,5.814e+00,4.004e+00,4.101e+00,5.032e+00,6.334e+00
6.898e-02,3.875e-01,7.059e-01,2.342e-01,1.049e+00,9.859e-01,2.339e+00,2.124e+00,3.243e+00,3.924e+00,3.601e+00,3.152e+00,3.947e+00,4.789e+00,3.372e+00,5.648e+00,4.987e+00,4.273e+00,5.860e+00,5.186e+00,5.793e+00,4.921e+00,6.041e+00,5.539e+00,6.776e+00,7.422e+00,8.820e+00,5.879e+00,6.628e+00,6.104e+00,6.135e+00,5.561e+00,6.238e+00,6.079e+00,7.334e+00,5.927e+00,6.080e+00,7.278e+00,5.414e+00,6.190e+00,6.386e+00,6.246e+00,6.538e+00,6.363e+00,6.224e+00,5.536e+00,4.796e+00,5.677e+00,6.506e+00,6.474e+00,6.338e+00,5.394e+00,5.769e+00,6.668e+00,5.883e+00,6.209e+00,4.251e+00,5.359e+00,7.954e+00
4.971e-01,2.532e-01,9.268e-01,3.012e-01,1.391e+00,1.349e+00,2.540e+00,2.082e+00,3.079e+00,3.318e+00,2.919e+00,2.565e+00,2.555e+00,3.444e+00,3.012e+00,4.707e+00,3.861e+00,3.882e+00,5.564e+00,4.514e+00,5.485e+00,4.782e+00,6.714e+00,5.098e+00,6.047e+00,7.728e+00,8.055e+00,5.946e+00,5.925e+00,5.904e+00,5.722e+00,7.092e+00,6.571e+00,6.515e+00,7.061e+00,6.296e+00,7.168e+00,6.613e+00,5.411e+00,6.497e+00,7.603e+00,5.901e+00,7.423e+00,7.841e+00,6.391e+00,6.710e+00,4.756e+00,6.156e+00,7.339e+00,5.909e+00,6.395e+00,6.141e+00,6.642e+00,7.580e+00,6.176e+00,6.315e+00,5.602e+00,6.724e+00,7.568e+00
1.262e-01,4.535e-01,8.467e-01,3.079e-01,1.363e+00,1.527e+00,2.092e+00,1.887e+00,2.973e+00,3.222e+00,3.403e+00,3.179e+00,3.543e+00,4.367e+00,4.014e+00,4.709e+00,3.942e+00,3.850e+00,5.599e+00,4.639e+00,5.598e+00,5.197e+00,6.492e+00,5.243e+00,6.755e+00,6.168e+00,8.324e+00,6.548e+00,6.337e+00,7.403e+00,6.554e+00,5.531e+00,5.836e+00,7.548e+00,7.195e+00,5.262e+00,7.021e+00,8.053e+00,6.521e+00,6.805e+00,6.986e+00,5.107e+00,6.954e+00,5.757e+00,6.184e+00,6.516e+00,5.576e+00,6.453e+00,6.872e+00,5.447e+00,6.324e+00,6.158e+00,5.443e+00,7.376e+00,6.984e+00,5.876e+00,5.533e+00,4.647e+00,7.308e+00
1.613e-02,3.689e-01,6.927e-01,2.244e-01,1.080e+00,1.272e+00,1.904e+00,1.849e+00,2.331e+00,2.958e+00,2.667e+00,2.562e+00,2.774e+00,3.514e+00,3.072e+00,3.943e+00,3.020e+00,4.420e+00,5.235e+00,4.169e+00,5.517e+00,5.039e+00,5.228e+00,4.307e+00,5.937e+00,7.082e+00,7.679e+00,5.763e+00,5.577e+00,6.476e+00,5.724e+00,6.695e+00,5.710e+00,6.489e+00,6.528e+00,5.253e+00,6.456e+00,7.457e+00,5.190e+00,7.483e+00,6.104e+00,6.489e+00,6.536e+00,6.559e+00,6.863e+00,6.182e+00,5.456e+00,5.997e+00,5.951e+00,5.942e+00,5.984e+00,5.205e+00,6.053e+00,5.993e+00,6.330e+00,5.158e+00,4.839e+00,5.751e+00,7.348e+00
4.877e-01,4.806e-01,1.025e+00,2.699e-01,1.327e+00,1.396e+00,2.496e+00,2.283e+00,3.073e+00,3.311e+00,3.537e+00,2.807e+00,3.975e+00,4.682e+00,3.812e+00,5.049e+00,4.427e+00,5.373e+00,7.447e+00,5.617e+00,6.525e+00,6.274e+00,7.863e+00,5.258e+00,6.984e+00,6.901e+00,8.887e+00,6.443e+00,8.092e+00,7.186e+00,6.992e+00,7.084e+00,7.330e+00,7.899e+00,6.984e+00,7.208e+00,7.137e+00,8.093e+00,6.512e+00,8.729e+00,7.533e+00,8.565e+00,8.483e+00,8.259e+00,7.723e+00,6.105e+00,6.885e+00,6.956e+00,8.152e+00,7.500e+00,7.700e+00,6.313e+00,8.057e+00,7.838e+00,7.672e+00,6.828e+00,4.694e+00,6.426e+00,8.114e+00
4.510e-01,1.676e-01,5.970e-01,2.133e-01,9.390e-01,1.027e+00,1.711e+00,1.543e+00,2.627e+00,2.466e+00,2.437e+00,2.127e+00,2.698e+00,3.966e+00,2.681e+00,5.197e+00,3.562e+00,4.651e+00,5.587e+00,4.042e+00,6.050e+00,5.079e+00,6.574e+00,5.672e+00,6.523e+00,6.541e+00,9.363e+00,6.903e+00,7.145e+00,6.953e+00,6.520e+00,8.078e+00,7.752e+00,7.976e+00,8.050e+00,7.732e+00,8.597e+00,8.076e+00,7.125e+00,8.130e+00,8.110e+00,8.057e+00,8.969e+00,9.201e+00,7.677e+00,8.109e+00,5.664e+00,8.059e+00,8.530e+00,7.383e+00,8.198e+00,6.517e+00,7.444e+00,8.601e+00,7.500e+00,6.517e+00,6.121e+00,7.568e+00,8.698e+00
6.737e-01,4.979e-01,1.358e+00,3.677e-01,1.817e+00,1.777e+00,2.604e+00,2.370e+00,3.293e+00,3.391e+00,3.035e+00,3.531e+00,4.260e+00,4.402e+00,3.899e+00,5.667e+00,4.832e+00,5.481e+00,7.073e+00,6.004e+00,6.437e+00,5.946e+00,7.896e+00,5.908e+00,7.122e+00,6.669e+00,9.484e+00,7.385e+00,8.302e+00,7.681e+00,7.957e+00,8.589e+00,7.783e+00,9.009e+00,8.614e+00,7.953e+00,7.739e+00,1.005e+01,8.278e+00,9.012e+00,8.629e+00,9.345e+00,9.729e+00,9.392e+00,9.127e+00,8.870e+00,7.326e+00,8.767e+00,8.519e+00,7.730e+00,8.070e+00,8.580e+00,9.225e+00,8.909e+00,9.194e+00,7.176e+00,7.025e+00,8.329e+00,9.814e+00
6.475e-01,3.446e-01,1.073e+00,3.958e-01,1.768e+00,1.633e+00,2.217e+00,2.109e+00,3.049e+00,3.474e+00,3.037e+00,2.513e+00,2.898e+00,3.626e+00,3.295e+00,5.025e+00,3.494e+00,5.146e+00,5.762e+00,4.737e+00,5.935e+00,5.826e+00,6.879e+00,4.717e+00,6.136e+00,7.297e+00,8.830e+00,6.417e+00,7.305e+00,7.523e+00,8.069e+00,9.262e+00,8.405e+00,9.197e+00,8.498e+00,8.423e+00,9.299e+00,1.023e+01,9.389e+00,9.337e+00,9.202e+00,1.022e+01,9.901e+00,9.471e+00,9.526e+00,8.897e+00,8.554e+00,8.999e+00,1.013e+01,8.225e+00,8.489e+00,8.176e+00,9.173e+00,9.172e+00,9.073e+00,8.460e+00,6.648e+00,8.319e+00,9.333e+00
1.144e-01,3.538e-01,8.031e-01,2.103e-01,1.034e+00,1.133e+00,2.062e+00,1.760e+00,2.910e+00,3.118e+00,2.993e+00,3.434e+00,3.490e+00,4.520e+00,3.642e+00,5.180e+00,4.391e+00,4.461e+00,6.106e+00,5.017e+00,6.053e+00,5.251e+00,6.155e+00,5.987e+00,7.076e+00,7.170e+00,8.510e+00,5.522e+00,6.553e+00,7.194e+00,6.888e+00,7.902e+00,7.714e+00,7.957e+00,8.773e+00,7.324e+00,8.916e+00,9.345e+00,7.032e+00,8.620e+00,8.754e+00,7.791e+00,7.964e+00,8.994e+00,8.326e+00,9.049e+00,7.428e+00,7.629e+00,9.269e+00,7.012e+00,7.704e+00,7.335e+00,7.295e+00,8.842e+00,8.182e+00,7.157e+00,7.110e+00,6.623e+00,8.586e+00
5.282e-01,3.352e-01,8.299e-01,3.484e-01,1.444e+00,1.158e+00,1.658e+00,1.997e+00,2.987e+00,3.254e+00,2.829e+00,2.181e+00,3.289e+00,3.985e+00,3.061e+00,5.391e+00,4.082e+00,4.779e+00,5.792e+00,4.240e+00,5.514e+00,4.994e+00,5.904e+00,5.300e+00,5.719e+00,6.626e+00,7.738e+00,5.467e+00,7.049e+00,7.584e+00,6.171e+00,7.261e+00,7.291e+00,7.946e+00,7.945e+00,7.703e+00,8.155e+00,8.497e+00,7.593e+00,8.544e+00,7.787e+00,8.215e+00,8.851e+00,8.570e+00,9.035e+00,7.315e+00,6.754e+00,8.295e+00,9.015e+00,7.506e+00,8.092e+00,6.772e+00,7.578e+00,9.691e+00,7.443e+00,8.042e+00,5.412e+00,6.777e+00,9.213e+00
4.636e-01,3.777e-01,9.465e-01,2.911e-01,1.406e+00,1.742e+00,2.413e+00,2.423e+00,3.468e+00,3.678e+00,3.476e+00,3.429e+00,3.780e+00,3.969e+00,3.617e+00,5.483e+00,4.667e+00,4.877e+00,6.985e+00,5.997e+00,6.836e+00,6.104e+00,8.275e+00,6.113e+00,8.128e+00,8.844e+00,9.853e+00,7.623e+00,9.096e+00,9.074e+00,8.014e+00,1.036e+01,9.048e+00,9.330e+00,1.052e+01,1.031e+01,1.090e+01,1.173e+01,9.459e+00,1.139e+01,1.120e+01,1.062e+01,1.121e+01,1.117e+01,1.007e+01,1.036e+01,9.073e+00,1.165e+01,1.095e+01,9.444e+00,9.438e+00,9.857e+00,1.130e+01,1.094e+01,1.159e+01,9.884e+00,7.698e+00,9.055e+00,1.069e+01
1.961e-01,1.164e-01,4.937e-01,2.799e-01,1.170e+00,1.253e+00,1.478e+00,1.190e+00,2.247e+00,2.829e+00,2.134e+00,2.545e+00,3.080e+00,3.211e+00,3.325e+00,4.805e+00,3.774e+00,3.918e+00,4.968e+00,4.606e+00,6.013e+00,4.838e+00,5.992e+00,4.978e+00,6.878e+00,6.637e+00,7.280e+00,5.977e+00,6.295e+00,6.510e+00,6.505e+00,7.153e+00,7.138e+00,8.024e+00,8.418e+00,8.081e+00,8.438e+00,9.626e+00,8.184e+00,8.677e+00,9.271e+00,7.908e+00,9.252e+00,9.183e+00,9.189e+00,9.646e+00,7.224e+00,6.973e+00,9.122e+00,6.821e+00,7.904e+00,6.950e+00,7.987e+00,8.728e+00,9.463e+00,8.230e+00,7.333e+00,7.160e+00,9.345e+00
2.323e-01,2.763e-01,7.494e-01,3.481e-01,1.468e+00,1.364e+00,1.897e+00,1.882e+00,2.713e+00,3.685e+00,3.505e+00,3.290e+00,3.593e+00,4.133e+00,3.902e+00,4.807e+00,3.722e+00,4.303e+00,6.848e+00,5.472e+00,6.431e+00,5.809e+00,7.754e+00,5.772e+00,7.458e+00,8.186e+00,9.180e+00,7.397e+00,7.883e+00,7.943e+00,8.621e+00,1.010e+01,7.254e+00,8.996e+00,8.741e+00,9.561e+00,1.196e+01,1.166e+01,1.015e+01,1.117e+01,1.158e+01,1.039e+01,1.085e+01,1.099e+01,1.178e+01,1.051e+01,1.010e+01,1.034e+01,1.289e+01,8.854e+00,1.112e+01,9.709e+00,1.086e+01,1.092e+01,1.209e+01,1.089e+01,8.528e+00,1.011e+01,1.050e+01
3.603e-01,2.779e-01,7.996e-01,3.815e-01,1.595e+00,1.621e+00,2.611e+00,1.887e+00,3.111e+00,3.504e+00,3.346e+00,2.687e+00,3.603e+00,4.445e+00,3.995e+00,5.816e+00,4.473e+00,5.362e+00,6.393e+00,5.358e+00,6.592e+00,5.516e+00,8.247e+00,5.460e+00,7.056e+00,7.115e+00,8.093e+00,6.016e+00,7.341e+00,6.889e+00,6.769e+00,7.652e+00,7.775e+00,8.244e+00,7.812e+00,8.798e+00,1.016e+01,1.053e+01,9.292e+00,1.026e+01,1.131e+01,9.358e+00,1.032e+01,9.752e+00,1.091e+01,9.754e+00,9.829e+00,1.026e+01,1.186e+01,8.789e+00,9.729e+00,8.944e+00,1.045e+01,1.158e+01,1.083e+01,1.043e+01,6.641e+00,8.397e+00,1.168e+01
4.903e-01,4.350e-01,1.042e+00,2.981e-01,1.466e+00,1.852e+00,2.935e+00,2.820e+00,4.035e+00,4.253e+00,4.153e+00,3.589e+00,3.977e+00,5.010e+00,4.214e+00,6.686e+00,5.151e+00,6.220e+00,8.020e+00,6.440e+00,8.244e+00,7.033e+00,8.629e+00,6.808e+00,8.365e+00,8.697e+00,1.009e+01,7.018e+00,8.746e+00,9.029e+00,7.978e+00,8.981e+00,9.645e+00,1.007e+01,1.050e+01,9.814e+00,1.044e+01,1.164e+01,1.009e+01,1.163e+01,1.175e+01,1.234e+01,1.119e+01,1.119e+01,1.112e+01,1.157e+01,9.898e+00,1.184e+01,1.274e+01,1.063e+01,1.117e+01,9.746e+00,1.170e+01,1.107e+01,1.178e+01,1.101e+01,8.224e+00,9.865e+00,1.186e+01
5.923e-01,4.611e-01,1.213e+00,4.416e-01,1.988e+00,1.918e+00,2.419e+00,2.320e+00,3.363e+00,3.760e+00,3.196e+00,3.075e+00,4.016e+00,4.316e+00,3.851e+00,5.234e+00,4.251e+00,5.535e+00,6.580e+00,5.156e+00,5.822e+00,5.674e+00,7.275e+00,5.089e+00,6.651e+00,7.097e+00,8.898e+00,7.283e+00,8.127e+00,7.851e+00,8.171e+00,8.246e+00,7.456e+00,8.855e+00,8.626e+00,8.233e+00,9.629e+00,1.161e+01,9.549e+00,1.041e+01,1.102e+01,1.136e+01,1.109e+01,1.108e+01,1.216e+01,1.144e+01,1.053e+01,1.124e+01,1.236e+01,9.561e+00,1.152e+01,9.984e+00,1.132e+01,1.066e+01,1.286e+01,1.161e+01,9.768e+00,9.809e+00,1.214e+01
5.511e-01,1.889e-01,5.976e-01,1.639e-01,8.473e-01,1.530e+00,2.190e+00,2.139e+00,3.801e+00,3.619e+00,3.268e+00,2.569e+00,3.146e+00,4.108e+00,2.992e+00,5.139e+00,4.629e+00,4.691e+00,6.212e+00,4.599e+00,5.884e+00,5.598e+00,6.798e+00,5.533e+00,6.540e+00,6.444e+00,9.468e+00,7.074e+00,7.530e+00,7.312e+00,6.991e+00,6.968e+00,8.298e+00,9.266e+00,9.214e+00,9.048e+00,9.906e+00,1.019e+01,1.010e+01,1.086e+01,1.043e+01,1.126e+01,1.114e+01,1.069e+01,1.094e+01,1.184e+01,9.371e+00,1.244e+01,1.181e+01,1.095e+01,1.120e+01,9.554e+00,1.011e+01,1.095e+01,1.218e+01,1.126e+01,8.298e+00,8.833e+00,1.137e+01
4.215e-01,3.512e-01,1.031e+00,3.852e-01,1.717e+00,1.650e+00,2.224e+00,1.963e+00,3.242e+00,3.932e+00,3.668e+00,3.597e+00,4.055e+00,4.644e+00,4.320e+00,6.026e+00,5.251e+00,5.192e+00,7.402e+00,6.378e+00,7.675e+00,6.679e+00,8.175e+00,6.866e+00,8.696e+00,9.850e+00,1.071e+01,7.547e+00,9.074e+00,8.690e+00,9.313e+00,1.013e+01,9.665e+00,1.001e+01,1.088e+01,1.024e+01,1.127e+01,1.317e+01,1.130e+01,1.221e+01,1.274e+01,1.294e+01,1.307e+01,1.271e+01,1.425e+01,1.402e+01,1.188e+01,1.307e+01,1.437e+01,1.256e+01,1.411e+01,1.250e+01,1.355e+01,1.323e+01,1.421e+01,1.349e+01,1.008e+01,1.127e+01,1.475e+01
5.841e-01,2.645e-01,7.157e-01,2.062e-01,9.736e-01,9.718e-01,1.479e+00,1.988e+00,2.854e+00,2.827e+00,2.290e+00,2.164e+00,2.784e+00,3.050e+00,2.226e+00,4.567e+00,3.377e+00,3.887e+00,5.837e+00,4.165e+00,5.559e+00,5.009e+00,6.395e+00,5.443e+00,6.041e+00,6.234e+00,7.864e+00,6.099e+00,7.627e+00,7.154e+00,6.646e+00,7.414e+00,7.678e+00,8.025e+00,8.113e+00,8.899e+00,9.927e+00,9.895e+00,7.993e+00,9.624e+00,1.068e+01,1.013e+01,1.130e+01,1.144e+01,1.221e+01,1.138e+01,9.516e+00,1.165e+01,1.232e+01,9.606e+00,1.097e+01,9.283e+00,1.115e+01,1.109e+01,1.198e+01,1.087e+01,8.765e+00,9.533e+00,1.153e+01
6.923e-01,2.274e-01,7.881e-01,2.732e-01,1.228e+00,1.166e+00,9.431e-01,1.505e+00,2.437e+00,2.575e+00,2.391e+00,2.247e+00,3.103e+00,3.254e+00,2.801e+00,4.337e+00,3.595e+00,4.421e+00,6.107e+00,4.191e+00,6.012e+00,5.115e+00,6.007e+00,5.114e+00,6.442e+00,6.921e+00,8.216e+00,5.679e+00,7.060e+00,6.704e+00,5.618e+00,7.215e+00,7.097e+00,8.087e+00,9.359e+00,7.884e+00,9.760e+00,1.029e+01,8.212e+00,9.463e+00,9.989e+00,1.004e+01,9.659e+00,1.080e+01,1.106e+01,1.102e+01,8.343e+00,1.058e+01,1.191e+01,9.796e+00,9.983e+00,9.517e+00,1.069e+01,1.225e+01,1.052e+01,1.015e+01,7.378e+00,9.415e+00,1.220e+01
7.447e-02,4.121e-01,7.891e-01,2.784e-01,1.228e+00,1.209e+00,2.191e+00,1.933e+00,3.022e+00,3.477e+00,3.524e+00,3.456e+00,3.954e+00,5.029e+00,3.692e+00,5.861e+00,4.538e+00,5.137e+00,6.228e+00,5.384e+00,6.167e+00,5.235e+00,6.323e+00,5.902e+00,6.768e+00,8.523e+00,9.948e+00,6.745e+00,7.783e+00,8.568e+00,8.285e+00,8.900e+00,8.908e+00,8.812e+00,1.030e+01,8.959e+00,1.096e+01,1.239e+01,8.742e+00,1.086e+01,1.169e+01,1.139e+01,1.186e+01,1.159e+01,1.350e+01,1.385e+01,1.127e+01,1.294e+01,1.358e+01,1.143e+01,1.243e+01,1.293e+01,1.138e+01,1.414e+01,1.403e+01,1.301e+01,1.114e+01,1.131e+01,1.499e+01
1.287e-01,2.744e-01,7.296e-01,3.256e-01,1.400e+00,1.524e+00,2.145e+00,1.409e+00,2.275e+00,2.542e+00,2.453e+00,2.040e+00,1.680e+00,2.780e+00,2.593e+00,3.709e+00,2.764e+00,3.838e+00,4.784e+00,4.251e+00,5.415e+00,5.562e+00,6.289e+00,4.845e+00,6.222e+00,7.956e+00,7.744e+00,5.933e+00,6.225e+00,6.846e+00,7.015e+00,7.922e+00,7.767e+00,8.400e+00,7.855e+00,8.025e+00,1.106e+01,1.045e+01,9.098e+00,9.936e+00,1.079e+01,1.024e+01,1.067e+01,1.051e+01,1.206e+01,1.326e+01,1.125e+01,1.219e+01,1.399e+01,1.067e+01,1.112e+01,1.124e+01,1.221e+01,1.287e+01,1.330e+01,1.206e+01,1.001e+01,1.131e+01,1.376e+01
4.580e-01,3.951e-01,9.073e-01,2.612e-01,1.210e+00,1.200e+00,2.066e+00,1.836e+00,2.635e+00,2.595e+00,3.230e+00,2.719e+00,3.408e+00,4.249e+00,4.081e+00,5.082e+00,3.960e+00,4.265e+00,6.336e+00,4.896e+00,6.642e+00,5.247e+00,7.520e+00,5.378e+00,6.622e+00,6.754e+00,9.057e+00,6.527e+00,7.303e+00,7.791e+00,6.728e+00,8.056e+00,9.067e+00,1.020e+01,9.280e+00,8.603e+00,1.096e+01,1.213e+01,9.713e+00,1.067e+01,1.190e+01,1.126e+01,1.172e+01,1.132e+01,1.250e+01,1.301e+01,1.114e+01,1.216e+01,1.425e+01,1.074e+01,1.161e+01,1.117e+01,1.256e+01,1.397e+01,1.238e+01,1.258e+01,9.674e+00,9.854e+00,1.308e+01
2.601e-01,1.939e-01,6.917e-01,3.529e-01,1.499e+00,1.772e+00,2.690e+00,1.962e+00,3.638e+00,4.388e+00,3.744e+00,2.931e+00,3.294e+00,4.370e+00,3.773e+00,5.738e+00,5.162e+00,5.115e+00,6.541e+00,5.722e+00,7.098e+00,6.381e+00,7.374e+00,5.942e+00,7.466e+00,9.058e+00,9.920e+00,7.851e+00,8.406e+00,8.385e+00,8.359e+00,9.453e+00,8.526e+00,9.617e+00,9.846e+00,8.912e+00,1.104e+01,1.255e+01,1.032e+01,1.068e+01,1.214e+01,1.143e+01,1.187e+01,1.258e+01,1.406e+01,1.386e+01,1.202e+01,1.427e+01,1.462e+01,1.253e+01,1.247e+01,1.134e+01,1.365e+01,1.406e+01,1.418e+01,1.378e+01,1.141e+01,1.294e+01,1.541e+01
6.275e-01,4.065e-01,1.057e+00,3.352e-01,1.559e+00,1.848e+00,2.920e+00,2.750e+00,4.026e+00,3.891e+00,3.792e+00,2.821e+00,3.323e+00,4.706e+00,3.837e+00,6.647e+00,5.255e+00,6.028e+00,7.983e+00,6.048e+00,7.280e+00,6.853e+00,8.620e+00,7.442e+00,8.057e+00,8.852e+00,1.002e+01,7.076e+00,8.353e+00,8.169e+00,8.426e+00,9.144e+00,9.273e+00,9.584e+00,8.916e+00,9.288e+00,1.038e+01,1.001e+01,1.015e+01,1.119e+01,1.076e+01,1.139e+01,1.139e+01,1.132e+01,1.262e+01,1.207e+01,1.166e+01,1.289e+01,1.398e+01,1.226e+01,1.338e+01,1.161e+01,1.235e+01,1.380e+01,1.369e+01,1.325e+01,1.025e+01,1.223e+01,1.436e+01
2.916e-01,2.555e-01,6.342e-01,1.874e-01,9.061e-01,1.133e+00,1.841e+00,1.769e+00,2.874e+00,3.298e+00,3.151e+00,2.631e+00,3.150e+00,4.228e+00,3.481e+00,4.909e+00,4.461e+00,4.709e+00,6.570e+00,5.062e+00,6.544e+00,6.156e+00,6.716e+00,5.976e+00,7.295e+00,8.341e+00,9.272e+00,6.858e+00,7.512e+00,7.737e+00,8.236e+00,9.335e+00,8.086e+00,8.686e+00,1.019e+01,9.671e+00,1.163e+01,1.216e+01,1.061e+01,1.206e+01,1.294e+01,1.182e+01,1.187e+01,1.209e+01,1.398e+01,1.438e+01,1.140e+01,1.330e+01,1.487e+01,1.199e+01,1.412e+01,1.230e+01,1.249e+01,1.425e+01,1.558e+01,1.387e+01,1.217e+01,1.357e+01,1.488e+01
5.152e-01,4.975e-01,1.187e+00,4.145e-01,1.837e+00,1.482e+00,2.438e+00,2.398e+00,2.749e+00,3.392e+00,3.727e+00,2.954e+00,3.617e+00,4.164e+00,3.631e+00,5.123e+00,3.582e+00,4.268e+00,6.537e+00,5.342e+00,6.315e+00,5.364e+00,7.182e+00,4.870e+00,6.505e+00,7.281e+00,8.965e+00,7.254e+00,7.584e+00,6.998e+00,6.368e+00,8.788e+00,7.035e+00,8.760e+00,7.592e+00,6.556e+00,8.700e+00,1.042e+01,7.273e+00,8.839e+00,9.701e+00,1.090e+01,1.027e+01,1.160e+01,1.199e+01,1.097e+01,1.025e+01,1.192e+01,1.230e+01,1.236e+01,1.202e+01,1.078e+01,1.294e+01,1.511e+01,1.437e+01,1.387e+01,1.063e+01,1.171e+01,1.636e+01
2.771e-01,4.240e-01,8.440e-01,2.940e-01,1.353e+00,1.822e+00,2.546e+00,2.452e+00,3.608e+00,3.715e+00,3.801e+00,3.239e+00,3.557e+00,4.147e+00,3.763e+00,4.643e+00,3.816e+00,4.629e+00,6.660e+00,4.829e+00,6.140e+00,5.101e+00,7.293e+00,4.965e+00,6.633e+00,7.074e+00,7.822e+00,6.178e+00,7.088e+00,7.855e+00,6.734e+00,7.590e+00,7.420e+00,8.616e+00,8.171e+00,7.463e+00,8.973e+00,1.025e+01,8.363e+00,9.736e+00,1.000e+01,9.650e+00,1.038e+01,1.009e+01,1.180e+01,1.139e+01,1.117e+01,1.246e+01,1.251e+01,1.144e+01,1.172e+01,1.111e+01,1.201e+01,1.300e+01,1.441e+01,1.275e+01,1.140e+01,1.059e+01,1.364e+01
2.965e-01,9.568e-02,5.279e-01,3.055e-01,1.235e+00,1.301e+00,2.134e+00,1.635e+00,2.951e+00,3.545e+00,3.174e+00,2.578e+00,3.068e+00,4.019e+00,3.317e+00,5.170e+00,4.235e+00,4.437e+00,5.897e+00,4.751e+00,6.346e+00,4.959e+00,6.370e+00,5.092e+00,5.712e+00,7.212e+00,8.567e+00,6.244e+00,6.506e+00,7.102e+00,6.545e+00,8.347e+00,7.759e+00,8.377e+00,7.635e+00,7.354e+00,8.545e+00,9.065e+00,7.930e+00,8.890e+00,9.313e+00,9.466e+00,9.793e+00,1.010e+01,1.092e+01,9.815e+00,8.468e+00,1.038e+01,1.139e+01,1.024e+01,1.092e+01,1.050e+01,1.069e+01,1.336e+01,1.295e+01,1.223e+01,9.610e+00,1.072e+01,1.316e+01
4.308e-01,4.471e-01,1.126e+00,3.273e-01,1.569e+00,1.391e+00,2.480e+00,2.525e+00,3.259e+00,4.108e+00,3.776e+00,3.698e+00,4.286e+00,5.091e+00,4.350e+00,6.303e+00,4.898e+00,5.183e+00,6.922e+00,5.940e+00,6.180e+00,5.579e+00,6.935e+00,6.084e+00,7.013e+00,8.336e+00,9.868e+00,6.937e+00,6.807e+00,6.468e+00,7.368e+00,7.822e+00,7.658e+00,8.078e+00,9.153e+00,8.128e+00,9.441e+00,1.011e+01,7.984e+00,9.159e+00,9.459e+00,9.978e+00,1.039e+01,1.115e+01,1.195e+01,1.170e+01,9.851e+00,1.179e+01,1.265e+01,1.118e+01,1.235e+01,1.155e+01,1.233e+01,1.220e+01,1.433e+01,1.384e+01,1.108e+01,1.295e+01,1.563e+01
1.490e-01,4.285e-01,7.923e-01,2.799e-01,1.298e+00,1.821e+00,2.898e+00,2.400e+00,3.766e+00,4.357e+00,4.610e+00,3.297e+00,3.587e+00,5.247e+00,4.586e+00,5.521e+00,4.331e+00,5.696e+00,6.614e+00,5.257e+00,6.058e+00,5.685e+00,6.605e+00,4.872e+00,5.718e+00,8.265e+00,8.334e+00,6.189e+00,6.887e+00,8.077e+00,7.496e+00,7.865e+00,8.222e+00,8.210e+00,9.320e+00,7.925e+00,1.014e+01,1.095e+01,8.520e+00,9.302e+00,1.007e+01,9.848e+00,1.041e+01,9.934e+00,1.187e+01,1.197e+01,1.160e+01,1.183e+01,1.390e+01,1.212e+01,1.233e+01,1.178e+01,1.305e+01,1.433e+01,1.548e+01,1.545e+01,1.199e+01,1.437e+01,1.653e+01
5.378e-01,3.585e-01,9.222e-01,3.770e-01,1.642e+00,1.877e+00,1.852e+00,2.052e+00,3.630e+00,3.661e+00,3.304e+00,3.019e+00,3.452e+00,4.130e+00,3.347e+00,5.400e+00,3.913e+00,5.327e+00,6.715e+00,4.896e+00,6.047e+00,5.965e+00,7.118e+00,5.953e+00,7.402e+00,8.463e+00,9.260e+00,6.933e+00,7.953e+00,8.466e+00,8.667e+00,1.034e+01,8.486e+00,9.235e+00,9.702e+00,8.927e+00,1.106e+01,1.191e+01,9.906e+00,1.049e+01,1.088e+01,1.161e+01,1.166e+01,1.245e+01,1.276e+01,1.259e+01,1.171e+01,1.437e+01,1.448e+01,1.166e+01,1.416e+01,1.266e+01,1.412e+01,1.380e+01,1.697e+01,1.592e+01,1.460e+01,1.504e+01,1.562e+01
5.801e-01,2.179e-01,7.301e-01,2.654e-01,1.185e+00,1.376e+00,1.840e+00,1.745e+00,3.236e+00,3.149e+00,2.866e+00,2.493e+00,2.977e+00,3.557e+00,2.707e+00,4.920e+00,4.157e+00,4.464e+00,5.785e+00,4.642e+00,5.077e+00,5.018e+00,6.939e+00,5.349e+00,5.696e+00,6.266e+00,8.081e+00,5.454e+00,7.110e+00,6.720e+00,6.095e+00,6.644e+00,7.117e+00,7.213e+00,7.464e+00,8.113e+00,9.349e+00,8.998e+00,8.597e+00,8.462e+00,9.480e+00,9.541e+00,1.045e+01,9.867e+00,1.057e+01,1.018e+01,9.377e+00,1.261e+01,1.206e+01,1.061e+01,1.033e+01,1.187e+01,1.289e+01,1.274e+01,1.405e+01,1.333e+01,1.163e+01,1.296e+01,1.352e+01
7.416e-02,3.177e-01,7.789e-01,3.820e-01,1.614e+00,1.495e+00,2.674e+00,1.944e+00,2.905e+00,4.184e+00,3.682e+00,3.189e+00,3.995e+00,4.760e+00,4.393e+00,5.943e+00,4.851e+00,4.955e+00,6.368e+00,6.109e+00,7.806e+00,6.489e+00,7.404e+00,5.584e+00,7.464e+00,8.299e+00,9.702e+00,7.919e+00,8.220e+00,8.493e+00,8.452e+00,8.671e+00,9.345e+00,9.808e+00,9.575e+00,7.963e+00,9.563e+00,1.185e+01,8.796e+00,9.803e+00,1.052e+01,1.071e+01,1.132e+01,1.011e+01,1.172e+01,1.126e+01,1.016e+01,1.129e+01,1.275e+01,1.005e+01,1.094e+01,1.074e+01,1.254e+01,1.314e+01,1.476e+01,1.372e+01,1.253e+01,1.387e+01,1.720e+01
2.684e-01,9.529e-02,3.259e-01,2.246e-01,8.949e-01,1.267e+00,1.724e+00,1.478e+00,2.933e+00,3.287e+00,3.157e+00,2.374e+00,3.043e+00,3.755e+00,2.866e+00,4.254e+00,3.615e+00,4.144e+00,5.718e+00,4.294e+00,4.636e+00,4.489e+00,6.194e+00,4.314e+00,5.077e+00,5.652e+00,6.060e+00,4.965e+00,6.275e+00,5.917e+00,5.352e+00,7.045e+00,5.701e+00,5.166e+00,5.823e+00,6.667e+00,7.410e+00,7.620e+00,7.214e+00,7.770e+00,8.099e+00,8.496e+00,8.923e+00,9.078e+00,1.047e+01,9.757e+00,9.203e+00,1.106e+01,1.081e+01,1.092e+01,9.782e+00,1.074e+01,1.170e+01,1.148e+01,1.358e+01,1.244e+01,1.005e+01,1.254e+01,1.445e+01
