1.183e-01,7.298e-01,4.609e-01,3.925e-01,1.211e-01,9.743e-01,5.711e-01,7.390e-01,2.278e-01,4.713e-01,4.635e-01,2.773e-01,6.437e-01,4.983e-01,8.311e-01,5.973e-01,4.155e-01,5.808e-01,6.156e-01,6.656e-01,7.679e-01,3.204e-01,6.952e-01,5.414e-01,5.689e-01,5.166e-01,5.623e-01,7.010e-01,5.251e-01,2.062e-01,8.540e-01,8.719e-01,7.188e-03,3.926e-01,3.507e-01,5.269e-02,9.707e-01,3.601e-01,9.094e-01,1.832e-01,6.040e-01,5.070e-01,3.671e-01,5.338e-01,6.605e-01,2.544e-01,2.995e-01,4.898e-01,5.545e-01,2.853e-01,3.874e-01,6.559e-01,2.270e-01,9.060e-01,1.668e-01,8.467e-01,1.663e-02,1.324e-01,6.985e-01
6.429e-02,1.242e+00,2.623e-01,1.075e+00,8.139e-02,1.374e+00,7.163e-01,7.501e-01,4.606e-01,2.923e-01,1.234e+00,4.827e-01,4.046e-01,5.119e-01,8.346e-01,9.630e-01,8.403e-01,1.127e+00,3.635e-01,5.236e-01,1.350e+00,6.258e-01,1.091e+00,5.397e-01,1.055e+00,4.308e-01,5.838e-01,1.084e+00,6.643e-01,6.503e-01,1.293e+00,5.250e-01,7.925e-01,9.066e-01,4.989e-01,4.242e-01,1.256e+00,3.743e-01,1.096e+00,9.324e-01,7.477e-01,9.577e-01,5.830e-01,1.047e+00,7.991e-01,5.240e-01,3.551e-01,1.156e+00,7.549e-01,4.102e-01,1.059e+00,4.908e-01,2.053e-01,8.136e-01,1.998e-01,1.003e+00,9.650e-01,9.880e-01,1.243e+00
1.135e-01,7.895e-01,8.348e-01,7.732e-01,8.824e-01,1.855e+00,1.469e+00,1.224e+00,8.012e-01,1.136e+00,8.635e-01,1.050e+00,1.097e+00,7.149e-01,1.589e+00,6.994e-01,7.086e-01,1.036e+00,1.418e+00,1.351e+00,1.706e+00,1.102e+00,9.195e-01,1.480e+00,1.262e+00,9.682e-01,1.341e+00,9.506e-01,1.526e+00,1.176e+00,9.812e-01,1.185e+00,9.092e-01,8.094e-01,9.062e-01,3.179e-01,1.833e+00,1.071e+00,1.884e+00,1.144e+00,9.410e-01,8.249e-01,9.897e-01,1.489e+00,9.755e-01,1.231e+00,8.854e-01,9.751e-01,1.558e+00,1.099e+00,8.397e-01,1.017e+00,5.123e-01,1.128e+00,1.795e-01,1.477e+00,1.013e+00,1.093e+00,1.469e+00
7.275e-03,6.521e-01,3.544e-01,9.474e-01,1.011e+00,1.869e+00,1.526e+00,1.406e+00,1.580e+00,1.388e+00,1.064e+00,1.474e+00,1.074e+00,1.069e+00,9.481e-01,7.809e-01,9.107e-01,1.651e+00,1.370e+00,1.447e+00,1.547e+00,9.704e-01,1.420e+00,1.930e+00,2.036e+00,7.771e-01,1.636e+00,1.285e+00,2.007e+00,1.509e+00,1.657e+00,8.141e-01,1.245e+00,1.220e+00,1.528e+00,9.841e-01,1.380e+00,1.257e+00,2.176e+00,1.820e+00,1.261e+00,1.561e+00,1.518e+00,2.247e+00,8.180e-01,1.185e+00,1.085e+00,1.098e+00,1.595e+00,1.674e+00,9.887e-01,1.204e+00,1.086e+00,1.274e+00,1.086e+00,1.422e+00,1.806e+00,1.768e+00,1.829e+00
9.375e-02,1.127e+00,4.059e-01,9.191e-01,1.284e+00,1.651e+00,1.463e+00,2.109e+00,1.667e+00,1.513e+00,1.255e+00,1.168e+00,8.503e-01,1.642e+00,1.312e+00,1.965e+00,1.182e+00,1.389e+00,1.521e+00,1.051e+00,1.771e+00,1.210e+00,2.324e+00,1.983e+00,1.926e+00,1.196e+00,1.604e+00,1.808e+00,1.752e+00,1.410e+00,1.845e+00,1.132e+00,6.835e-01,1.266e+00,1.308e+00,7.685e-01,1.539e+00,1.139e+00,1.760e+00,1.951e+00,1.121e+00,1.726e+00,1.855e+00,2.320e+00,9.628e-01,8.688e-01,1.174e+00,1.128e+00,1.953e+00,1.562e+00,1.360e+00,1.038e+00,1.245e+00,2.047e+00,1.279e+00,1.570e+00,9.199e-01,1.686e+00,2.388e+00
6.988e-02,4.422e-01,4.621e-01,4.006e-01,1.447e+00,2.062e+00,2.224e+00,2.326e+00,1.468e+00,1.731e+00,6.773e-01,1.514e+00,9.251e-01,1.633e+00,2.022e+00,2.208e+00,9.291e-01,1.036e+00,2.340e+00,1.046e+00,1.696e+00,1.797e+00,2.206e+00,2.041e+00,2.192e+00,1.838e+00,1.541e+00,2.057e+00,1.648e+00,2.053e+00,9.668e-01,1.888e+00,6.987e-01,1.222e+00,1.731e+00,1.137e+00,1.260e+00,1.177e+00,1.663e+00,2.414e+00,9.898e-01,2.026e+00,1.639e+00,2.703e+00,1.072e+00,1.751e+00,1.153e+00,1.566e+00,2.322e+00,1.613e+00,1.798e+00,1.081e+00,1.458e+00,1.871e+00,1.531e+00,1.940e+00,1.187e+00,1.554e+00,2.441e+00
5.482e-02,7.643e-01,2.687e-01,7.096e-01,1.099e+00,1.605e+00,1.455e+00,2.091e+00,2.343e+00,1.765e+00,1.094e+00,1.896e+00,1.534e+00,2.392e+00,1.202e+00,1.722e+00,1.421e+00,2.335e+00,2.063e+00,1.774e+00,1.837e+00,1.710e+00,2.630e+00,2.055e+00,2.755e+00,1.719e+00,1.637e+00,2.454e+00,2.677e+00,1.941e+00,2.366e+00,1.359e+00,6.430e-01,1.407e+00,2.260e+00,1.890e+00,1.948e+00,1.580e+00,1.922e+00,2.129e+00,1.635e+00,1.979e+00,2.418e+00,3.299e+00,1.660e+00,1.144e+00,1.205e+00,1.392e+00,1.779e+00,1.698e+00,1.227e+00,1.441e+00,2.238e+00,2.327e+00,1.812e+00,1.852e+00,1.241e+00,2.369e+00,2.897e+00
4.784e-02,9.443e-01,3.129e-01,9.122e-01,3.525e-01,2.126e+00,1.655e+00,2.286e+00,1.231e+00,1.726e+00,1.207e+00,1.377e+00,1.125e+00,2.053e+00,2.568e+00,1.707e+00,1.995e+00,1.713e+00,2.063e+00,1.794e+00,2.614e+00,2.602e+00,1.781e+00,1.388e+00,2.995e+00,2.369e+00,1.680e+00,2.761e+00,2.319e+00,2.344e+00,1.572e+00,2.096e+00,1.777e+00,2.142e+00,2.299e+00,2.448e+00,2.343e+00,1.090e+00,2.139e+00,2.795e+00,1.899e+00,2.509e+00,1.280e+00,2.617e+00,1.785e+00,2.154e+00,1.293e+00,2.486e+00,2.223e+00,8.342e-01,1.905e+00,1.637e+00,1.247e+00,1.585e+00,1.071e+00,2.528e+00,1.740e+00,2.105e+00,2.450e+00
1.720e-02,7.566e-01,3.815e-01,9.774e-01,1.298e+00,2.400e+00,2.255e+00,2.278e+00,2.745e+00,2.206e+00,1.841e+00,2.208e+00,1.463e+00,1.928e+00,2.725e+00,2.790e+00,1.914e+00,2.289e+00,2.984e+00,2.187e+00,3.319e+00,3.287e+00,2.459e+00,2.693e+00,3.654e+00,2.187e+00,1.928e+00,3.197e+00,3.169e+00,2.764e+00,1.695e+00,2.412e+00,2.499e+00,2.540e+00,3.074e+00,1.918e+00,2.164e+00,2.361e+00,3.123e+00,3.968e+00,2.133e+00,3.338e+00,2.314e+00,3.618e+00,2.299e+00,2.496e+00,1.599e+00,2.784e+00,2.820e+00,2.683e+00,2.724e+00,1.368e+00,2.160e+00,2.430e+00,1.963e+00,2.876e+00,2.765e+00,3.259e+00,3.250e+00
2.976e-02,6.877e-01,1.494e-01,6.775e-01,1.247e+00,1.933e+00,1.928e+00,2.595e+00,3.214e+00,3.087e+00,2.443e+00,3.127e+00,2.071e+00,3.553e+00,2.612e+00,4.010e+00,2.624e+00,3.404e+00,3.710e+00,2.745e+00,3.561e+00,4.082e+00,3.641e+00,3.016e+00,4.666e+00,2.759e+00,2.721e+00,4.152e+00,3.685e+00,3.450e+00,2.793e+00,3.237e+00,2.206e+00,3.102e+00,3.834e+00,2.613e+00,2.140e+00,3.089e+00,2.979e+00,4.106e+00,3.268e+00,4.318e+00,3.734e+00,3.947e+00,3.134e+00,2.915e+00,1.850e+00,3.027e+00,2.825e+00,2.885e+00,2.593e+00,1.901e+00,2.914e+00,3.417e+00,3.134e+00,2.907e+00,2.554e+00,4.129e+00,3.775e+00
8.625e-02,5.633e-01,4.530e-01,4.172e-01,6.113e-01,1.850e+00,1.660e+00,1.901e+00,1.752e+00,1.899e+00,1.652e+00,2.857e+00,2.669e+00,2.625e+00,3.379e+00,2.467e+00,2.619e+00,2.845e+00,2.866e+00,2.258e+00,2.968e+00,3.105e+00,2.683e+00,2.683e+00,3.750e+00,2.369e+00,2.122e+00,2.942e+00,3.026e+00,3.164e+00,1.854e+00,2.678e+00,1.289e+00,2.376e+00,2.781e+00,2.963e+00,2.355e+00,2.569e+00,2.138e+00,2.646e+00,2.843e+00,3.323e+00,2.357e+00,2.935e+00,2.438e+00,3.152e+00,1.302e+00,2.992e+00,2.802e+00,1.832e+00,2.271e+00,1.844e+00,2.213e+00,2.982e+00,1.773e+00,3.390e+00,1.986e+00,2.396e+00,3.398e+00
6.613e-02,1.226e+00,3.994e-01,1.192e+00,6.318e-01,2.910e+00,2.276e+00,2.596e+00,2.698e+00,2.761e+00,2.803e+00,4.007e+00,3.304e+00,4.134e+00,4.708e+00,3.711e+00,3.910e+00,5.168e+00,3.727e+00,3.648e+00,4.539e+00,5.066e+00,3.967e+00,3.529e+00,6.313e+00,3.255e+00,3.740e+00,4.628e+00,4.206e+00,5.007e+00,3.227e+00,4.052e+00,3.151e+00,4.062e+00,4.438e+00,4.311e+00,3.702e+00,3.297e+00,4.153e+00,5.065e+00,4.485e+00,4.802e+00,3.488e+00,4.277e+00,4.489e+00,3.865e+00,1.819e+00,4.576e+00,3.269e+00,2.865e+00,3.858e+00,3.478e+00,3.399e+00,3.904e+00,3.489e+00,4.293e+00,3.834e+00,4.092e+00,4.817e+00
3.882e-02,2.805e-01,3.770e-01,3.592e-01,9.491e-01,1.372e+00,1.411e+00,2.178e+00,1.609e+00,2.113e+00,7.861e-01,1.638e+00,1.474e+00,2.538e+00,3.104e+00,1.657e+00,2.002e+00,1.684e+00,2.585e+00,2.044e+00,2.512e+00,3.022e+00,2.044e+00,2.783e+00,3.489e+00,2.616e+00,2.233e+00,2.470e+00,3.662e+00,2.675e+00,1.876e+00,2.826e+00,2.188e+00,2.008e+00,3.223e+00,2.934e+00,2.108e+00,2.141e+00,2.704e+00,3.675e+00,1.912e+00,2.492e+00,1.765e+00,3.367e+00,2.231e+00,2.284e+00,2.248e+00,2.038e+00,3.097e+00,1.922e+00,1.450e+00,2.374e+00,1.943e+00,2.639e+00,1.489e+00,3.014e+00,1.515e+00,2.686e+00,3.199e+00
5.104e-02,6.043e-01,5.140e-01,7.477e-01,1.594e+00,2.534e+00,2.506e+00,3.126e+00,2.532e+00,2.887e+00,1.638e+00,3.160e+00,2.611e+00,3.481e+00,4.419e+00,3.066e+00,2.913e+00,3.068e+00,4.028e+00,2.753e+00,3.757e+00,3.580e+00,3.845e+00,4.156e+00,5.475e+00,3.840e+00,3.874e+00,3.359e+00,4.474e+00,4.352e+00,2.444e+00,3.756e+00,2.499e+00,2.866e+00,4.194e+00,4.477e+00,2.936e+00,3.021e+00,3.628e+00,5.006e+00,3.871e+00,3.906e+00,3.762e+00,4.843e+00,2.822e+00,4.202e+00,3.110e+00,3.989e+00,4.461e+00,3.325e+00,2.850e+00,3.139e+00,3.495e+00,4.110e+00,2.536e+00,4.500e+00,3.595e+00,3.232e+00,4.827e+00
1.093e-02,3.037e-01,2.630e-01,4.689e-01,6.588e-01,1.588e+00,1.455e+00,1.761e+00,1.203e+00,1.897e+00,1.383e+00,2.717e+00,2.338e+00,2.713e+00,4.768e+00,2.547e+00,3.113e+00,3.067e+00,3.280e+00,2.401e+00,3.394e+00,3.889e+00,2.906e+00,3.814e+00,5.298e+00,2.854e+00,3.781e+00,3.099e+00,3.850e+00,4.144e+00,1.971e+00,3.577e+00,3.132e+00,3.369e+00,3.943e+00,3.741e+00,2.385e+00,2.575e+00,3.354e+00,4.024e+00,4.071e+00,3.955e+00,3.213e+00,2.905e+00,2.683e+00,4.013e+00,2.491e+00,4.114e+00,3.275e+00,2.712e+00,2.718e+00,2.827e+00,2.388e+00,3.338e+00,2.746e+00,4.125e+00,3.544e+00,3.165e+00,3.703e+00
2.833e-02,8.433e-01,1.209e-01,8.148e-01,6.893e-01,1.514e+00,1.240e+00,1.650e+00,2.151e+00,1.738e+00,2.161e+00,3.206e+00,2.677e+00,3.257e+00,4.045e+00,3.824e+00,3.872e+00,4.981e+00,3.536e+00,2.535e+00,4.292e+00,4.408e+00,4.543e+00,4.045e+00,5.917e+00,3.145e+00,3.435e+00,4.230e+00,4.638e+00,4.511e+00,3.512e+00,4.065e+00,2.875e+00,4.086e+00,4.638e+00,4.188e+00,3.137e+00,4.049e+00,3.645e+00,4.998e+00,4.664e+00,4.303e+00,3.808e+00,4.011e+00,3.778e+00,3.910e+00,2.284e+00,4.959e+00,3.216e+00,3.293e+00,3.387e+00,3.399e+00,3.151e+00,4.544e+00,3.540e+00,4.485e+00,3.998e+00,4.823e+00,4.763e+00
4.451e-02,5.324e-01,3.722e-01,5.802e-01,5.768e-01,1.604e+00,1.350e+00,1.725e+00,1.567e+00,2.134e+00,1.703e+00,2.631e+00,2.271e+00,3.068e+00,4.282e+00,2.982e+00,3.669e+00,3.564e+00,4.253e+00,3.540e+00,4.281e+00,4.593e+00,4.073e+00,3.799e+00,5.840e+00,3.981e+00,3.373e+00,4.020e+00,4.739e+00,4.831e+00,3.269e+00,4.745e+00,3.641e+00,4.438e+00,5.422e+00,4.706e+00,3.593e+00,3.686e+00,4.618e+00,4.619e+00,4.174e+00,4.508e+00,3.256e+00,4.586e+00,4.076e+00,4.265e+00,3.271e+00,4.138e+00,3.492e+00,2.745e+00,3.436e+00,3.258e+00,2.460e+00,3.779e+00,3.061e+00,4.236e+00,3.584e+00,5.077e+00,4.400e+00
9.264e-02,9.105e-01,6.609e-01,9.192e-01,9.995e-01,2.836e+00,2.387e+00,2.800e+00,2.242e+00,2.775e+00,1.856e+00,2.910e+00,2.639e+00,3.267e+00,4.704e+00,3.400e+00,3.712e+00,4.131e+00,6.091e+00,4.716e+00,5.820e+00,5.500e+00,4.930e+00,5.028e+00,6.958e+00,5.061e+00,4.610e+00,5.072e+00,6.260e+00,5.433e+00,3.930e+00,6.050e+00,4.544e+00,5.011e+00,6.600e+00,5.308e+00,4.347e+00,4.207e+00,5.579e+00,5.972e+00,5.040e+00,5.285e+00,4.585e+00,6.135e+00,4.152e+00,5.106e+00,4.360e+00,5.593e+00,4.645e+00,3.379e+00,4.012e+00,4.314e+00,3.665e+00,4.674e+00,3.201e+00,6.007e+00,5.053e+00,5.352e+00,5.972e+00
1.026e-01,1.252e+00,6.855e-01,1.237e+00,1.051e+00,3.073e+00,2.412e+00,2.744e+00,2.583e+00,3.108e+00,2.825e+00,3.750e+00,3.350e+00,3.633e+00,5.131e+00,3.864e+00,4.068e+00,5.170e+00,5.422e+00,5.276e+00,6.515e+00,6.589e+00,4.644e+00,6.027e+00,7.931e+00,4.373e+00,6.322e+00,5.587e+00,6.493e+00,5.876e+00,4.362e+00,5.876e+00,5.597e+00,5.065e+00,6.157e+00,5.032e+00,4.682e+00,4.855e+00,6.225e+00,6.733e+00,6.311e+00,6.470e+00,5.490e+00,5.915e+00,4.622e+00,5.155e+00,4.022e+00,6.706e+00,4.905e+00,4.662e+00,4.972e+00,4.946e+00,4.395e+00,5.211e+00,4.247e+00,6.179e+00,6.200e+00,4.668e+00,6.534e+00
2.735e-02,4.840e-01,1.533e-01,4.767e-01,7.665e-01,1.298e+00,1.235e+00,1.595e+00,2.281e+00,1.625e+00,1.238e+00,2.040e+00,1.647e+00,2.410e+00,3.265e+00,3.276e+00,2.707e+00,4.044e+00,4.511e+00,4.081e+00,5.008e+00,6.181e+00,4.137e+00,4.726e+00,6.533e+00,3.816e+00,4.407e+00,5.564e+00,5.638e+00,4.083e+00,3.863e+00,4.825e+00,4.112e+00,4.089e+00,5.903e+00,3.559e+00,3.942e+00,3.645e+00,4.767e+00,6.432e+00,4.557e+00,4.486e+00,4.660e+00,4.801e+00,4.178e+00,3.577e+00,3.669e+00,5.355e+00,3.721e+00,3.961e+00,4.371e+00,4.273e+00,3.961e+00,4.513e+00,4.552e+00,5.383e+00,5.376e+00,4.622e+00,5.117e+00
2.163e-02,7.190e-01,1.521e-01,7.626e-01,6.605e-01,1.818e+00,1.495e+00,2.035e+00,1.982e+00,2.395e+00,2.253e+00,3.163e+00,2.641e+00,3.564e+00,5.031e+00,4.374e+00,4.117e+00,5.167e+00,5.466e+00,4.369e+00,6.957e+00,7.270e+00,5.533e+00,6.424e+00,9.429e+00,6.014e+00,7.039e+00,6.825e+00,7.592e+00,6.145e+00,4.958e+00,6.899e+00,6.493e+00,5.574e+00,7.763e+00,6.413e+00,4.928e+00,5.410e+00,6.276e+00,8.321e+00,7.364e+00,6.722e+00,6.967e+00,6.285e+00,5.028e+00,6.129e+00,5.433e+00,8.759e+00,5.546e+00,5.078e+00,5.269e+00,5.675e+00,5.297e+00,6.359e+00,5.455e+00,7.373e+00,7.836e+00,6.109e+00,7.668e+00
1.152e-01,1.145e+00,8.336e-01,1.132e+00,1.218e+00,3.136e+00,2.664e+00,2.534e+00,2.051e+00,2.357e+00,2.036e+00,2.828e+00,2.391e+00,2.888e+00,5.015e+00,3.755e+00,2.936e+00,3.660e+00,4.917e+00,3.716e+00,5.702e+00,6.537e+00,5.380e+00,6.114e+00,8.085e+00,5.976e+00,5.304e+00,5.692e+00,7.002e+00,5.342e+00,4.523e+00,5.940e+00,5.211e+00,4.159e+00,6.249e+00,5.187e+00,5.613e+00,4.058e+00,6.597e+00,7.335e+00,5.603e+00,5.511e+00,5.811e+00,6.637e+00,5.234e+00,6.117e+00,5.411e+00,6.740e+00,6.210e+00,4.591e+00,5.562e+00,5.205e+00,4.806e+00,6.248e+00,4.514e+00,6.880e+00,6.713e+00,5.893e+00,7.211e+00
4.217e-02,8.393e-01,2.597e-01,8.518e-01,1.085e+00,1.826e+00,1.598e+00,2.624e+00,2.939e+00,2.571e+00,1.804e+00,2.612e+00,2.328e+00,3.201e+00,3.312e+00,3.277e+00,3.497e+00,4.325e+00,3.887e+00,3.753e+00,5.159e+00,5.978e+00,5.612e+00,5.902e+00,8.147e+00,5.438e+00,5.726e+00,6.300e+00,7.337e+00,5.201e+00,4.895e+00,4.830e+00,4.861e+00,5.192e+00,6.168e+00,5.827e+00,5.915e+00,5.195e+00,6.561e+00,6.723e+00,6.033e+00,5.390e+00,5.755e+00,6.139e+00,5.171e+00,4.726e+00,4.840e+00,6.568e+00,5.488e+00,5.065e+00,4.982e+00,5.917e+00,5.822e+00,6.545e+00,5.671e+00,6.105e+00,5.780e+00,5.651e+00,6.122e+00
2.603e-03,4.496e-02,2.382e-01,2.720e-01,1.176e+00,1.782e+00,1.918e+00,2.494e+00,2.962e+00,2.834e+00,1.552e+00,3.528e+00,3.065e+00,3.593e+00,4.228e+00,3.306e+00,4.025e+00,4.632e+00,5.739e+00,5.517e+00,6.185e+00,7.309e+00,5.405e+00,7.451e+00,9.736e+00,6.424e+00,7.036e+00,7.268e+00,8.097e+00,6.458e+00,5.005e+00,6.309e+00,6.039e+00,6.031e+00,8.327e+00,7.250e+00,6.441e+00,5.844e+00,7.079e+00,7.486e+00,6.313e+00,6.750e+00,6.727e+00,8.013e+00,5.814e+00,6.504e+00,5.914e+00,7.182e+00,6.594e+00,5.656e+00,6.272e+00,5.515e+00,5.619e+00,6.126e+00,5.808e+00,7.909e+00,6.843e+00,6.006e+00,7.399e+00
1.042e-01,8.861e-01,7.818e-01,9.389e-01,2.070e+00,2.607e+00,2.538e+00,3.029e+00,3.419e+00,3.387e+00,2.401e+00,3.834e+00,3.202e+00,4.003e+00,4.649e+00,4.188e+00,3.708e+00,4.856e+00,5.829e+00,5.508e+00,6.606e+00,7.559e+00,6.304e+00,8.418e+00,1.044e+01,7.107e+00,8.693e+00,7.181e+00,9.108e+00,7.514e+00,6.140e+00,7.088e+00,6.823e+00,6.007e+00,8.824e+00,6.651e+00,8.004e+00,6.257e+00,8.344e+00,8.315e+00,7.363e+00,7.465e+00,8.153e+00,9.369e+00,6.474e+00,7.536e+00,7.081e+00,7.299e+00,8.396e+00,7.727e+00,6.904e+00,6.731e+00,6.551e+00,7.866e+00,6.260e+00,8.365e+00,7.625e+00,6.728e+00,9.182e+00
4.150e-02,1.033e+00,5.366e-01,1.233e+00,9.670e-01,2.514e+00,2.049e+00,2.373e+00,2.245e+00,2.706e+00,2.381e+00,3.421e+00,2.583e+00,4.048e+00,5.516e+00,4.200e+00,4.484e+00,5.317e+00,5.606e+00,5.583e+00,6.925e+00,8.585e+00,6.464e+00,6.679e+00,1.040e+01,8.038e+00,7.390e+00,8.448e+00,8.547e+00,8.442e+00,6.047e+00,7.501e+00,7.425e+00,6.622e+00,8.993e+00,7.769e+00,8.563e+00,6.178e+00,8.614e+00,8.755e+00,8.473e+00,7.819e+00,7.633e+00,8.646e+00,7.619e+00,7.646e+00,7.056e+00,8.711e+00,7.306e+00,6.552e+00,8.022e+00,7.305e+00,6.709e+00,7.249e+00,7.076e+00,7.993e+00,8.775e+00,7.456e+00,7.591e+00
3.609e-02,7.620e-01,2.682e-01,8.007e-01,1.069e+00,1.643e+00,1.477e+00,2.285e+00,2.524e+00,2.857e+00,2.367e+00,3.211e+00,2.514e+00,4.100e+00,4.533e+00,4.134e+00,4.162e+00,4.807e+00,4.786e+00,4.794e+00,6.002e+00,6.856e+00,6.060e+00,6.751e+00,9.902e+00,7.304e+00,8.572e+00,8.103e+00,7.792e+00,7.944e+00,5.886e+00,7.886e+00,7.043e+00,6.558e+00,9.147e+00,7.948e+00,8.456e+00,7.313e+00,8.620e+00,8.143e+00,8.240e+00,7.422e+00,7.599e+00,8.391e+00,8.014e+00,6.531e+00,6.714e+00,8.531e+00,7.288e+00,7.390e+00,7.313e+00,7.354e+00,7.288e+00,8.000e+00,6.682e+00,8.162e+00,7.375e+00,7.105e+00,7.264e+00
2.805e-02,5.177e-01,2.030e-01,5.164e-01,1.129e+00,1.459e+00,1.592e+00,1.901e+00,2.202e+00,1.951e+00,1.998e+00,2.861e+00,2.130e+00,2.672e+00,3.801e+00,3.834e+00,3.450e+00,3.304e+00,4.081e+00,3.260e+00,4.934e+00,5.921e+00,5.277e+00,5.501e+00,7.693e+00,6.025e+00,6.103e+00,7.185e+00,6.702e+00,7.231e+00,5.173e+00,6.812e+00,5.957e+00,5.683e+00,7.649e+00,5.595e+00,7.904e+00,6.423e+00,7.196e+00,6.097e+00,6.918e+00,7.687e+00,7.389e+00,7.413e+00,5.946e+00,7.212e+00,5.466e+00,7.713e+00,7.322e+00,6.606e+00,7.468e+00,5.603e+00,6.631e+00,7.271e+00,6.560e+00,7.225e+00,7.070e+00,7.679e+00,7.193e+00
1.310e-02,7.591e-01,1.807e-01,8.515e-01,5.334e-01,1.378e+00,1.041e+00,1.224e+00,1.247e+00,1.495e+00,2.026e+00,2.533e+00,1.984e+00,2.315e+00,2.943e+00,2.327e+00,2.688e+00,2.967e+00,2.376e+00,2.524e+00,3.583e+00,4.596e+00,4.054e+00,5.542e+00,7.095e+00,4.885e+00,5.963e+00,5.334e+00,6.808e+00,6.213e+00,5.223e+00,5.001e+00,5.572e+00,4.789e+00,5.652e+00,6.297e+00,6.601e+00,4.819e+00,6.614e+00,4.787e+00,6.431e+00,6.511e+00,6.799e+00,6.581e+00,5.340e+00,6.697e+00,5.430e+00,6.425e+00,6.876e+00,6.152e+00,6.359e+00,5.403e+00,5.044e+00,6.337e+00,5.037e+00,7.019e+00,5.832e+00,5.373e+00,5.701e+00
4.757e-03,3.883e-01,1.307e-01,4.679e-01,4.430e-01,1.342e+00,1.223e+00,1.738e+00,1.758e+00,1.779e+00,1.328e+00,1.838e+00,1.625e+00,2.424e+00,4.935e+00,3.214e+00,3.369e+00,3.309e+00,4.870e+00,4.243e+00,5.978e+00,7.413e+00,4.654e+00,5.957e+00,9.083e+00,6.844e+00,6.979e+00,7.006e+00,8.047e+00,7.798e+00,5.651e+00,8.006e+00,8.275e+00,6.460e+00,9.316e+00,6.768e+00,7.310e+00,5.665e+00,8.719e+00,8.490e+00,7.405e+00,7.851e+00,7.073e+00,6.887e+00,6.305e+00,7.392e+00,7.067e+00,8.632e+00,7.854e+00,6.953e+00,7.495e+00,7.288e+00,6.454e+00,7.412e+00,6.383e+00,8.752e+00,8.734e+00,8.096e+00,8.494e+00
4.631e-03,6.884e-01,1.695e-01,8.160e-01,1.080e+00,1.610e+00,1.547e+00,1.662e+00,1.804e+00,1.677e+00,1.912e+00,2.534e+00,1.706e+00,2.494e+00,3.466e+00,3.206e+00,2.854e+00,3.336e+00,3.712e+00,3.178e+00,4.528e+00,5.689e+00,5.365e+00,6.144e+00,7.994e+00,5.748e+00,6.391e+00,6.393e+00,7.351e+00,7.397e+00,6.655e+00,6.642e+00,7.332e+00,5.940e+00,8.122e+00,7.075e+00,7.912e+00,6.602e+00,7.867e+00,7.224e+00,7.187e+00,7.228e+00,8.063e+00,8.759e+00,6.699e+00,8.032e+00,6.985e+00,8.316e+00,8.250e+00,7.939e+00,7.760e+00,6.890e+00,7.874e+00,8.178e+00,7.037e+00,8.028e+00,8.061e+00,7.020e+00,8.196e+00
8.305e-02,5.545e-01,6.323e-01,5.946e-01,1.104e+00,2.396e+00,2.197e+00,3.001e+00,2.901e+00,3.084e+00,1.439e+00,3.031e+00,2.940e+00,4.110e+00,5.575e+00,3.729e+00,4.162e+00,4.988e+00,6.247e+00,5.656e+00,6.860e+00,7.642e+00,5.880e+00,7.146e+00,1.037e+01,8.315e+00,7.680e+00,8.057e+00,9.169e+00,8.022e+00,6.365e+00,1.017e+01,8.578e+00,7.100e+00,1.068e+01,9.230e+00,9.557e+00,7.908e+00,9.847e+00,1.020e+01,9.155e+00,7.983e+00,8.522e+00,1.040e+01,8.572e+00,8.538e+00,8.338e+00,1.009e+01,8.024e+00,7.979e+00,8.636e+00,8.190e+00,8.893e+00,8.289e+00,7.122e+00,9.981e+00,9.109e+00,8.066e+00,9.087e+00
9.970e-02,1.240e+00,5.837e-01,1.130e+00,1.314e+00,2.625e+00,2.305e+00,3.411e+00,2.739e+00,3.545e+00,2.791e+00,3.799e+00,3.033e+00,4.784e+00,5.516e+00,4.912e+00,4.871e+00,5.505e+00,5.953e+00,4.931e+00,7.085e+00,8.159e+00,6.508e+00,7.194e+00,1.019e+01,7.507e+00,8.446e+00,8.027e+00,9.171e+00,9.046e+00,7.019e+00,9.485e+00,8.412e+00,8.450e+00,9.965e+00,8.448e+00,9.335e+00,8.112e+00,9.965e+00,9.990e+00,9.900e+00,9.316e+00,9.374e+00,8.964e+00,8.093e+00,9.547e+00,8.485e+00,1.050e+01,9.190e+00,7.998e+00,9.422e+00,8.738e+00,7.798e+00,8.980e+00,7.025e+00,1.063e+01,9.381e+00,1.020e+01,9.192e+00
5.229e-02,1.124e+00,2.960e-01,1.090e+00,5.880e-01,2.346e+00,1.803e+00,2.065e+00,2.465e+00,2.359e+00,2.532e+00,3.408e+00,2.650e+00,3.791e+00,4.681e+00,4.325e+00,4.202e+00,5.527e+00,5.436e+00,5.129e+00,6.207e+00,7.483e+00,6.177e+00,6.334e+00,1.003e+01,6.431e+00,7.093e+00,7.470e+00,7.875e+00,7.599e+00,6.780e+00,8.121e+00,7.243e+00,8.074e+00,1.022e+01,8.582e+00,8.612e+00,5.933e+00,8.939e+00,9.240e+00,8.814e+00,8.341e+00,8.223e+00,9.433e+00,9.023e+00,9.038e+00,8.101e+00,8.977e+00,7.955e+00,7.523e+00,8.706e+00,7.491e+00,7.588e+00,8.158e+00,7.764e+00,9.627e+00,8.751e+00,9.267e+00,8.705e+00
8.460e-02,1.152e+00,6.453e-01,1.175e+00,1.048e+00,3.011e+00,2.524e+00,2.413e+00,2.349e+00,2.246e+00,2.437e+00,3.283e+00,2.851e+00,2.825e+00,5.321e+00,4.290e+00,4.095e+00,4.980e+00,5.605e+00,4.464e+00,6.933e+00,7.127e+00,5.876e+00,7.167e+00,9.454e+00,6.507e+00,7.722e+00,7.848e+00,8.510e+00,8.278e+00,6.782e+00,9.152e+00,8.451e+00,7.703e+00,1.057e+01,9.235e+00,9.787e+00,9.553e+00,1.020e+01,1.022e+01,9.754e+00,9.784e+00,8.455e+00,1.021e+01,8.539e+00,9.451e+00,8.944e+00,1.110e+01,9.704e+00,8.878e+00,9.309e+00,9.052e+00,9.112e+00,9.834e+00,7.399e+00,1.118e+01,1.047e+01,1.060e+01,9.776e+00
1.013e-01,8.678e-01,4.040e-01,6.153e-01,5.427e-01,2.166e+00,1.774e+00,2.331e+00,2.158e+00,2.740e+00,2.253e+00,2.912e+00,2.504e+00,3.548e+00,4.415e+00,4.586e+00,3.779e+00,4.482e+00,5.558e+00,4.319e+00,5.766e+00,6.323e+00,5.674e+00,5.323e+00,8.488e+00,6.452e+00,6.173e+00,6.604e+00,7.496e+00,7.075e+00,5.889e+00,8.682e+00,6.458e+00,6.935e+00,8.897e+00,8.734e+00,8.347e+00,7.250e+00,9.288e+00,8.996e+00,8.792e+00,9.179e+00,8.470e+00,9.262e+00,7.991e+00,9.445e+00,7.352e+00,9.555e+00,8.481e+00,7.174e+00,7.862e+00,8.072e+00,7.467e+00,8.537e+00,7.192e+00,9.242e+00,7.651e+00,8.973e+00,7.918e+00
5.925e-02,4.138e-01,3.656e-01,3.543e-01,9.653e-01,1.223e+00,1.283e+00,1.876e+00,1.523e+00,1.789e+00,1.232e+00,2.415e+00,2.229e+00,2.816e+00,4.592e+00,3.021e+00,3.794e+00,3.925e+00,4.735e+00,4.264e+00,5.590e+00,6.659e+00,5.131e+00,6.038e+00,7.791e+00,5.454e+00,5.843e+00,5.726e+00,7.444e+00,7.350e+00,5.723e+00,7.625e+00,7.159e+00,7.136e+00,8.555e+00,8.562e+00,7.814e+00,7.440e+00,1.029e+01,9.862e+00,8.660e+00,9.283e+00,9.001e+00,8.913e+00,7.911e+00,9.423e+00,8.332e+00,1.038e+01,9.411e+00,7.918e+00,8.865e+00,8.803e+00,7.629e+00,8.517e+00,7.868e+00,1.027e+01,8.868e+00,9.579e+00,8.815e+00
1.046e-02,7.668e-01,2.934e-01,9.643e-01,1.190e+00,1.742e+00,1.586e+00,1.952e+00,2.295e+00,1.989e+00,1.707e+00,2.118e+00,1.541e+00,2.443e+00,3.767e+00,3.099e+00,3.233e+00,3.460e+00,3.779e+00,4.393e+00,5.410e+00,6.984e+00,5.428e+00,6.972e+00,9.419e+00,6.225e+00,7.272e+00,7.235e+00,8.042e+00,7.323e+00,6.936e+00,7.159e+00,8.537e+00,6.942e+00,9.383e+00,7.904e+00,9.755e+00,8.287e+00,1.216e+01,1.050e+01,9.533e+00,9.672e+00,1.012e+01,1.041e+01,8.618e+00,9.703e+00,8.977e+00,1.080e+01,9.632e+00,1.025e+01,9.382e+00,8.687e+00,8.274e+00,8.989e+00,9.288e+00,1.039e+01,1.003e+01,9.579e+00,9.525e+00
2.753e-03,1.652e-01,2.843e-01,4.086e-01,1.512e+00,1.624e+00,1.881e+00,2.384e+00,2.852e+00,3.124e+00,2.303e+00,4.052e+00,3.116e+00,4.055e+00,4.931e+00,4.336e+00,4.369e+00,4.608e+00,5.326e+00,4.485e+00,6.006e+00,7.475e+00,6.396e+00,7.690e+00,1.052e+01,7.379e+00,8.697e+00,7.872e+00,9.399e+00,9.587e+00,7.805e+00,9.417e+00,9.047e+00,8.385e+00,1.171e+01,1.013e+01,1.077e+01,1.027e+01,1.172e+01,1.101e+01,1.185e+01,1.169e+01,1.180e+01,1.161e+01,1.014e+01,1.243e+01,1.102e+01,1.243e+01,1.105e+01,1.126e+01,1.022e+01,1.026e+01,1.138e+01,1.123e+01,9.943e+00,1.148e+01,1.187e+01,1.191e+01,1.086e+01
1.082e-01,7.914e-01,6.143e-01,6.515e-01,7.112e-01,1.606e+00,1.248e+00,1.774e+00,1.411e+00,2.069e+00,1.767e+00,2.553e+00,2.571e+00,2.780e+00,4.011e+00,2.850e+00,3.736e+00,4.067e+00,4.790e+00,4.523e+00,5.932e+00,6.284e+00,5.158e+00,6.105e+00,7.857e+00,6.304e+00,7.165e+00,7.293e+00,8.221e+00,7.875e+00,7.035e+00,8.372e+00,7.763e+00,6.844e+00,9.348e+00,8.442e+00,1.001e+01,9.158e+00,1.027e+01,8.947e+00,1.066e+01,9.703e+00,9.791e+00,9.843e+00,8.090e+00,8.991e+00,8.954e+00,1.099e+01,9.022e+00,8.442e+00,9.338e+00,9.602e+00,8.970e+00,9.814e+00,8.438e+00,9.617e+00,9.652e+00,1.020e+01,8.984e+00
9.615e-02,1.042e+00,6.872e-01,1.019e+00,1.236e+00,2.611e+00,2.312e+00,2.332e+00,2.174e+00,2.103e+00,2.049e+00,2.902e+00,2.415e+00,2.682e+00,4.629e+00,3.964e+00,3.454e+00,3.947e+00,4.568e+00,3.557e+00,5.637e+00,6.042e+00,5.310e+00,5.618e+00,7.906e+00,6.589e+00,5.822e+00,7.705e+00,7.712e+00,7.600e+00,6.379e+00,7.810e+00,6.600e+00,6.436e+00,8.794e+00,7.820e+00,1.023e+01,8.566e+00,1.098e+01,1.025e+01,1.139e+01,1.070e+01,1.130e+01,1.108e+01,8.894e+00,1.072e+01,9.820e+00,1.204e+01,1.033e+01,9.501e+00,1.068e+01,9.828e+00,9.604e+00,1.016e+01,1.037e+01,1.118e+01,1.031e+01,1.099e+01,9.421e+00
1.129e-02,5.838e-01,3.671e-01,8.409e-01,1.563e+00,2.235e+00,2.250e+00,2.778e+00,2.826e+00,2.734e+00,1.977e+00,3.294e+00,2.616e+00,3.234e+00,5.042e+00,3.921e+00,4.182e+00,4.357e+00,5.109e+00,4.554e+00,6.034e+00,6.978e+00,6.052e+00,7.657e+00,1.005e+01,7.247e+00,8.406e+00,8.156e+00,9.117e+00,9.052e+00,6.488e+00,8.568e+00,8.001e+00,8.400e+00,1.068e+01,9.602e+00,1.019e+01,8.817e+00,1.159e+01,1.095e+01,1.170e+01,1.211e+01,1.154e+01,1.152e+01,1.011e+01,1.161e+01,1.194e+01,1.232e+01,1.148e+01,1.097e+01,1.110e+01,1.099e+01,1.108e+01,1.091e+01,1.053e+01,1.250e+01,1.149e+01,1.124e+01,9.738e+00
1.104e-01,8.038e-01,6.273e-01,6.787e-01,1.055e+00,1.912e+00,1.615e+00,2.660e+00,1.726e+00,2.534e+00,1.188e+00,2.003e+00,2.154e+00,3.133e+00,4.343e+00,2.574e+00,3.125e+00,3.502e+00,4.552e+00,4.495e+00,5.547e+00,6.553e+00,4.844e+00,6.722e+00,8.416e+00,6.614e+00,7.553e+00,6.583e+00,8.114e+00,6.856e+00,7.046e+00,8.754e+00,8.227e+00,6.207e+00,9.645e+00,8.724e+00,1.037e+01,8.590e+00,1.193e+01,1.148e+01,1.124e+01,1.056e+01,1.180e+01,1.174e+01,1.044e+01,1.157e+01,1.216e+01,1.301e+01,1.182e+01,9.870e+00,1.014e+01,1.199e+01,1.197e+01,1.177e+01,9.960e+00,1.201e+01,1.173e+01,1.091e+01,1.063e+01
4.696e-02,7.057e-01,3.788e-01,7.474e-01,9.602e-01,1.532e+00,1.361e+00,1.582e+00,2.426e+00,1.740e+00,1.641e+00,2.068e+00,1.766e+00,2.202e+00,3.856e+00,3.100e+00,2.436e+00,3.433e+00,4.400e+00,3.946e+00,5.512e+00,6.985e+00,4.721e+00,6.792e+00,8.410e+00,6.113e+00,7.058e+00,7.714e+00,9.028e+00,6.680e+00,6.316e+00,7.948e+00,8.095e+00,6.715e+00,9.700e+00,7.816e+00,9.883e+00,7.989e+00,1.172e+01,1.086e+01,1.047e+01,1.112e+01,1.227e+01,1.200e+01,1.140e+01,1.212e+01,1.149e+01,1.369e+01,1.204e+01,1.135e+01,1.108e+01,1.140e+01,1.220e+01,1.239e+01,9.689e+00,1.272e+01,1.163e+01,1.095e+01,9.334e+00
9.849e-02,1.235e+00,7.405e-01,1.245e+00,8.768e-01,3.103e+00,2.470e+00,2.011e+00,1.537e+00,1.961e+00,2.118e+00,2.822e+00,2.199e+00,2.748e+00,5.004e+00,3.744e+00,3.248e+00,4.294e+00,4.553e+00,4.414e+00,5.796e+00,7.011e+00,5.034e+00,6.573e+00,9.102e+00,6.225e+00,6.854e+00,7.120e+00,7.313e+00,7.107e+00,6.398e+00,8.198e+00,7.893e+00,6.564e+00,8.747e+00,7.457e+00,9.059e+00,6.321e+00,1.046e+01,1.010e+01,9.773e+00,9.652e+00,1.020e+01,1.207e+01,1.124e+01,1.250e+01,1.139e+01,1.303e+01,1.113e+01,1.010e+01,1.166e+01,9.837e+00,9.983e+00,1.096e+01,9.894e+00,1.153e+01,1.162e+01,9.714e+00,1.020e+01
1.539e-02,6.567e-01,1.799e-01,7.287e-01,1.169e+00,1.179e+00,1.198e+00,2.403e+00,2.437e+00,2.413e+00,1.756e+00,2.042e+00,1.737e+00,2.906e+00,4.320e+00,3.302e+00,3.820e+00,3.163e+00,4.553e+00,3.839e+00,5.368e+00,6.076e+00,4.903e+00,6.272e+00,7.808e+00,6.031e+00,6.430e+00,6.669e+00,8.505e+00,7.616e+00,6.256e+00,8.403e+00,8.014e+00,7.749e+00,9.711e+00,7.768e+00,8.727e+00,8.142e+00,1.152e+01,1.070e+01,1.064e+01,1.128e+01,1.116e+01,1.085e+01,9.707e+00,1.306e+01,1.340e+01,1.354e+01,1.212e+01,1.148e+01,1.070e+01,1.072e+01,1.106e+01,1.171e+01,1.028e+01,1.332e+01,1.152e+01,1.186e+01,1.011e+01
9.775e-02,9.687e-01,3.982e-01,7.178e-01,5.699e-01,2.021e+00,1.637e+00,1.985e+00,1.684e+00,1.877e+00,1.952e+00,2.572e+00,2.354e+00,2.904e+00,5.060e+00,3.953e+00,3.334e+00,3.683e+00,4.342e+00,3.322e+00,5.332e+00,5.728e+00,5.281e+00,5.396e+00,8.273e+00,6.357e+00,6.538e+00,7.344e+00,6.948e+00,7.303e+00,6.033e+00,8.594e+00,7.520e+00,6.408e+00,8.880e+00,7.489e+00,8.471e+00,7.468e+00,9.685e+00,8.601e+00,1.015e+01,1.050e+01,1.067e+01,9.782e+00,9.389e+00,1.125e+01,1.156e+01,1.454e+01,1.067e+01,1.040e+01,9.850e+00,9.708e+00,1.134e+01,1.178e+01,9.904e+00,1.175e+01,1.139e+01,1.044e+01,1.012e+01
4.081e-02,3.908e-01,2.191e-01,3.694e-01,1.296e+00,2.004e+00,2.113e+00,3.304e+00,2.790e+00,3.628e+00,1.958e+00,3.158e+00,2.465e+00,4.260e+00,4.833e+00,4.474e+00,3.962e+00,3.696e+00,5.952e+00,4.989e+00,6.038e+00,7.149e+00,5.962e+00,6.969e+00,1.039e+01,8.122e+00,8.128e+00,7.611e+00,7.952e+00,8.184e+00,6.323e+00,8.973e+00,7.984e+00,8.020e+00,1.133e+01,9.313e+00,9.186e+00,7.887e+00,1.187e+01,1.231e+01,1.229e+01,1.259e+01,1.244e+01,1.275e+01,1.057e+01,1.434e+01,1.457e+01,1.473e+01,1.444e+01,1.300e+01,1.183e+01,1.193e+01,1.252e+01,1.260e+01,1.223e+01,1.413e+01,1.371e+01,1.320e+01,1.240e+01
3.993e-02,9.137e-01,3.075e-01,9.758e-01,9.966e-01,2.530e+00,2.172e+00,2.958e+00,3.233e+00,3.415e+00,2.762e+00,3.813e+00,3.143e+00,4.429e+00,5.543e+00,5.081e+00,4.841e+00,5.818e+00,6.126e+00,4.861e+00,6.821e+00,8.266e+00,6.251e+00,7.887e+00,1.044e+01,7.292e+00,7.099e+00,8.046e+00,1.017e+01,8.516e+00,7.720e+00,9.468e+00,8.937e+00,8.108e+00,1.028e+01,9.790e+00,9.042e+00,9.255e+00,1.256e+01,1.178e+01,1.190e+01,1.304e+01,1.239e+01,1.414e+01,1.253e+01,1.464e+01,1.369e+01,1.576e+01,1.458e+01,1.289e+01,1.182e+01,1.316e+01,1.295e+01,1.497e+01,1.259e+01,1.505e+01,1.271e+01,1.425e+01,1.321e+01
1.068e-01,6.914e-01,4.939e-01,4.690e-01,9.432e-01,1.560e+00,1.417e+00,2.347e+00,2.411e+00,2.859e+00,2.086e+00,2.607e+00,2.478e+00,3.194e+00,4.444e+00,4.080e+00,3.518e+00,3.492e+00,4.591e+00,3.894e+00,5.353e+00,6.148e+00,4.533e+00,5.771e+00,7.768e+00,5.615e+00,5.899e+00,6.521e+00,7.151e+00,5.492e+00,5.436e+00,6.630e+00,5.792e+00,6.445e+00,8.273e+00,6.659e+00,7.137e+00,6.332e+00,8.663e+00,8.302e+00,8.697e+00,9.474e+00,9.115e+00,9.491e+00,9.049e+00,1.098e+01,1.022e+01,1.095e+01,1.087e+01,9.793e+00,8.968e+00,9.393e+00,9.889e+00,1.250e+01,1.098e+01,1.221e+01,9.541e+00,1.078e+01,1.060e+01
1.163e-01,1.408e+00,5.545e-01,1.195e+00,5.957e-01,2.891e+00,2.145e+00,2.851e+00,2.210e+00,2.704e+00,2.205e+00,2.671e+00,2.401e+00,3.526e+00,4.874e+00,3.900e+00,3.783e+00,4.054e+00,4.991e+00,4.879e+00,5.705e+00,6.773e+00,5.560e+00,5.497e+00,8.983e+00,6.655e+00,6.877e+00,7.302e+00,7.640e+00,7.432e+00,6.926e+00,8.201e+00,7.062e+00,7.655e+00,1.038e+01,9.169e+00,1.072e+01,7.300e+00,1.205e+01,1.141e+01,1.241e+01,1.310e+01,1.152e+01,1.321e+01,1.190e+01,1.328e+01,1.354e+01,1.464e+01,1.313e+01,1.148e+01,1.334e+01,1.400e+01,1.366e+01,1.461e+01,1.353e+01,1.499e+01,1.366e+01,1.466e+01,1.266e+01
1.393e-02,8.403e-01,3.978e-01,1.101e+00,1.162e+00,2.122e+00,1.867e+00,2.478e+00,2.350e+00,2.731e+00,2.178e+00,3.250e+00,2.376e+00,3.765e+00,4.695e+00,3.785e+00,4.003e+00,4.866e+00,4.693e+00,4.222e+00,6.262e+00,7.300e+00,5.379e+00,6.377e+00,9.792e+00,7.039e+00,8.317e+00,7.948e+00,7.893e+00,7.829e+00,6.475e+00,8.044e+00,8.031e+00,6.951e+00,9.304e+00,7.356e+00,9.628e+00,7.744e+00,9.917e+00,9.893e+00,1.025e+01,9.150e+00,1.074e+01,9.979e+00,9.569e+00,1.180e+01,1.104e+01,1.342e+01,1.214e+01,1.084e+01,1.152e+01,1.132e+01,1.125e+01,1.317e+01,1.128e+01,1.313e+01,1.431e+01,1.412e+01,1.211e+01
3.668e-02,5.697e-01,1.992e-01,5.486e-01,1.117e+00,1.656e+00,1.657e+00,2.590e+00,2.460e+00,2.809e+00,1.830e+00,2.849e+00,2.156e+00,3.847e+00,4.214e+00,3.887e+00,3.473e+00,3.744e+00,4.613e+00,4.359e+00,4.996e+00,6.540e+00,5.941e+00,6.321e+00,9.536e+00,7.410e+00,8.097e+00,7.794e+00,8.132e+00,8.557e+00,7.193e+00,8.877e+00,7.864e+00,7.435e+00,1.069e+01,9.903e+00,1.095e+01,9.141e+00,1.259e+01,1.152e+01,1.221e+01,1.210e+01,1.273e+01,1.304e+01,1.195e+01,1.367e+01,1.341e+01,1.399e+01,1.335e+01,1.255e+01,1.234e+01,1.369e+01,1.495e+01,1.403e+01,1.304e+01,1.468e+01,1.391e+01,1.361e+01,1.204e+01
1.100e-01,1.217e+00,4.837e-01,9.980e-01,1.171e+00,2.465e+00,2.084e+00,2.828e+00,2.408e+00,2.765e+00,2.396e+00,3.404e+00,2.870e+00,4.075e+00,3.801e+00,3.718e+00,3.568e+00,4.423e+00,4.720e+00,3.870e+00,5.229e+00,5.493e+00,5.872e+00,5.871e+00,8.191e+00,6.019e+00,6.799e+00,6.495e+00,8.202e+00,7.579e+00,7.314e+00,7.786e+00,6.063e+00,6.558e+00,8.850e+00,8.484e+00,8.310e+00,7.195e+00,1.032e+01,9.219e+00,1.075e+01,1.083e+01,1.134e+01,1.268e+01,1.056e+01,1.132e+01,1.183e+01,1.302e+01,1.273e+01,1.076e+01,9.885e+00,1.228e+01,1.233e+01,1.326e+01,1.114e+01,1.389e+01,1.160e+01,1.318e+01,1.315e+01
1.069e-01,7.799e-01,6.656e-01,6.758e-01,1.164e+00,1.773e+00,1.607e+00,1.879e+00,1.681e+00,1.886e+00,1.651e+00,2.392e+00,2.271e+00,2.293e+00,4.538e+00,3.339e+00,3.530e+00,3.455e+00,4.628e+00,3.833e+00,5.107e+00,5.659e+00,5.159e+00,6.652e+00,7.822e+00,6.010e+00,5.952e+00,5.691e+00,7.517e+00,7.514e+00,6.356e+00,8.189e+00,7.702e+00,6.894e+00,8.411e+00,7.865e+00,8.989e+00,8.037e+00,1.123e+01,9.370e+00,1.091e+01,1.089e+01,1.126e+01,1.156e+01,1.025e+01,1.388e+01,1.408e+01,1.362e+01,1.256e+01,1.173e+01,1.297e+01,1.218e+01,1.286e+01,1.365e+01,1.316e+01,1.470e+01,1.446e+01,1.404e+01,1.283e+01
1.031e-01,1.224e+00,5.757e-01,1.088e+00,6.033e-01,2.210e+00,1.582e+00,2.217e+00,2.027e+00,2.529e+00,2.476e+00,2.639e+00,2.507e+00,2.968e+00,4.365e+00,3.300e+00,3.840e+00,3.745e+00,4.203e+00,4.376e+00,5.457e+00,6.343e+00,4.785e+00,5.591e+00,7.560e+00,5.425e+00,6.207e+00,6.554e+00,7.867e+00,7.244e+00,6.624e+00,7.710e+00,6.772e+00,6.426e+00,8.183e+00,8.380e+00,9.191e+00,7.596e+00,1.140e+01,9.557e+00,1.128e+01,1.135e+01,1.069e+01,1.072e+01,1.035e+01,1.152e+01,1.140e+01,1.287e+01,1.164e+01,1.083e+01,1.106e+01,1.158e+01,1.177e+01,1.230e+01,1.177e+01,1.408e+01,1.271e+01,1.472e+01,1.169e+01
1.891e-02,9.461e-01,1.070e-01,9.704e-01,1.234e+00,2.195e+00,2.040e+00,2.469e+00,2.690e+00,2.152e+00,1.929e+00,2.350e+00,1.488e+00,2.717e+00,2.988e+00,4.239e+00,2.869e+00,3.860e+00,4.680e+00,3.650e+00,5.212e+00,5.889e+00,5.921e+00,5.553e+00,7.700e+00,6.050e+00,5.274e+00,6.969e+00,6.657e+00,6.167e+00,5.793e+00,6.478e+00,5.802e+00,5.937e+00,8.315e+00,7.425e+00,7.440e+00,7.399e+00,9.490e+00,1.066e+01,9.487e+00,9.879e+00,9.871e+00,1.163e+01,9.320e+00,1.134e+01,1.171e+01,1.295e+01,1.237e+01,1.080e+01,1.100e+01,1.118e+01,1.158e+01,1.302e+01,1.167e+01,1.362e+01,1.431e+01,1.256e+01,1.236e+01
4.742e-02,3.555e-01,5.758e-01,5.732e-01,1.403e+00,2.581e+00,2.525e+00,2.710e+00,2.370e+00,2.608e+00,1.103e+00,2.844e+00,2.384e+00,3.131e+00,4.138e+00,3.000e+00,2.955e+00,3.739e+00,5.202e+00,4.789e+00,5.385e+00,6.954e+00,5.145e+00,7.136e+00,8.862e+00,7.088e+00,7.252e+00,8.109e+00,9.375e+00,7.971e+00,7.219e+00,9.184e+00,7.791e+00,6.865e+00,1.048e+01,9.050e+00,1.021e+01,9.075e+00,1.195e+01,1.097e+01,1.064e+01,1.144e+01,1.103e+01,1.358e+01,1.058e+01,1.259e+01,1.257e+01,1.352e+01,1.371e+01,1.233e+01,1.240e+01,1.307e+01,1.308e+01,1.396e+01,1.237e+01,1.590e+01,1.411e+01,1.405e+01,1.286e+01
1.031e-01,8.348e-01,7.733e-01,8.391e-01,1.601e+00,2.263e+00,2.196e+00,2.744e+00,2.574e+00,2.637e+00,1.931e+00,3.291e+00,2.954e+00,3.564e+00,4.743e+00,2.944e+00,3.375e+00,3.817e+00,4.675e+00,4.205e+00,5.695e+00,6.299e+00,5.307e+00,6.887e+00,8.594e+00,6.744e+00,6.799e+00,7.277e+00,8.342e+00,6.985e+00,5.329e+00,6.684e+00,6.289e+00,5.967e+00,8.322e+00,8.305e+00,8.963e+00,7.123e+00,8.814e+00,8.842e+00,7.676e+00,8.112e+00,9.682e+00,1.064e+01,9.104e+00,1.127e+01,1.108e+01,1.150e+01,1.268e+01,9.526e+00,9.596e+00,1.078e+01,1.224e+01,1.233e+01,9.964e+00,1.438e+01,1.122e+01,1.153e+01,1.262e+01
