9.156e-01,8.750e-01,3.613e-01,1.310e-01,2.059e-01,3.370e-01,8.100e-01,6.462e-02,9.256e-01,9.274e-01,8.549e-01,9.483e-01,1.702e-01,6.116e-01,4.236e-01,3.591e-01,7.261e-01,6.066e-01,7.399e-01,8.021e-01,5.618e-03,2.578e-01,4.560e-01,7.749e-02,3.686e-01,4.478e-02,6.005e-02,7.473e-01,6.332e-01,6.245e-01,9.373e-01,2.946e-01,4.557e-01
6.148e-02,7.352e-01,5.783e-01,1.389e-01,7.019e-01,7.163e-01,4.498e-01,6.525e-02,1.725e-01,2.852e-01,1.503e-01,5.942e-01,8.407e-01,2.718e-01,4.305e-01,1.285e-01,1.028e-01,9.913e-01,6.498e-02,4.726e-01,8.992e-01,6.206e-01,1.188e-01,3.302e-01,4.984e-01,5.311e-01,1.329e-01,9.664e-01,1.535e-01,2.641e-01,5.271e-01,8.897e-01,6.866e-01
8.902e-01,1.021e+00,9.797e-01,6.439e-01,1.356e+00,6.443e-01,1.452e+00,4.227e-01,1.854e+00,1.893e+00,1.854e+00,1.687e+00,7.289e-01,1.144e+00,8.773e-01,5.522e-01,1.320e+00,9.156e-01,1.340e+00,1.582e+00,5.845e-01,1.108e+00,5.506e-01,7.893e-01,1.397e+00,2.895e-01,4.274e-01,1.387e+00,1.365e+00,1.488e+00,1.643e+00,1.179e+00,1.603e+00
6.904e-01,1.004e+00,8.581e-01,7.159e-01,1.842e+00,8.055e-01,1.474e+00,1.161e+00,2.292e+00,1.794e+00,2.295e+00,1.688e+00,1.486e+00,1.036e+00,1.145e+00,6.250e-01,1.471e+00,1.239e+00,1.123e+00,1.275e+00,7.770e-01,1.788e+00,4.725e-01,1.293e+00,1.563e+00,5.656e-01,1.153e+00,2.089e+00,1.585e+00,1.619e+00,2.201e+00,1.185e+00,1.401e+00
4.285e-01,1.033e+00,1.034e+00,5.829e-01,2.555e+00,1.531e+00,2.050e+00,8.596e-01,2.301e+00,1.628e+00,1.454e+00,2.390e+00,1.669e+00,1.113e+00,9.844e-01,7.727e-01,1.115e+00,2.130e+00,1.683e+00,2.264e+00,1.244e+00,1.467e+00,8.922e-01,1.382e+00,2.214e+00,1.045e+00,9.097e-01,2.231e+00,1.851e+00,1.799e+00,1.758e+00,2.026e+00,1.882e+00
5.082e-01,6.991e-01,3.996e-01,1.926e-01,6.578e-01,1.311e+00,1.668e+00,5.638e-01,1.337e+00,1.175e+00,1.747e+00,1.538e+00,8.376e-01,8.393e-01,1.169e+00,1.067e+00,1.548e+00,1.763e+00,1.476e+00,9.667e-01,1.282e+00,1.533e+00,5.512e-01,1.068e+00,6.991e-01,1.288e+00,7.799e-01,1.696e+00,1.319e+00,1.052e+00,1.713e+00,1.538e+00,6.290e-01
3.591e-01,5.828e-01,4.520e-01,3.596e-01,1.297e+00,1.373e+00,2.079e+00,1.267e+00,2.562e+00,1.571e+00,2.857e+00,1.951e+00,1.394e+00,1.655e+00,1.800e+00,1.467e+00,2.085e+00,2.291e+00,1.742e+00,1.997e+00,1.701e+00,2.191e+00,1.138e+00,1.548e+00,1.346e+00,1.459e+00,1.922e+00,2.344e+00,2.141e+00,1.739e+00,2.808e+00,1.904e+00,1.060e+00
1.086e-01,6.792e-01,5.865e-01,3.754e-01,1.797e+00,1.465e+00,1.778e+00,1.920e+00,2.754e+00,1.274e+00,2.006e+00,2.019e+00,2.051e+00,1.277e+00,1.589e+00,1.151e+00,1.615e+00,2.502e+00,1.645e+00,2.432e+00,2.179e+00,2.938e+00,1.536e+00,1.813e+00,1.923e+00,2.056e+00,2.101e+00,2.927e+00,2.149e+00,2.131e+00,2.267e+00,2.202e+00,1.869e+00
5.880e-01,1.198e+00,7.581e-01,2.738e-01,1.422e+00,1.870e+00,2.283e+00,1.513e+00,2.800e+00,2.343e+00,2.730e+00,3.403e+00,2.855e+00,2.007e+00,2.437e+00,2.451e+00,2.978e+00,3.621e+00,2.212e+00,2.889e+00,3.057e+00,3.389e+00,2.305e+00,2.044e+00,2.460e+00,2.657e+00,2.123e+00,3.436e+00,2.949e+00,2.908e+00,3.122e+00,2.940e+00,2.448e+00
7.475e-02,5.707e-01,8.231e-01,7.376e-01,2.211e+00,1.088e+00,1.553e+00,1.649e+00,2.527e+00,2.572e+00,3.060e+00,2.739e+00,2.659e+00,2.060e+00,1.944e+00,1.396e+00,2.209e+00,2.150e+00,1.370e+00,1.746e+00,2.130e+00,3.402e+00,1.514e+00,2.201e+00,2.380e+00,2.337e+00,2.403e+00,3.133e+00,2.807e+00,2.919e+00,2.430e+00,2.254e+00,2.672e+00
4.726e-01,5.488e-01,7.134e-01,7.698e-01,2.670e+00,1.507e+00,2.777e+00,1.985e+00,4.070e+00,3.088e+00,4.740e+00,4.031e+00,3.347e+00,2.956e+00,2.785e+00,2.326e+00,3.645e+00,3.431e+00,3.474e+00,3.157e+00,2.468e+00,3.642e+00,2.560e+00,2.524e+00,3.145e+00,3.099e+00,3.533e+00,3.893e+00,4.351e+00,4.296e+00,4.246e+00,2.858e+00,2.996e+00
1.047e-01,3.972e-01,6.323e-01,4.239e-01,1.657e+00,1.145e+00,1.571e+00,1.290e+00,2.198e+00,1.750e+00,1.815e+00,3.302e+00,1.944e+00,2.451e+00,2.246e+00,1.821e+00,1.654e+00,2.306e+00,2.490e+00,2.589e+00,2.350e+00,3.130e+00,1.733e+00,2.478e+00,2.433e+00,2.925e+00,2.020e+00,3.028e+00,2.732e+00,3.157e+00,2.378e+00,2.607e+00,2.974e+00
1.121e-01,5.411e-01,4.663e-01,3.679e-01,1.334e+00,1.313e+00,1.612e+00,1.477e+00,2.147e+00,1.564e+00,2.551e+00,2.118e+00,2.728e+00,2.351e+00,1.936e+00,1.831e+00,2.640e+00,2.494e+00,1.721e+00,2.329e+00,2.231e+00,3.673e+00,2.167e+00,2.243e+00,2.078e+00,2.710e+00,2.991e+00,2.972e+00,3.165e+00,2.449e+00,2.698e+00,2.526e+00,2.484e+00
8.679e-01,1.186e+00,1.008e+00,6.566e-01,1.957e+00,1.093e+00,2.025e+00,1.178e+00,2.971e+00,2.533e+00,3.004e+00,2.919e+00,2.543e+00,3.957e+00,2.044e+00,1.796e+00,3.497e+00,3.071e+00,2.795e+00,3.905e+00,2.025e+00,3.709e+00,3.220e+00,2.239e+00,3.476e+00,2.501e+00,3.100e+00,3.424e+00,4.349e+00,3.819e+00,3.599e+00,3.053e+00,3.419e+00
2.434e-01,7.207e-01,9.517e-01,7.515e-01,2.618e+00,1.751e+00,2.650e+00,1.665e+00,3.445e+00,2.454e+00,3.899e+00,3.435e+00,2.954e+00,2.960e+00,2.773e+00,2.244e+00,3.734e+00,4.157e+00,3.664e+00,3.714e+00,2.843e+00,4.408e+00,2.304e+00,3.030e+00,3.944e+00,3.682e+00,3.581e+00,3.725e+00,4.582e+00,4.232e+00,4.475e+00,4.113e+00,3.103e+00
3.654e-01,4.775e-01,4.304e-01,3.672e-01,1.606e+00,9.645e-01,1.582e+00,1.251e+00,2.429e+00,2.413e+00,2.819e+00,3.989e+00,3.447e+00,3.246e+00,2.662e+00,3.393e+00,4.017e+00,4.217e+00,4.110e+00,3.856e+00,3.038e+00,4.569e+00,3.196e+00,3.400e+00,3.960e+00,4.472e+00,4.193e+00,3.520e+00,4.935e+00,5.162e+00,4.381e+00,4.092e+00,3.788e+00
7.719e-03,6.291e-01,5.197e-01,3.396e-01,2.203e+00,1.626e+00,1.977e+00,1.707e+00,2.797e+00,1.824e+00,2.762e+00,3.728e+00,3.704e+00,2.939e+00,2.818e+00,3.081e+00,4.329e+00,5.293e+00,4.009e+00,4.454e+00,3.476e+00,5.245e+00,3.626e+00,3.751e+00,3.896e+00,4.209e+00,4.185e+00,4.876e+00,5.257e+00,4.889e+00,4.987e+00,4.903e+00,3.322e+00
1.951e-01,7.976e-01,9.957e-01,7.473e-01,2.620e+00,1.698e+00,2.462e+00,1.644e+00,3.324e+00,2.840e+00,4.113e+00,4.356e+00,4.050e+00,3.570e+00,3.494e+00,3.280e+00,4.794e+00,5.234e+00,4.773e+00,4.457e+00,4.581e+00,6.285e+00,3.792e+00,4.479e+00,5.448e+00,4.880e+00,4.506e+00,4.727e+00,6.366e+00,5.778e+00,5.591e+00,5.918e+00,4.762e+00
7.390e-01,1.303e+00,1.088e+00,7.740e-01,2.622e+00,1.522e+00,2.259e+00,1.435e+00,2.996e+00,2.520e+00,3.145e+00,3.508e+00,2.971e+00,2.641e+00,2.367e+00,2.224e+00,3.836e+00,4.425e+00,5.044e+00,4.561e+00,3.673e+00,5.490e+00,3.719e+00,4.015e+00,4.495e+00,4.257e+00,3.718e+00,4.789e+00,5.726e+00,5.016e+00,5.632e+00,5.452e+00,3.953e+00
7.894e-01,8.374e-01,3.887e-01,3.759e-01,1.711e+00,1.364e+00,2.269e+00,1.429e+00,2.984e+00,2.272e+00,3.585e+00,3.580e+00,2.812e+00,3.032e+00,2.514e+00,2.375e+00,3.647e+00,4.080e+00,4.628e+00,3.577e+00,3.849e+00,5.155e+00,4.344e+00,3.452e+00,4.424e+00,4.725e+00,4.420e+00,4.606e+00,6.011e+00,5.547e+00,4.843e+00,4.591e+00,3.193e+00
1.026e-01,6.164e-01,8.546e-01,7.432e-01,2.737e+00,1.640e+00,2.389e+00,2.337e+00,3.796e+00,2.982e+00,4.258e+00,4.336e+00,4.113e+00,3.453e+00,3.270e+00,2.811e+00,4.676e+00,4.998e+00,4.595e+00,4.650e+00,4.749e+00,6.821e+00,5.117e+00,4.365e+00,5.144e+00,5.815e+00,5.088e+00,5.672e+00,6.240e+00,6.832e+00,5.857e+00,5.986e+00,4.668e+00
4.730e-01,7.575e-01,5.510e-01,4.353e-01,1.953e+00,1.318e+00,2.093e+00,1.911e+00,3.413e+00,2.197e+00,2.905e+00,3.586e+00,2.871e+00,3.315e+00,2.754e+00,2.919e+00,3.715e+00,4.128e+00,4.339e+00,4.864e+00,4.900e+00,5.977e+00,5.764e+00,4.891e+00,6.250e+00,5.497e+00,4.687e+00,5.381e+00,6.403e+00,6.481e+00,6.295e+00,5.770e+00,4.239e+00
3.011e-01,7.272e-01,7.336e-01,4.104e-01,1.358e+00,8.687e-01,1.219e+00,8.980e-01,1.791e+00,1.348e+00,1.880e+00,2.039e+00,2.501e+00,2.656e+00,1.616e+00,1.797e+00,3.310e+00,3.595e+00,4.379e+00,4.526e+00,4.290e+00,5.536e+00,5.409e+00,3.515e+00,5.662e+00,5.199e+00,5.066e+00,4.109e+00,5.975e+00,5.747e+00,5.024e+00,5.859e+00,5.017e+00
8.975e-01,1.022e+00,6.137e-01,4.610e-01,1.392e+00,8.099e-01,1.752e+00,1.759e+00,3.376e+00,2.800e+00,3.691e+00,3.739e+00,3.099e+00,3.623e+00,2.876e+00,3.040e+00,4.856e+00,4.623e+00,4.609e+00,5.013e+00,3.841e+00,5.775e+00,5.357e+00,4.442e+00,5.939e+00,5.963e+00,5.113e+00,5.969e+00,6.587e+00,7.056e+00,6.973e+00,5.898e+00,4.745e+00
5.181e-01,6.696e-01,5.448e-01,3.971e-01,1.824e+00,1.448e+00,2.305e+00,1.344e+00,3.001e+00,2.771e+00,3.418e+00,4.492e+00,3.158e+00,4.575e+00,3.248e+00,3.808e+00,5.667e+00,5.951e+00,6.503e+00,6.241e+00,5.903e+00,7.863e+00,7.561e+00,6.552e+00,8.965e+00,8.362e+00,6.598e+00,8.201e+00,9.550e+00,9.562e+00,8.351e+00,9.364e+00,6.289e+00
1.612e-01,4.434e-01,4.040e-01,2.924e-01,1.732e+00,1.342e+00,1.781e+00,1.049e+00,2.092e+00,2.058e+00,2.319e+00,3.582e+00,2.745e+00,3.448e+00,2.474e+00,2.686e+00,3.575e+00,4.091e+00,3.771e+00,3.728e+00,3.898e+00,5.270e+00,4.580e+00,4.168e+00,5.972e+00,5.989e+00,5.355e+00,5.464e+00,6.881e+00,6.585e+00,5.283e+00,6.723e+00,4.356e+00
8.016e-01,1.359e+00,9.812e-01,4.511e-01,1.948e+00,2.102e+00,2.754e+00,1.586e+00,3.234e+00,2.741e+00,3.207e+00,4.722e+00,3.647e+00,4.066e+00,3.397e+00,3.549e+00,4.557e+00,5.384e+00,5.345e+00,5.164e+00,5.538e+00,6.963e+00,5.802e+00,5.724e+00,8.588e+00,7.874e+00,6.575e+00,7.518e+00,8.121e+00,8.519e+00,7.775e+00,8.309e+00,7.750e+00
2.301e-01,7.651e-01,7.819e-01,4.762e-01,1.435e+00,1.324e+00,1.643e+00,1.458e+00,2.315e+00,2.694e+00,3.442e+00,4.138e+00,3.845e+00,3.998e+00,3.437e+00,3.407e+00,5.006e+00,5.213e+00,5.172e+00,4.459e+00,6.384e+00,7.636e+00,6.312e+00,5.466e+00,7.125e+00,7.791e+00,5.692e+00,6.475e+00,8.109e+00,8.745e+00,7.224e+00,8.530e+00,6.632e+00
9.007e-01,1.179e+00,1.096e+00,8.587e-01,2.542e+00,1.359e+00,2.490e+00,1.891e+00,3.863e+00,3.090e+00,3.884e+00,4.317e+00,3.490e+00,4.035e+00,3.099e+00,2.700e+00,4.373e+00,4.264e+00,4.814e+00,4.963e+00,4.338e+00,7.074e+00,5.458e+00,5.435e+00,8.063e+00,6.553e+00,6.374e+00,6.580e+00,9.271e+00,8.277e+00,6.999e+00,7.149e+00,8.302e+00
1.844e-01,4.142e-01,7.021e-01,5.862e-01,2.176e+00,1.030e+00,1.768e+00,1.162e+00,2.547e+00,2.101e+00,2.802e+00,3.735e+00,2.699e+00,3.349e+00,2.589e+00,2.259e+00,2.881e+00,3.393e+00,4.176e+00,3.683e+00,3.621e+00,4.742e+00,4.101e+00,4.126e+00,5.847e+00,5.535e+00,5.670e+00,5.493e+00,7.644e+00,7.584e+00,7.088e+00,7.386e+00,8.148e+00
8.221e-01,1.053e+00,6.161e-01,4.508e-01,1.568e+00,1.565e+00,2.333e+00,1.762e+00,3.159e+00,2.379e+00,3.314e+00,3.619e+00,2.792e+00,3.087e+00,2.833e+00,2.818e+00,4.634e+00,4.765e+00,4.923e+00,4.256e+00,4.547e+00,6.384e+00,5.060e+00,4.879e+00,6.914e+00,6.257e+00,6.078e+00,7.179e+00,8.013e+00,8.167e+00,8.160e+00,8.553e+00,7.604e+00
5.026e-01,8.863e-01,9.311e-01,6.119e-01,1.646e+00,1.018e+00,1.736e+00,9.813e-01,2.422e+00,2.552e+00,3.319e+00,3.219e+00,2.909e+00,4.157e+00,2.623e+00,2.839e+00,4.849e+00,4.631e+00,4.849e+00,5.211e+00,4.507e+00,6.313e+00,5.598e+00,4.819e+00,6.875e+00,6.525e+00,6.999e+00,7.373e+00,8.707e+00,8.478e+00,8.270e+00,8.837e+00,7.909e+00
5.605e-01,9.587e-01,8.899e-01,7.218e-01,2.209e+00,1.545e+00,2.322e+00,1.835e+00,3.242e+00,2.674e+00,3.449e+00,3.694e+00,3.092e+00,4.025e+00,2.952e+00,3.076e+00,4.957e+00,4.901e+00,5.778e+00,5.557e+00,5.318e+00,7.591e+00,6.051e+00,6.239e+00,7.622e+00,6.965e+00,6.965e+00,7.602e+00,9.148e+00,8.455e+00,9.500e+00,9.395e+00,9.129e+00
